0.093353
0.093356
0.093360
0.093363
0.093366
0.093369
0.093372
0.093375
0.093379
0.093382
0.093385
0.093388
0.093391
0.093394
0.093398
0.093401
0.093404
0.093407
0.093410
0.093413
0.093416
0.093420
0.093423
0.093426
0.093429
0.093432
0.093435
0.093439
0.093442
0.093445
0.093448
0.093451
0.093454
0.093457
0.093461
0.093464
0.093467
0.093470
0.093473
0.093476
0.093480
0.093483
0.093486
0.093489
0.093492
0.093495
0.093499
0.093502
0.093505
0.093508
0.093511
0.093514
0.093517
0.093521
0.093524
0.093527
0.093530
0.093533
0.093536
0.093540
0.093543
0.093546
0.093549
0.093552
0.093555
0.093559
0.093562
0.093565
0.093568
0.093571
0.093574
0.093578
0.093581
0.093584
0.093587
0.093590
0.093593
0.093597
0.093600
0.093603
0.093606
0.093609
0.093612
0.093615
0.093619
0.093622
0.093625
0.093628
0.093631
0.093634
0.093638
0.093641
0.093644
0.093647
0.093650
0.093653
0.093657
0.093660
0.093663
0.093666
0.093669
0.093672
0.093676
0.093679
0.093682
0.093685
0.093688
0.093691
0.093695
0.093698
0.093701
0.093704
0.093707
0.093710
0.093714
0.093717
0.093720
0.093723
0.093726
0.093729
0.093733
0.093736
0.093739
0.093742
0.093745
0.093748
0.093752
0.093755
0.093758
0.093761
0.093764
0.093767
0.093771
0.093774
0.093777
0.093780
0.093783
0.093786
0.093790
0.093793
0.093796
0.093799
0.093802
0.093805
0.093809
0.093812
0.093815
0.093818
0.093821
0.093824
0.093828
0.093831
0.093834
0.093837
0.093840
0.093843
0.093847
0.093850
0.093853
0.093856
0.093859
0.093862
0.093866
0.093869
0.093872
0.093875
0.093878
0.093881
0.093885
0.093888
0.093891
0.093894
0.093897
0.093901
0.093904
0.093907
0.093910
0.093913
0.093916
0.093920
0.093923
0.093926
0.093929
0.093932
0.093935
0.093939
0.093942
0.093945
0.093948
0.093951
0.093954
0.093958
0.093961
0.093964
0.093967
0.093970
0.093973
0.093977
0.093980
0.093983
0.093986
0.093989
0.093993
0.093996
0.093999
0.094002
0.094005
0.094008
0.094012
0.094015
0.094018
0.094021
0.094024
0.094027
0.094031
0.094034
0.094037
0.094040
0.094043
0.094047
0.094050
0.094053
0.094056
0.094059
0.094062
0.094066
0.094069
0.094072
0.094075
0.094078
0.094081
0.094085
0.094088
0.094091
0.094094
0.094097
0.094101
0.094104
0.094107
0.094110
0.094113
0.094116
0.094120
0.094123
0.094126
0.094129
0.094132
0.094136
0.094139
0.094142
0.094145
0.094148
0.094151
0.094155
0.094158
0.094161
0.094164
0.094167
0.094170
0.094174
0.094177
0.094180
0.094183
0.094186
0.094190
0.094193
0.094196
0.094199
0.094202
0.094205
0.094209
0.094212
0.094215
0.094218
0.094221
0.094225
0.094228
0.094231
0.094234
0.094237
0.094240
0.094244
0.094247
0.094250
0.094253
0.094256
0.094260
0.094263
0.094266
0.094269
0.094272
0.094276
0.094279
0.094282
0.094285
0.094288
0.094291
0.094295
0.094298
0.094301
0.094304
0.094307
0.094311
0.094314
0.094317
0.094320
0.094323
0.094326
0.094330
0.094333
0.094336
0.094339
0.094342
0.094346
0.094349
0.094352
0.094355
0.094358
0.094362
0.094365
0.094368
0.094371
0.094374
0.094377
0.094381
0.094384
0.094387
0.094390
0.094393
0.094397
0.094400
0.094403
0.094406
0.094409
0.094413
0.094416
0.094419
0.094422
0.094425
0.094428
0.094432
0.094435
0.094438
0.094441
0.094444
0.094448
0.094451
0.094454
0.094457
0.094460
0.094464
0.094467
0.094470
0.094473
0.094476
0.094480
0.094483
0.094486
0.094489
0.094492
0.094495
0.094499
0.094502
0.094505
0.094508
0.094511
0.094515
0.094518
0.094521
0.094524
0.094527
0.094531
0.094534
0.094537
0.094540
0.094543
0.094547
0.094550
0.094553
0.094556
0.094559
0.094563
0.094566
0.094569
0.094572
0.094575
0.094579
0.094582
0.094585
0.094588
0.094591
0.094594
0.094598
0.094601
0.094604
0.094607
0.094610
0.094614
0.094617
0.094620
0.094623
0.094626
0.094630
0.094633
0.094636
0.094639
0.094642
0.094646
0.094649
0.094652
0.094655
0.094658
0.094662
0.094665
0.094668
0.094671
0.094674
0.094678
0.094681
0.094684
0.094687
0.094690
0.094694
0.094697
0.094700
0.094703
0.094706
0.094710
0.094713
0.094716
0.094719
0.094722
0.094726
0.094729
0.094732
0.094735
0.094738
0.094742
0.094745
0.094748
0.094751
0.094754
0.094758
0.094761
0.094764
0.094767
0.094770
0.094774
0.094777
0.094780
0.094783
0.094786
0.094790
0.094793
0.094796
0.094799
0.094802
0.094806
0.094809
0.094812
0.094815
0.094818
0.094822
0.094825
0.094828
0.094831
0.094834
0.094838
0.094841
0.094844
0.094847
0.094850
0.094854
0.094857
0.094860
0.094863
0.094866
0.094870
0.094873
0.094876
0.094879
0.094882
0.094886
0.094889
0.094892
0.094895
0.094898
0.094902
0.094905
0.094908
0.094911
0.094914
0.094918
0.094921
0.094924
0.094927
0.094931
0.094934
0.094937
0.094940
0.094943
0.094947
0.094950
0.094953
0.094956
0.094959
0.094963
0.094966
0.094969
0.094972
0.094975
0.094979
0.094982
0.094985
0.094988
0.094991
0.094995
0.094998
0.095001
0.095004
0.095007
0.095011
0.095014
0.095017
0.095020
0.095024
0.095027
0.095030
0.095033
0.095036
0.095040
0.095043
0.095046
0.095049
0.095052
0.095056
0.095059
0.095062
0.095065
0.095068
0.095072
0.095075
0.095078
0.095081
0.095085
0.095088
0.095091
0.095094
0.095097
0.095101
0.095104
0.095107
0.095110
0.095113
0.095117
0.095120
0.095123
0.095126
0.095129
0.095133
0.095136
0.095139
0.095142
0.095146
0.095149
0.095152
0.095155
0.095158
0.095162
0.095165
0.095168
0.095171
0.095174
0.095178
0.095181
0.095184
0.095187
0.095191
0.095194
0.095197
0.095200
0.095203
0.095207
0.095210
0.095213
0.095216
0.095219
0.095223
0.095226
0.095229
0.095232
0.095236
0.095239
0.095242
0.095245
0.095248
0.095252
0.095255
0.095258
0.095261
0.095264
0.095268
0.095271
0.095274
0.095277
0.095281
0.095284
0.095287
0.095290
0.095293
0.095297
0.095300
0.095303
0.095306
0.095310
0.095313
0.095316
0.095319
0.095322
0.095326
0.095329
0.095332
0.095335
0.095339
0.095342
0.095345
0.095348
0.095351
0.095355
0.095358
0.095361
0.095364
0.095367
0.095371
0.095374
0.095377
0.095380
0.095384
0.095387
0.095390
0.095393
0.095396
0.095400
0.095403
0.095406
0.095409
0.095413
0.095416
0.095419
0.095422
0.095425
0.095429
0.095432
0.095435
0.095438
0.095442
0.095445
0.095448
0.095451
0.095454
0.095458
0.095461
0.095464
0.095467
0.095471
0.095474
0.095477
0.095480
0.095483
0.095487
0.095490
0.095493
0.095496
0.095500
0.095503
0.095506
0.095509
0.095513
0.095516
0.095519
0.095522
0.095525
0.095529
0.095532
0.095535
0.095538
0.095542
0.095545
0.095548
0.095551
0.095554
0.095558
0.095561
0.095564
0.095567
0.095571
0.095574
0.095577
0.095580
0.095583
0.095587
0.095590
0.095593
0.095596
0.095600
0.095603
0.095606
0.095609
0.095613
0.095616
0.095619
0.095622
0.095625
0.095629
0.095632
0.095635
0.095638
0.095642
0.095645
0.095648
0.095651
0.095655
0.095658
0.095661
0.095664
0.095667
0.095671
0.095674
0.095677
0.095680
0.095684
0.095687
0.095690
0.095693
0.095697
0.095700
0.095703
0.095706
0.095709
0.095713
0.095716
0.095719
0.095722
0.095726
0.095729
0.095732
0.095735
0.095739
0.095742
0.095745
0.095748
0.095751
0.095755
0.095758
0.095761
0.095764
0.095768
0.095771
0.095774
0.095777
0.095781
0.095784
0.095787
0.095790
0.095793
0.095797
0.095800
0.095803
0.095806
0.095810
0.095813
0.095816
0.095819
0.095823
0.095826
0.095829
0.095832
0.095836
0.095839
0.095842
0.095845
0.095848
0.095852
0.095855
0.095858
0.095861
0.095865
0.095868
0.095871
0.095874
0.095878
0.095881
0.095884
0.095887
0.095891
0.095894
0.095897
0.095900
0.095904
0.095907
0.095910
0.095913
0.095916
0.095920
0.095923
0.095926
0.095929
0.095933
0.095936
0.095939
0.095942
0.095946
0.095949
0.095952
0.095955
0.095959
0.095962
0.095965
0.095968
0.095972
0.095975
0.095978
0.095981
0.095984
0.095988
0.095991
0.095994
0.095997
0.096001
0.096004
0.096007
0.096010
0.096014
0.096017
0.096020
0.096023
0.096027
0.096030
0.096033
0.096036
0.096040
0.096043
0.096046
0.096049
0.096053
0.096056
0.096059
0.096062
0.096066
0.096069
0.096072
0.096075
0.096079
0.096082
0.096085
0.096088
0.096091
0.096095
0.096098
0.096101
0.096104
0.096108
0.096111
0.096114
0.096117
0.096121
0.096124
0.096127
0.096130
0.096134
0.096137
0.096140
0.096143
0.096147
0.096150
0.096153
0.096156
0.096160
0.096163
0.096166
0.096169
0.096173
0.096176
0.096179
0.096182
0.096186
0.096189
0.096192
0.096195
0.096199
0.096202
0.096205
0.096208
0.096212
0.096215
0.096218
0.096221
0.096225
0.096228
0.096231
0.096234
0.096238
0.096241
0.096244
0.096247
0.096251
0.096254
0.096257
0.096260
0.096264
0.096267
0.096270
0.096273
0.096277
0.096280
0.096283
0.096286
0.096290
0.096293
0.096296
0.096299
0.096303
0.096306
0.096309
0.096312
0.096316
0.096319
0.096322
0.096325
0.096329
0.096332
0.096335
0.096338
0.096342
0.096345
0.096348
0.096351
0.096355
0.096358
0.096361
0.096364
0.096368
0.096371
0.096374
0.096377
0.096381
0.096384
0.096387
0.096390
0.096394
0.096397
0.096400
0.096403
0.096407
0.096410
0.096413
0.096416
0.096420
0.096423
0.096426
0.096429
0.096433
0.096436
0.096439
0.096442
0.096446
0.096449
0.096452
0.096456
0.096459
0.096462
0.096465
0.096469
0.096472
0.096475
0.096478
0.096482
0.096485
0.096488
0.096491
0.096495
0.096498
0.096501
0.096504
0.096508
0.096511
0.096514
0.096517
0.096521
0.096524
0.096527
0.096530
0.096534
0.096537
0.096540
0.096543
0.096547
0.096550
0.096553
0.096557
0.096560
0.096563
0.096566
0.096570
0.096573
0.096576
0.096579
0.096583
0.096586
0.096589
0.096592
0.096596
0.096599
0.096602
0.096605
0.096609
0.096612
0.096615
0.096618
0.096622
0.096625
0.096628
0.096632
0.096635
0.096638
0.096641
0.096645
0.096648
0.096651
0.096654
0.096658
0.096661
0.096664
0.096667
0.096671
0.096674
0.096677
0.096680
0.096684
0.096687
0.096690
0.096694
0.096697
0.096700
0.096703
0.096707
0.096710
0.096713
0.096716
0.096720
0.096723
0.096726
0.096729
0.096733
0.096736
0.096739
0.096742
0.096746
0.096749
0.096752
0.096756
0.096759
0.096762
0.096765
0.096769
0.096772
0.096775
0.096778
0.096782
0.096785
0.096788
0.096791
0.096795
0.096798
0.096801
0.096805
0.096808
0.096811
0.096814
0.096818
0.096821
0.096824
0.096827
0.096831
0.096834
0.096837
0.096840
0.096844
0.096847
0.096850
0.096854
0.096857
0.096860
0.096863
0.096867
0.096870
0.096873
0.096876
0.096880
0.096883
0.096886
0.096890
0.096893
0.096896
0.096899
0.096903
0.096906
0.096909
0.096912
0.096916
0.096919
0.096922
0.096926
0.096929
0.096932
0.096935
0.096939
0.096942
0.096945
0.096948
0.096952
0.096955
0.096958
0.096962
0.096965
0.096968
0.096971
0.096975
0.096978
0.096981
0.096984
0.096988
0.096991
0.096994
0.096998
0.097001
0.097004
0.097007
0.097011
0.097014
0.097017
0.097020
0.097024
0.097027
0.097030
0.097034
0.097037
0.097040
0.097043
0.097047
0.097050
0.097053
0.097056
0.097060
0.097063
0.097066
0.097070
0.097073
0.097076
0.097079
0.097083
0.097086
0.097089
0.097093
0.097096
0.097099
0.097102
0.097106
0.097109
0.097112
0.097115
0.097119
0.097122
0.097125
0.097129
0.097132
0.097135
0.097138
0.097142
0.097145
0.097148
0.097152
0.097155
0.097158
0.097161
0.097165
0.097168
0.097171
0.097174
0.097178
0.097181
0.097184
0.097188
0.097191
0.097194
0.097197
0.097201
0.097204
0.097207
0.097211
0.097214
0.097217
0.097220
0.097224
0.097227
0.097230
0.097234
0.097237
0.097240
0.097243
0.097247
0.097250
0.097253
0.097257
0.097260
0.097263
0.097266
0.097270
0.097273
0.097276
0.097279
0.097283
0.097286
0.097289
0.097293
0.097296
0.097299
0.097302
0.097306
0.097309
0.097312
0.097316
0.097319
0.097322
0.097325
0.097329
0.097332
0.097335
0.097339
0.097342
0.097345
0.097348
0.097352
0.097355
0.097358
0.097362
0.097365
0.097368
0.097371
0.097375
0.097378
0.097381
0.097385
0.097388
0.097391
0.097394
0.097398
0.097401
0.097404
0.097408
0.097411
0.097414
0.097417
0.097421
0.097424
0.097427
0.097431
0.097434
0.097437
0.097441
0.097444
0.097447
0.097450
0.097454
0.097457
0.097460
0.097464
0.097467
0.097470
0.097473
0.097477
0.097480
0.097483
0.097487
0.097490
0.097493
0.097496
0.097500
0.097503
0.097506
0.097510
0.097513
0.097516
0.097519
0.097523
0.097526
0.097529
0.097533
0.097536
0.097539
0.097543
0.097546
0.097549
0.097552
0.097556
0.097559
0.097562
0.097566
0.097569
0.097572
0.097575
0.097579
0.097582
0.097585
0.097589
0.097592
0.097595
0.097598
0.097602
0.097605
0.097608
0.097612
0.097615
0.097618
0.097622
0.097625
0.097628
0.097631
0.097635
0.097638
0.097641
0.097645
0.097648
0.097651
0.097655
0.097658
0.097661
0.097664
0.097668
0.097671
0.097674
0.097678
0.097681
0.097684
0.097687
0.097691
0.097694
0.097697
0.097701
0.097704
0.097707
0.097711
0.097714
0.097717
0.097720
0.097724
0.097727
0.097730
0.097734
0.097737
0.097740
0.097744
0.097747
0.097750
0.097753
0.097757
0.097760
0.097763
0.097767
0.097770
0.097773
0.097777
0.097780
0.097783
0.097786
0.097790
0.097793
0.097796
0.097800
0.097803
0.097806
0.097810
0.097813
0.097816
0.097819
0.097823
0.097826
0.097829
0.097833
0.097836
0.097839
0.097843
0.097846
0.097849
0.097852
0.097856
0.097859
0.097862
0.097866
0.097869
0.097872
0.097876
0.097879
0.097882
0.097885
0.097889
0.097892
0.097895
0.097899
0.097902
0.097905
0.097909
0.097912
0.097915
0.097919
0.097922
0.097925
0.097928
0.097932
0.097935
0.097938
0.097942
0.097945
0.097948
0.097952
0.097955
0.097958
0.097961
0.097965
0.097968
0.097971
0.097975
0.097978
0.097981
0.097985
0.097988
0.097991
0.097995
0.097998
0.098001
0.098004
0.098008
0.098011
0.098014
0.098018
0.098021
0.098024
0.098028
0.098031
0.098034
0.098038
0.098041
0.098044
0.098047
0.098051
0.098054
0.098057
0.098061
0.098064
0.098067
0.098071
0.098074
0.098077
0.098081
0.098084
0.098087
0.098090
0.098094
0.098097
0.098100
0.098104
0.098107
0.098110
0.098114
0.098117
0.098120
0.098124
0.098127
0.098130
0.098134
0.098137
0.098140
0.098143
0.098147
0.098150
0.098153
0.098157
0.098160
0.098163
0.098167
0.098170
0.098173
0.098177
0.098180
0.098183
0.098187
0.098190
0.098193
0.098196
0.098200
0.098203
0.098206
0.098210
0.098213
0.098216
0.098220
0.098223
0.098226
0.098230
0.098233
0.098236
0.098240
0.098243
0.098246
0.098250
0.098253
0.098256
0.098259
0.098263
0.098266
0.098269
0.098273
0.098276
0.098279
0.098283
0.098286
0.098289
0.098293
0.098296
0.098299
0.098303
0.098306
0.098309
0.098313
0.098316
0.098319
0.098322
0.098326
0.098329
0.098332
0.098336
0.098339
0.098342
0.098346
0.098349
0.098352
0.098356
0.098359
0.098362
0.098366
0.098369
0.098372
0.098376
0.098379
0.098382
0.098386
0.098389
0.098392
0.098395
0.098399
0.098402
0.098405
0.098409
0.098412
0.098415
0.098419
0.098422
0.098425
0.098429
0.098432
0.098435
0.098439
0.098442
0.098445
0.098449
0.098452
0.098455
0.098459
0.098462
0.098465
0.098469
0.098472
0.098475
0.098479
0.098482
0.098485
0.098488
0.098492
0.098495
0.098498
0.098502
0.098505
0.098508
0.098512
0.098515
0.098518
0.098522
0.098525
0.098528
0.098532
0.098535
0.098538
0.098542
0.098545
0.098548
0.098552
0.098555
0.098558
0.098562
0.098565
0.098568
0.098572
0.098575
0.098578
0.098582
0.098585
0.098588
0.098592
0.098595
0.098598
0.098602
0.098605
0.098608
0.098612
0.098615
0.098618
0.098621
0.098625
0.098628
0.098631
0.098635
0.098638
0.098641
0.098645
0.098648
0.098651
0.098655
0.098658
0.098661
0.098665
0.098668
0.098671
0.098675
0.098678
0.098681
0.098685
0.098688
0.098691
0.098695
0.098698
0.098701
0.098705
0.098708
0.098711
0.098715
0.098718
0.098721
0.098725
0.098728
0.098731
0.098735
0.098738
0.098741
0.098745
0.098748
0.098751
0.098755
0.098758
0.098761
0.098765
0.098768
0.098771
0.098775
0.098778
0.098781
0.098785
0.098788
0.098791
0.098795
0.098798
0.098801
0.098805
0.098808
0.098811
0.098815
0.098818
0.098821
0.098825
0.098828
0.098831
0.098835
0.098838
0.098841
0.098845
0.098848
0.098851
0.098855
0.098858
0.098861
0.098865
0.098868
0.098871
0.098875
0.098878
0.098881
0.098885
0.098888
0.098891
0.098895
0.098898
0.098901
0.098905
0.098908
0.098911
0.098915
0.098918
0.098921
0.098925
0.098928
0.098931
0.098935
0.098938
0.098941
0.098945
0.098948
0.098951
0.098955
0.098958
0.098961
0.098965
0.098968
0.098972
0.098975
0.098978
0.098982
0.098985
0.098988
0.098992
0.098995
0.098998
0.099002
0.099005
0.099008
0.099012
0.099015
0.099018
0.099022
0.099025
0.099028
0.099032
0.099035
0.099038
0.099042
0.099045
0.099048
0.099052
0.099055
0.099058
0.099062
0.099065
0.099068
0.099072
0.099075
0.099078
0.099082
0.099085
0.099088
0.099092
0.099095
0.099098
0.099102
0.099105
0.099108
0.099112
0.099115
0.099119
0.099122
0.099125
0.099129
0.099132
0.099135
0.099139
0.099142
0.099145
0.099149
0.099152
0.099155
0.099159
0.099162
0.099165
0.099169
0.099172
0.099175
0.099179
0.099182
0.099185
0.099189
0.099192
0.099195
0.099199
0.099202
0.099206
0.099209
0.099212
0.099216
0.099219
0.099222
0.099226
0.099229
0.099232
0.099236
0.099239
0.099242
0.099246
0.099249
0.099252
0.099256
0.099259
0.099262
0.099266
0.099269
0.099272
0.099276
0.099279
0.099283
0.099286
0.099289
0.099293
0.099296
0.099299
0.099303
0.099306
0.099309
0.099313
0.099316
0.099319
0.099323
0.099326
0.099329
0.099333
0.099336
0.099339
0.099343
0.099346
0.099350
0.099353
0.099356
0.099360
0.099363
0.099366
0.099370
0.099373
0.099376
0.099380
0.099383
0.099386
0.099390
0.099393
0.099396
0.099400
0.099403
0.099407
0.099410
0.099413
0.099417
0.099420
0.099423
0.099427
0.099430
0.099433
0.099437
0.099440
0.099443
0.099447
0.099450
0.099453
0.099457
0.099460
0.099464
0.099467
0.099470
0.099474
0.099477
0.099480
0.099484
0.099487
0.099490
0.099494
0.099497
0.099500
0.099504
0.099507
0.099511
0.099514
0.099517
0.099521
0.099524
0.099527
0.099531
0.099534
0.099537
0.099541
0.099544
0.099547
0.099551
0.099554
0.099558
0.099561
0.099564
0.099568
0.099571
0.099574
0.099578
0.099581
0.099584
0.099588
0.099591
0.099594
0.099598
0.099601
0.099605
0.099608
0.099611
0.099615
0.099618
0.099621
0.099625
0.099628
0.099631
0.099635
0.099638
0.099642
0.099645
0.099648
0.099652
0.099655
0.099658
0.099662
0.099665
0.099668
0.099672
0.099675
0.099679
0.099682
0.099685
0.099689
0.099692
0.099695
0.099699
0.099702
0.099705
0.099709
0.099712
0.099716
0.099719
0.099722
0.099726
0.099729
0.099732
0.099736
0.099739
0.099742
0.099746
0.099749
0.099753
0.099756
0.099759
0.099763
0.099766
0.099769
0.099773
0.099776
0.099779
0.099783
0.099786
0.099790
0.099793
0.099796
0.099800
0.099803
0.099806
0.099810
0.099813
0.099816
0.099820
0.099823
0.099827
0.099830
0.099833
0.099837
0.099840
0.099843
0.099847
0.099850
0.099854
0.099857
0.099860
0.099864
0.099867
0.099870
0.099874
0.099877
0.099880
0.099884
0.099887
0.099891
0.099894
0.099897
0.099901
0.099904
0.099907
0.099911
0.099914
0.099918
0.099921
0.099924
0.099928
0.099931
0.099934
0.099938
0.099941
0.099944
0.099948
0.099951
0.099955
0.099958
0.099961
0.099965
0.099968
0.099971
0.099975
0.099978
0.099982
0.099985
0.099988
0.099992
0.099995
0.099998
0.100002
0.100005
0.100009
0.100012
0.100015
0.100019
0.100022
0.100025
0.100029
0.100032
0.100036
0.100039
0.100042
0.100046
0.100049
0.100052
0.100056
0.100059
0.100063
0.100066
0.100069
0.100073
0.100076
0.100079
0.100083
0.100086
0.100090
0.100093
0.100096
0.100100
0.100103
0.100106
0.100110
0.100113
0.100117
0.100120
0.100123
0.100127
0.100130
0.100133
0.100137
0.100140
0.100144
0.100147
0.100150
0.100154
0.100157
0.100160
0.100164
0.100167
0.100171
0.100174
0.100177
0.100181
0.100184
0.100188
0.100191
0.100194
0.100198
0.100201
0.100204
0.100208
0.100211
0.100215
0.100218
0.100221
0.100225
0.100228
0.100231
0.100235
0.100238
0.100242
0.100245
0.100248
0.100252
0.100255
0.100258
0.100262
0.100265
0.100269
0.100272
0.100275
0.100279
0.100282
0.100286
0.100289
0.100292
0.100296
0.100299
0.100302
0.100306
0.100309
0.100313
0.100316
0.100319
0.100323
0.100326
0.100330
0.100333
0.100336
0.100340
0.100343
0.100346
0.100350
0.100353
0.100357
0.100360
0.100363
0.100367
0.100370
0.100374
0.100377
0.100380
0.100384
0.100387
0.100390
0.100394
0.100397
0.100401
0.100404
0.100407
0.100411
0.100414
0.100418
0.100421
0.100424
0.100428
0.100431
0.100434
0.100438
0.100441
0.100445
0.100448
0.100451
0.100455
0.100458
0.100462
0.100465
0.100468
0.100472
0.100475
0.100479
0.100482
0.100485
0.100489
0.100492
0.100495
0.100499
0.100502
0.100506
0.100509
0.100512
0.100516
0.100519
0.100523
0.100526
0.100529
0.100533
0.100536
0.100540
0.100543
0.100546
0.100550
0.100553
0.100556
0.100560
0.100563
0.100567
0.100570
0.100573
0.100577
0.100580
0.100584
0.100587
0.100590
0.100594
0.100597
0.100601
0.100604
0.100607
0.100611
0.100614
0.100618
0.100621
0.100624
0.100628
0.100631
0.100635
0.100638
0.100641
0.100645
0.100648
0.100651
0.100655
0.100658
0.100662
0.100665
0.100668
0.100672
0.100675
0.100679
0.100682
0.100685
0.100689
0.100692
0.100696
0.100699
0.100702
0.100706
0.100709
0.100713
0.100716
0.100719
0.100723
0.100726
0.100730
0.100733
0.100736
0.100740
0.100743
0.100747
0.100750
0.100753
0.100757
0.100760
0.100764
0.100767
0.100770
0.100774
0.100777
0.100781
0.100784
0.100787
0.100791
0.100794
0.100798
0.100801
0.100804
0.100808
0.100811
0.100815
0.100818
0.100821
0.100825
0.100828
0.100832
0.100835
0.100838
0.100842
0.100845
0.100849
0.100852
0.100855
0.100859
0.100862
0.100866
0.100869
0.100872
0.100876
0.100879
0.100883
0.100886
0.100889
0.100893
0.100896
0.100900
0.100903
0.100906
0.100910
0.100913
0.100917
0.100920
0.100923
0.100927
0.100930
0.100934
0.100937
0.100940
0.100944
0.100947
0.100951
0.100954
0.100957
0.100961
0.100964
0.100968
0.100971
0.100974
0.100978
0.100981
0.100985
0.100988
0.100991
0.100995
0.100998
0.101002
0.101005
0.101009
0.101012
0.101015
0.101019
0.101022
0.101026
0.101029
0.101032
0.101036
0.101039
0.101043
0.101046
0.101049
0.101053
0.101056
0.101060
0.101063
0.101066
0.101070
0.101073
0.101077
0.101080
0.101083
0.101087
0.101090
0.101094
0.101097
0.101101
0.101104
0.101107
0.101111
0.101114
0.101118
0.101121
0.101124
0.101128
0.101131
0.101135
0.101138
0.101141
0.101145
0.101148
0.101152
0.101155
0.101159
0.101162
0.101165
0.101169
0.101172
0.101176
0.101179
0.101182
0.101186
0.101189
0.101193
0.101196
0.101199
0.101203
0.101206
0.101210
0.101213
0.101217
0.101220
0.101223
0.101227
0.101230
0.101234
0.101237
0.101240
0.101244
0.101247
0.101251
0.101254
0.101257
0.101261
0.101264
0.101268
0.101271
0.101275
0.101278
0.101281
0.101285
0.101288
0.101292
0.101295
0.101298
0.101302
0.101305
0.101309
0.101312
0.101316
0.101319
0.101322
0.101326
0.101329
0.101333
0.101336
0.101339
0.101343
0.101346
0.101350
0.101353
0.101357
0.101360
0.101363
0.101367
0.101370
0.101374
0.101377
0.101380
0.101384
0.101387
0.101391
0.101394
0.101398
0.101401
0.101404
0.101408
0.101411
0.101415
0.101418
0.101422
0.101425
0.101428
0.101432
0.101435
0.101439
0.101442
0.101445
0.101449
0.101452
0.101456
0.101459
0.101463
0.101466
0.101469
0.101473
0.101476
0.101480
0.101483
0.101486
0.101490
0.101493
0.101497
0.101500
0.101504
0.101507
0.101510
0.101514
0.101517
0.101521
0.101524
0.101528
0.101531
0.101534
0.101538
0.101541
0.101545
0.101548
0.101552
0.101555
0.101558
0.101562
0.101565
0.101569
0.101572
0.101575
0.101579
0.101582
0.101586
0.101589
0.101593
0.101596
0.101599
0.101603
0.101606
0.101610
0.101613
0.101617
0.101620
0.101623
0.101627
0.101630
0.101634
0.101637
0.101641
0.101644
0.101647
0.101651
0.101654
0.101658
0.101661
0.101665
0.101668
0.101671
0.101675
0.101678
0.101682
0.101685
0.101689
0.101692
0.101695
0.101699
0.101702
0.101706
0.101709
0.101713
0.101716
0.101719
0.101723
0.101726
0.101730
0.101733
0.101737
0.101740
0.101743
0.101747
0.101750
0.101754
0.101757
0.101761
0.101764
0.101767
0.101771
0.101774
0.101778
0.101781
0.101785
0.101788
0.101791
0.101795
0.101798
0.101802
0.101805
0.101809
0.101812
0.101816
0.101819
0.101822
0.101826
0.101829
0.101833
0.101836
0.101840
0.101843
0.101846
0.101850
0.101853
0.101857
0.101860
0.101864
0.101867
0.101870
0.101874
0.101877
0.101881
0.101884
0.101888
0.101891
0.101894
0.101898
0.101901
0.101905
0.101908
0.101912
0.101915
0.101919
0.101922
0.101925
0.101929
0.101932
0.101936
0.101939
0.101943
0.101946
0.101949
0.101953
0.101956
0.101960
0.101963
0.101967
0.101970
0.101974
0.101977
0.101980
0.101984
0.101987
0.101991
0.101994
0.101998
0.102001
0.102004
0.102008
0.102011
0.102015
0.102018
0.102022
0.102025
0.102029
0.102032
0.102035
0.102039
0.102042
0.102046
0.102049
0.102053
0.102056
0.102060
0.102063
0.102066
0.102070
0.102073
0.102077
0.102080
0.102084
0.102087
0.102091
0.102094
0.102097
0.102101
0.102104
0.102108
0.102111
0.102115
0.102118
0.102121
0.102125
0.102128
0.102132
0.102135
0.102139
0.102142
0.102146
0.102149
0.102152
0.102156
0.102159
0.102163
0.102166
0.102170
0.102173
0.102177
0.102180
0.102183
0.102187
0.102190
0.102194
0.102197
0.102201
0.102204
0.102208
0.102211
0.102214
0.102218
0.102221
0.102225
0.102228
0.102232
0.102235
0.102239
0.102242
0.102245
0.102249
0.102252
0.102256
0.102259
0.102263
0.102266
0.102270
0.102273
0.102277
0.102280
0.102283
0.102287
0.102290
0.102294
0.102297
0.102301
0.102304
0.102308
0.102311
0.102314
0.102318
0.102321
0.102325
0.102328
0.102332
0.102335
0.102339
0.102342
0.102346
0.102349
0.102352
0.102356
0.102359
0.102363
0.102366
0.102370
0.102373
0.102377
0.102380
0.102383
0.102387
0.102390
0.102394
0.102397
0.102401
0.102404
0.102408
0.102411
0.102415
0.102418
0.102421
0.102425
0.102428
0.102432
0.102435
0.102439
0.102442
0.102446
0.102449
0.102453
0.102456
0.102459
0.102463
0.102466
0.102470
0.102473
0.102477
0.102480
0.102484
0.102487
0.102491
0.102494
0.102497
0.102501
0.102504
0.102508
0.102511
0.102515
0.102518
0.102522
0.102525
0.102529
0.102532
0.102535
0.102539
0.102542
0.102546
0.102549
0.102553
0.102556
0.102560
0.102563
0.102567
0.102570
0.102573
0.102577
0.102580
0.102584
0.102587
0.102591
0.102594
0.102598
0.102601
0.102605
0.102608
0.102612
0.102615
0.102618
0.102622
0.102625
0.102629
0.102632
0.102636
0.102639
0.102643
0.102646
0.102650
0.102653
0.102656
0.102660
0.102663
0.102667
0.102670
0.102674
0.102677
0.102681
0.102684
0.102688
0.102691
0.102695
0.102698
0.102701
0.102705
0.102708
0.102712
0.102715
0.102719
0.102722
0.102726
0.102729
0.102733
0.102736
0.102740
0.102743
0.102746
0.102750
0.102753
0.102757
0.102760
0.102764
0.102767
0.102771
0.102774
0.102778
0.102781
0.102785
0.102788
0.102792
0.102795
0.102798
0.102802
0.102805
0.102809
0.102812
0.102816
0.102819
0.102823
0.102826
0.102830
0.102833
0.102837
0.102840
0.102844
0.102847
0.102850
0.102854
0.102857
0.102861
0.102864
0.102868
0.102871
0.102875
0.102878
0.102882
0.102885
0.102889
0.102892
0.102896
0.102899
0.102902
0.102906
0.102909
0.102913
0.102916
0.102920
0.102923
0.102927
0.102930
0.102934
0.102937
0.102941
0.102944
0.102948
0.102951
0.102954
0.102958
0.102961
0.102965
0.102968
0.102972
0.102975
0.102979
0.102982
0.102986
0.102989
0.102993
0.102996
0.103000
0.103003
0.103007
0.103010
0.103014
0.103017
0.103020
0.103024
0.103027
0.103031
0.103034
0.103038
0.103041
0.103045
0.103048
0.103052
0.103055
0.103059
0.103062
0.103066
0.103069
0.103073
0.103076
0.103079
0.103083
0.103086
0.103090
0.103093
0.103097
0.103100
0.103104
0.103107
0.103111
0.103114
0.103118
0.103121
0.103125
0.103128
0.103132
0.103135
0.103139
0.103142
0.103146
0.103149
0.103152
0.103156
0.103159
0.103163
0.103166
0.103170
0.103173
0.103177
0.103180
0.103184
0.103187
0.103191
0.103194
0.103198
0.103201
0.103205
0.103208
0.103212
0.103215
0.103219
0.103222
0.103226
0.103229
0.103232
0.103236
0.103239
0.103243
0.103246
0.103250
0.103253
0.103257
0.103260
0.103264
0.103267
0.103271
0.103274
0.103278
0.103281
0.103285
0.103288
0.103292
0.103295
0.103299
0.103302
0.103306
0.103309
0.103313
0.103316
0.103319
0.103323
0.103326
0.103330
0.103333
0.103337
0.103340
0.103344
0.103347
0.103351
0.103354
0.103358
0.103361
0.103365
0.103368
0.103372
0.103375
0.103379
0.103382
0.103386
0.103389
0.103393
0.103396
0.103400
0.103403
0.103407
0.103410
0.103414
0.103417
0.103421
0.103424
0.103428
0.103431
0.103434
0.103438
0.103441
0.103445
0.103448
0.103452
0.103455
0.103459
0.103462
0.103466
0.103469
0.103473
0.103476
0.103480
0.103483
0.103487
0.103490
0.103494
0.103497
0.103501
0.103504
0.103508
0.103511
0.103515
0.103518
0.103522
0.103525
0.103529
0.103532
0.103536
0.103539
0.103543
0.103546
0.103550
0.103553
0.103557
0.103560
0.103564
0.103567
0.103571
0.103574
0.103577
0.103581
0.103584
0.103588
0.103591
0.103595
0.103598
0.103602
0.103605
0.103609
0.103612
0.103616
0.103619
0.103623
0.103626
0.103630
0.103633
0.103637
0.103640
0.103644
0.103647
0.103651
0.103654
0.103658
0.103661
0.103665
0.103668
0.103672
0.103675
0.103679
0.103682
0.103686
0.103689
0.103693
0.103696
0.103700
0.103703
0.103707
0.103710
0.103714
0.103717
0.103721
0.103724
0.103728
0.103731
0.103735
0.103738
0.103742
0.103745
0.103749
0.103752
0.103756
0.103759
0.103763
0.103766
0.103770
0.103773
0.103777
0.103780
0.103784
0.103787
0.103791
0.103794
0.103798
0.103801
0.103805
0.103808
0.103812
0.103815
0.103819
0.103822
0.103826
0.103829
0.103833
0.103836
0.103840
0.103843
0.103847
0.103850
0.103854
0.103857
0.103861
0.103864
0.103868
0.103871
0.103875
0.103878
0.103882
0.103885
0.103889
0.103892
0.103896
0.103899
0.103903
0.103906
0.103910
0.103913
0.103917
0.103920
0.103924
0.103927
0.103931
0.103934
0.103938
0.103941
0.103945
0.103948
0.103952
0.103955
0.103959
0.103962
0.103966
0.103969
0.103973
0.103976
0.103980
0.103983
0.103987
0.103990
0.103994
0.103997
0.104001
0.104004
0.104008
0.104011
0.104015
0.104018
0.104022
0.104025
0.104029
0.104032
0.104036
0.104039
0.104043
0.104046
0.104050
0.104053
0.104057
0.104060
0.104064
0.104067
0.104071
0.104074
0.104078
0.104081
0.104085
0.104088
0.104092
0.104095
0.104099
0.104102
0.104106
0.104109
0.104113
0.104116
0.104120
0.104123
0.104127
0.104130
0.104134
0.104137
0.104141
0.104144
0.104148
0.104152
0.104155
0.104159
0.104162
0.104166
0.104169
0.104173
0.104176
0.104180
0.104183
0.104187
0.104190
0.104194
0.104197
0.104201
0.104204
0.104208
0.104211
0.104215
0.104218
0.104222
0.104225
0.104229
0.104232
0.104236
0.104239
0.104243
0.104246
0.104250
0.104253
0.104257
0.104260
0.104264
0.104267
0.104271
0.104274
0.104278
0.104281
0.104285
0.104288
0.104292
0.104296
0.104299
0.104303
0.104306
0.104310
0.104313
0.104317
0.104320
0.104324
0.104327
0.104331
0.104334
0.104338
0.104341
0.104345
0.104348
0.104352
0.104355
0.104359
0.104362
0.104366
0.104369
0.104373
0.104376
0.104380
0.104383
0.104387
0.104390
0.104394
0.104397
0.104401
0.104404
0.104408
0.104412
0.104415
0.104419
0.104422
0.104426
0.104429
0.104433
0.104436
0.104440
0.104443
0.104447
0.104450
0.104454
0.104457
0.104461
0.104464
0.104468
0.104471
0.104475
0.104478
0.104482
0.104485
0.104489
0.104492
0.104496
0.104500
0.104503
0.104507
0.104510
0.104514
0.104517
0.104521
0.104524
0.104528
0.104531
0.104535
0.104538
0.104542
0.104545
0.104549
0.104552
0.104556
0.104559
0.104563
0.104566
0.104570
0.104573
0.104577
0.104581
0.104584
0.104588
0.104591
0.104595
0.104598
0.104602
0.104605
0.104609
0.104612
0.104616
0.104619
0.104623
0.104626
0.104630
0.104633
0.104637
0.104640
0.104644
0.104648
0.104651
0.104655
0.104658
0.104662
0.104665
0.104669
0.104672
0.104676
0.104679
0.104683
0.104686
0.104690
0.104693
0.104697
0.104700
0.104704
0.104707
0.104711
0.104715
0.104718
0.104722
0.104725
0.104729
0.104732
0.104736
0.104739
0.104743
0.104746
0.104750
0.104753
0.104757
0.104760
0.104764
0.104767
0.104771
0.104775
0.104778
0.104782
0.104785
0.104789
0.104792
0.104796
0.104799
0.104803
0.104806
0.104810
0.104813
0.104817
0.104820
0.104824
0.104827
0.104831
0.104835
0.104838
0.104842
0.104845
0.104849
0.104852
0.104856
0.104859
0.104863
0.104866
0.104870
0.104873
0.104877
0.104880
0.104884
0.104888
0.104891
0.104895
0.104898
0.104902
0.104905
0.104909
0.104912
0.104916
0.104919
0.104923
0.104926
0.104930
0.104933
0.104937
0.104941
0.104944
0.104948
0.104951
0.104955
0.104958
0.104962
0.104965
0.104969
0.104972
0.104976
0.104979
0.104983
0.104987
0.104990
0.104994
0.104997
0.105001
0.105004
0.105008
0.105011
0.105015
0.105018
0.105022
0.105025
0.105029
0.105033
0.105036
0.105040
0.105043
0.105047
0.105050
0.105054
0.105057
0.105061
0.105064
0.105068
0.105071
0.105075
0.105079
0.105082
0.105086
0.105089
0.105093
0.105096
0.105100
0.105103
0.105107
0.105110
0.105114
0.105117
0.105121
0.105125
0.105128
0.105132
0.105135
0.105139
0.105142
0.105146
0.105149
0.105153
0.105156
0.105160
0.105164
0.105167
0.105171
0.105174
0.105178
0.105181
0.105185
0.105188
0.105192
0.105195
0.105199
0.105202
0.105206
0.105210
0.105213
0.105217
0.105220
0.105224
0.105227
0.105231
0.105234
0.105238
0.105241
0.105245
0.105249
0.105252
0.105256
0.105259
0.105263
0.105266
0.105270
0.105273
0.105277
0.105280
0.105284
0.105288
0.105291
0.105295
0.105298
0.105302
0.105305
0.105309
0.105312
0.105316
0.105320
0.105323
0.105327
0.105330
0.105334
0.105337
0.105341
0.105344
0.105348
0.105351
0.105355
0.105359
0.105362
0.105366
0.105369
0.105373
0.105376
0.105380
0.105383
0.105387
0.105390
0.105394
0.105398
0.105401
0.105405
0.105408
0.105412
0.105415
0.105419
0.105422
0.105426
0.105430
0.105433
0.105437
0.105440
0.105444
0.105447
0.105451
0.105454
0.105458
0.105462
0.105465
0.105469
0.105472
0.105476
0.105479
0.105483
0.105486
0.105490
0.105494
0.105497
0.105501
0.105504
0.105508
0.105511
0.105515
0.105518
0.105522
0.105525
0.105529
0.105533
0.105536
0.105540
0.105543
0.105547
0.105550
0.105554
0.105557
0.105561
0.105565
0.105568
0.105572
0.105575
0.105579
0.105582
0.105586
0.105589
0.105593
0.105597
0.105600
0.105604
0.105607
0.105611
0.105614
0.105618
0.105622
0.105625
0.105629
0.105632
0.105636
0.105639
0.105643
0.105646
0.105650
0.105654
0.105657
0.105661
0.105664
0.105668
0.105671
0.105675
0.105678
0.105682
0.105686
0.105689
0.105693
0.105696
0.105700
0.105703
0.105707
0.105710
0.105714
0.105718
0.105721
0.105725
0.105728
0.105732
0.105735
0.105739
0.105743
0.105746
0.105750
0.105753
0.105757
0.105760
0.105764
0.105767
0.105771
0.105775
0.105778
0.105782
0.105785
0.105789
0.105792
0.105796
0.105800
0.105803
0.105807
0.105810
0.105814
0.105817
0.105821
0.105824
0.105828
0.105832
0.105835
0.105839
0.105842
0.105846
0.105849
0.105853
0.105857
0.105860
0.105864
0.105867
0.105871
0.105874
0.105878
0.105882
0.105885
0.105889
0.105892
0.105896
0.105899
0.105903
0.105907
0.105910
0.105914
0.105917
0.105921
0.105924
0.105928
0.105931
0.105935
0.105939
0.105942
0.105946
0.105949
0.105953
0.105956
0.105960
0.105964
0.105967
0.105971
0.105974
0.105978
0.105981
0.105985
0.105989
0.105992
0.105996
0.105999
0.106003
0.106006
0.106010
0.106014
0.106017
0.106021
0.106024
0.106028
0.106031
0.106035
0.106039
0.106042
0.106046
0.106049
0.106053
0.106056
0.106060
0.106064
0.106067
0.106071
0.106074
0.106078
0.106081
0.106085
0.106089
0.106092
0.106096
0.106099
0.106103
0.106106
0.106110
0.106114
0.106117
0.106121
0.106124
0.106128
0.106131
0.106135
0.106139
0.106142
0.106146
0.106149
0.106153
0.106157
0.106160
0.106164
0.106167
0.106171
0.106174
0.106178
0.106182
0.106185
0.106189
0.106192
0.106196
0.106199
0.106203
0.106207
0.106210
0.106214
0.106217
0.106221
0.106224
0.106228
0.106232
0.106235
0.106239
0.106242
0.106246
0.106250
0.106253
0.106257
0.106260
0.106264
0.106267
0.106271
0.106275
0.106278
0.106282
0.106285
0.106289
0.106292
0.106296
0.106300
0.106303
0.106307
0.106310
0.106314
0.106318
0.106321
0.106325
0.106328
0.106332
0.106335
0.106339
0.106343
0.106346
0.106350
0.106353
0.106357
0.106360
0.106364
0.106368
0.106371
0.106375
0.106378
0.106382
0.106386
0.106389
0.106393
0.106396
0.106400
0.106403
0.106407
0.106411
0.106414
0.106418
0.106421
0.106425
0.106429
0.106432
0.106436
0.106439
0.106443
0.106446
0.106450
0.106454
0.106457
0.106461
0.106464
0.106468
0.106472
0.106475
0.106479
0.106482
0.106486
0.106490
0.106493
0.106497
0.106500
0.106504
0.106507
0.106511
0.106515
0.106518
0.106522
0.106525
0.106529
0.106533
0.106536
0.106540
0.106543
0.106547
0.106551
0.106554
0.106558
0.106561
0.106565
0.106568
0.106572
0.106576
0.106579
0.106583
0.106586
0.106590
0.106594
0.106597
0.106601
0.106604
0.106608
0.106612
0.106615
0.106619
0.106622
0.106626
0.106629
0.106633
0.106637
0.106640
0.106644
0.106647
0.106651
0.106655
0.106658
0.106662
0.106665
0.106669
0.106673
0.106676
0.106680
0.106683
0.106687
0.106691
0.106694
0.106698
0.106701
0.106705
0.106709
0.106712
0.106716
0.106719
0.106723
0.106726
0.106730
0.106734
0.106737
0.106741
0.106744
0.106748
0.106752
0.106755
0.106759
0.106762
0.106766
0.106770
0.106773
0.106777
0.106780
0.106784
0.106788
0.106791
0.106795
0.106798
0.106802
0.106806
0.106809
0.106813
0.106816
0.106820
0.106824
0.106827
0.106831
0.106834
0.106838
0.106842
0.106845
0.106849
0.106852
0.106856
0.106860
0.106863
0.106867
0.106870
0.106874
0.106878
0.106881
0.106885
0.106888
0.106892
0.106896
0.106899
0.106903
0.106906
0.106910
0.106914
0.106917
0.106921
0.106924
0.106928
0.106932
0.106935
0.106939
0.106942
0.106946
0.106950
0.106953
0.106957
0.106960
0.106964
0.106968
0.106971
0.106975
0.106978
0.106982
0.106986
0.106989
0.106993
0.106996
0.107000
0.107004
0.107007
0.107011
0.107014
0.107018
0.107022
0.107025
0.107029
0.107032
0.107036
0.107040
0.107043
0.107047
0.107050
0.107054
0.107058
0.107061
0.107065
0.107068
0.107072
0.107076
0.107079
0.107083
0.107086
0.107090
0.107094
0.107097
0.107101
0.107105
0.107108
0.107112
0.107115
0.107119
0.107123
0.107126
0.107130
0.107133
0.107137
0.107141
0.107144
0.107148
0.107151
0.107155
0.107159
0.107162
0.107166
0.107169
0.107173
0.107177
0.107180
0.107184
0.107187
0.107191
0.107195
0.107198
0.107202
0.107206
0.107209
0.107213
0.107216
0.107220
0.107224
0.107227
0.107231
0.107234
0.107238
0.107242
0.107245
0.107249
0.107252
0.107256
0.107260
0.107263
0.107267
0.107271
0.107274
0.107278
0.107281
0.107285
0.107289
0.107292
0.107296
0.107299
0.107303
0.107307
0.107310
0.107314
0.107318
0.107321
0.107325
0.107328
0.107332
0.107336
0.107339
0.107343
0.107346
0.107350
0.107354
0.107357
0.107361
0.107364
0.107368
0.107372
0.107375
0.107379
0.107383
0.107386
0.107390
0.107393
0.107397
0.107401
0.107404
0.107408
0.107411
0.107415
0.107419
0.107422
0.107426
0.107430
0.107433
0.107437
0.107440
0.107444
0.107448
0.107451
0.107455
0.107459
0.107462
0.107466
0.107469
0.107473
0.107477
0.107480
0.107484
0.107487
0.107491
0.107495
0.107498
0.107502
0.107506
0.107509
0.107513
0.107516
0.107520
0.107524
0.107527
0.107531
0.107535
0.107538
0.107542
0.107545
0.107549
0.107553
0.107556
0.107560
0.107564
0.107567
0.107571
0.107574
0.107578
0.107582
0.107585
0.107589
0.107592
0.107596
0.107600
0.107603
0.107607
0.107611
0.107614
0.107618
0.107621
0.107625
0.107629
0.107632
0.107636
0.107640
0.107643
0.107647
0.107650
0.107654
0.107658
0.107661
0.107665
0.107669
0.107672
0.107676
0.107679
0.107683
0.107687
0.107690
0.107694
0.107698
0.107701
0.107705
0.107708
0.107712
0.107716
0.107719
0.107723
0.107727
0.107730
0.107734
0.107737
0.107741
0.107745
0.107748
0.107752
0.107756
0.107759
0.107763
0.107766
0.107770
0.107774
0.107777
0.107781
0.107785
0.107788
0.107792
0.107796
0.107799
0.107803
0.107806
0.107810
0.107814
0.107817
0.107821
0.107825
0.107828
0.107832
0.107835
0.107839
0.107843
0.107846
0.107850
0.107854
0.107857
0.107861
0.107864
0.107868
0.107872
0.107875
0.107879
0.107883
0.107886
0.107890
0.107894
0.107897
0.107901
0.107904
0.107908
0.107912
0.107915
0.107919
0.107923
0.107926
0.107930
0.107934
0.107937
0.107941
0.107944
0.107948
0.107952
0.107955
0.107959
0.107963
0.107966
0.107970
0.107973
0.107977
0.107981
0.107984
0.107988
0.107992
0.107995
0.107999
0.108003
0.108006
0.108010
0.108013
0.108017
0.108021
0.108024
0.108028
0.108032
0.108035
0.108039
0.108043
0.108046
0.108050
0.108053
0.108057
0.108061
0.108064
0.108068
0.108072
0.108075
0.108079
0.108083
0.108086
0.108090
0.108094
0.108097
0.108101
0.108104
0.108108
0.108112
0.108115
0.108119
0.108123
0.108126
0.108130
0.108134
0.108137
0.108141
0.108144
0.108148
0.108152
0.108155
0.108159
0.108163
0.108166
0.108170
0.108174
0.108177
0.108181
0.108185
0.108188
0.108192
0.108195
0.108199
0.108203
0.108206
0.108210
0.108214
0.108217
0.108221
0.108225
0.108228
0.108232
0.108236
0.108239
0.108243
0.108246
0.108250
0.108254
0.108257
0.108261
0.108265
0.108268
0.108272
0.108276
0.108279
0.108283
0.108287
0.108290
0.108294
0.108297
0.108301
0.108305
0.108308
0.108312
0.108316
0.108319
0.108323
0.108327
0.108330
0.108334
0.108338
0.108341
0.108345
0.108349
0.108352
0.108356
0.108359
0.108363
0.108367
0.108370
0.108374
0.108378
0.108381
0.108385
0.108389
0.108392
0.108396
0.108400
0.108403
0.108407
0.108411
0.108414
0.108418
0.108422
0.108425
0.108429
0.108432
0.108436
0.108440
0.108443
0.108447
0.108451
0.108454
0.108458
0.108462
0.108465
0.108469
0.108473
0.108476
0.108480
0.108484
0.108487
0.108491
0.108495
0.108498
0.108502
0.108505
0.108509
0.108513
0.108516
0.108520
0.108524
0.108527
0.108531
0.108535
0.108538
0.108542
0.108546
0.108549
0.108553
0.108557
0.108560
0.108564
0.108568
0.108571
0.108575
0.108579
0.108582
0.108586
0.108590
0.108593
0.108597
0.108600
0.108604
0.108608
0.108611
0.108615
0.108619
0.108622
0.108626
0.108630
0.108633
0.108637
0.108641
0.108644
0.108648
0.108652
0.108655
0.108659
0.108663
0.108666
0.108670
0.108674
0.108677
0.108681
0.108685
0.108688
0.108692
0.108696
0.108699
0.108703
0.108707
0.108710
0.108714
0.108718
0.108721
0.108725
0.108729
0.108732
0.108736
0.108739
0.108743
0.108747
0.108750
0.108754
0.108758
0.108761
0.108765
0.108769
0.108772
0.108776
0.108780
0.108783
0.108787
0.108791
0.108794
0.108798
0.108802
0.108805
0.108809
0.108813
0.108816
0.108820
0.108824
0.108827
0.108831
0.108835
0.108838
0.108842
0.108846
0.108849
0.108853
0.108857
0.108860
0.108864
0.108868
0.108871
0.108875
0.108879
0.108882
0.108886
0.108890
0.108893
0.108897
0.108901
0.108904
0.108908
0.108912
0.108915
0.108919
0.108923
0.108926
0.108930
0.108934
0.108937
0.108941
0.108945
0.108948
0.108952
0.108956
0.108959
0.108963
0.108967
0.108970
0.108974
0.108978
0.108981
0.108985
0.108989
0.108992
0.108996
0.109000
0.109003
0.109007
0.109011
0.109014
0.109018
0.109022
0.109025
0.109029
0.109033
0.109036
0.109040
0.109044
0.109047
0.109051
0.109055
0.109058
0.109062
0.109066
0.109069
0.109073
0.109077
0.109080
0.109084
0.109088
0.109091
0.109095
0.109099
0.109102
0.109106
0.109110
0.109113
0.109117
0.109121
0.109124
0.109128
0.109132
0.109135
0.109139
0.109143
0.109146
0.109150
0.109154
0.109158
0.109161
0.109165
0.109169
0.109172
0.109176
0.109180
0.109183
0.109187
0.109191
0.109194
0.109198
0.109202
0.109205
0.109209
0.109213
0.109216
0.109220
0.109224
0.109227
0.109231
0.109235
0.109238
0.109242
0.109246
0.109249
0.109253
0.109257
0.109260
0.109264
0.109268
0.109271
0.109275
0.109279
0.109283
0.109286
0.109290
0.109294
0.109297
0.109301
0.109305
0.109308
0.109312
0.109316
0.109319
0.109323
0.109327
0.109330
0.109334
0.109338
0.109341
0.109345
0.109349
0.109352
0.109356
0.109360
0.109363
0.109367
0.109371
0.109374
0.109378
0.109382
0.109386
0.109389
0.109393
0.109397
0.109400
0.109404
0.109408
0.109411
0.109415
0.109419
0.109422
0.109426
0.109430
0.109433
0.109437
0.109441
0.109444
0.109448
0.109452
0.109456
0.109459
0.109463
0.109467
0.109470
0.109474
0.109478
0.109481
0.109485
0.109489
0.109492
0.109496
0.109500
0.109503
0.109507
0.109511
0.109514
0.109518
0.109522
0.109526
0.109529
0.109533
0.109537
0.109540
0.109544
0.109548
0.109551
0.109555
0.109559
0.109562
0.109566
0.109570
0.109573
0.109577
0.109581
0.109585
0.109588
0.109592
0.109596
0.109599
0.109603
0.109607
0.109610
0.109614
0.109618
0.109621
0.109625
0.109629
0.109632
0.109636
0.109640
0.109644
0.109647
0.109651
0.109655
0.109658
0.109662
0.109666
0.109669
0.109673
0.109677
0.109680
0.109684
0.109688
0.109691
0.109695
0.109699
0.109703
0.109706
0.109710
0.109714
0.109717
0.109721
0.109725
0.109728
0.109732
0.109736
0.109739
0.109743
0.109747
0.109751
0.109754
0.109758
0.109762
0.109765
0.109769
0.109773
0.109776
0.109780
0.109784
0.109788
0.109791
0.109795
0.109799
0.109802
0.109806
0.109810
0.109813
0.109817
0.109821
0.109824
0.109828
0.109832
0.109836
0.109839
0.109843
0.109847
0.109850
0.109854
0.109858
0.109861
0.109865
0.109869
0.109873
0.109876
0.109880
0.109884
0.109887
0.109891
0.109895
0.109898
0.109902
0.109906
0.109909
0.109913
0.109917
0.109921
0.109924
0.109928
0.109932
0.109935
0.109939
0.109943
0.109946
0.109950
0.109954
0.109958
0.109961
0.109965
0.109969
0.109972
0.109976
0.109980
0.109983
0.109987
0.109991
0.109995
0.109998
0.110002
0.110006
0.110009
0.110013
0.110017
0.110021
0.110024
0.110028
0.110032
0.110035
0.110039
0.110043
0.110046
0.110050
0.110054
0.110058
0.110061
0.110065
0.110069
0.110072
0.110076
0.110080
0.110083
0.110087
0.110091
0.110095
0.110098
0.110102
0.110106
0.110109
0.110113
0.110117
0.110121
0.110124
0.110128
0.110132
0.110135
0.110139
0.110143
0.110146
0.110150
0.110154
0.110158
0.110161
0.110165
0.110169
0.110172
0.110176
0.110180
0.110184
0.110187
0.110191
0.110195
0.110198
0.110202
0.110206
0.110209
0.110213
0.110217
0.110221
0.110224
0.110228
0.110232
0.110235
0.110239
0.110243
0.110247
0.110250
0.110254
0.110258
0.110261
0.110265
0.110269
0.110273
0.110276
0.110280
0.110284
0.110287
0.110291
0.110295
0.110299
0.110302
0.110306
0.110310
0.110313
0.110317
0.110321
0.110324
0.110328
0.110332
0.110336
0.110339
0.110343
0.110347
0.110350
0.110354
0.110358
0.110362
0.110365
0.110369
0.110373
0.110376
0.110380
0.110384
0.110388
0.110391
0.110395
0.110399
0.110402
0.110406
0.110410
0.110414
0.110417
0.110421
0.110425
0.110428
0.110432
0.110436
0.110440
0.110443
0.110447
0.110451
0.110454
0.110458
0.110462
0.110466
0.110469
0.110473
0.110477
0.110481
0.110484
0.110488
0.110492
0.110495
0.110499
0.110503
0.110507
0.110510
0.110514
0.110518
0.110521
0.110525
0.110529
0.110533
0.110536
0.110540
0.110544
0.110547
0.110551
0.110555
0.110559
0.110562
0.110566
0.110570
0.110573
0.110577
0.110581
0.110585
0.110588
0.110592
0.110596
0.110600
0.110603
0.110607
0.110611
0.110614
0.110618
0.110622
0.110626
0.110629
0.110633
0.110637
0.110640
0.110644
0.110648
0.110652
0.110655
0.110659
0.110663
0.110667
0.110670
0.110674
0.110678
0.110681
0.110685
0.110689
0.110693
0.110696
0.110700
0.110704
0.110707
0.110711
0.110715
0.110719
0.110722
0.110726
0.110730
0.110734
0.110737
0.110741
0.110745
0.110748
0.110752
0.110756
0.110760
0.110763
0.110767
0.110771
0.110775
0.110778
0.110782
0.110786
0.110789
0.110793
0.110797
0.110801
0.110804
0.110808
0.110812
0.110816
0.110819
0.110823
0.110827
0.110830
0.110834
0.110838
0.110842
0.110845
0.110849
0.110853
0.110857
0.110860
0.110864
0.110868
0.110871
0.110875
0.110879
0.110883
0.110886
0.110890
0.110894
0.110898
0.110901
0.110905
0.110909
0.110913
0.110916
0.110920
0.110924
0.110927
0.110931
0.110935
0.110939
0.110942
0.110946
0.110950
0.110954
0.110957
0.110961
0.110965
0.110969
0.110972
0.110976
0.110980
0.110983
0.110987
0.110991
0.110995
0.110998
0.111002
0.111006
0.111010
0.111013
0.111017
0.111021
0.111025
0.111028
0.111032
0.111036
0.111039
0.111043
0.111047
0.111051
0.111054
0.111058
0.111062
0.111066
0.111069
0.111073
0.111077
0.111081
0.111084
0.111088
0.111092
0.111096
0.111099
0.111103
0.111107
0.111110
0.111114
0.111118
0.111122
0.111125
0.111129
0.111133
0.111137
0.111140
0.111144
0.111148
0.111152
0.111155
0.111159
0.111163
0.111167
0.111170
0.111174
0.111178
0.111181
0.111185
0.111189
0.111193
0.111196
0.111200
0.111204
0.111208
0.111211
0.111215
0.111219
0.111223
0.111226
0.111230
0.111234
0.111238
0.111241
0.111245
0.111249
0.111253
0.111256
0.111260
0.111264
0.111268
0.111271
0.111275
0.111279
0.111283
0.111286
0.111290
0.111294
0.111298
0.111301
0.111305
0.111309
0.111312
0.111316
0.111320
0.111324
0.111327
0.111331
0.111335
0.111339
0.111342
0.111346
0.111350
0.111354
0.111357
0.111361
0.111365
0.111369
0.111372
0.111376
0.111380
0.111384
0.111387
0.111391
0.111395
0.111399
0.111402
0.111406
0.111410
0.111414
0.111417
0.111421
0.111425
0.111429
0.111432
0.111436
0.111440
0.111444
0.111447
0.111451
0.111455
0.111459
0.111462
0.111466
0.111470
0.111474
0.111477
0.111481
0.111485
0.111489
0.111492
0.111496
0.111500
0.111504
0.111507
0.111511
0.111515
0.111519
0.111522
0.111526
0.111530
0.111534
0.111537
0.111541
0.111545
0.111549
0.111552
0.111556
0.111560
0.111564
0.111567
0.111571
0.111575
0.111579
0.111582
0.111586
0.111590
0.111594
0.111597
0.111601
0.111605
0.111609
0.111612
0.111616
0.111620
0.111624
0.111627
0.111631
0.111635
0.111639
0.111642
0.111646
0.111650
0.111654
0.111657
0.111661
0.111665
0.111669
0.111673
0.111676
0.111680
0.111684
0.111688
0.111691
0.111695
0.111699
0.111703
0.111706
0.111710
0.111714
0.111718
0.111721
0.111725
0.111729
0.111733
0.111736
0.111740
0.111744
0.111748
0.111751
0.111755
0.111759
0.111763
0.111766
0.111770
0.111774
0.111778
0.111781
0.111785
0.111789
0.111793
0.111797
0.111800
0.111804
0.111808
0.111812
0.111815
0.111819
0.111823
0.111827
0.111830
0.111834
0.111838
0.111842
0.111845
0.111849
0.111853
0.111857
0.111860
0.111864
0.111868
0.111872
0.111876
0.111879
0.111883
0.111887
0.111891
0.111894
0.111898
0.111902
0.111906
0.111909
0.111913
0.111917
0.111921
0.111924
0.111928
0.111932
0.111936
0.111940
0.111943
0.111947
0.111951
0.111955
0.111958
0.111962
0.111966
0.111970
0.111973
0.111977
0.111981
0.111985
0.111988
0.111992
0.111996
0.112000
0.112004
0.112007
0.112011
0.112015
0.112019
0.112022
0.112026
0.112030
0.112034
0.112037
0.112041
0.112045
0.112049
0.112053
0.112056
0.112060
0.112064
0.112068
0.112071
0.112075
0.112079
0.112083
0.112086
0.112090
0.112094
0.112098
0.112102
0.112105
0.112109
0.112113
0.112117
0.112120
0.112124
0.112128
0.112132
0.112135
0.112139
0.112143
0.112147
0.112151
0.112154
0.112158
0.112162
0.112166
0.112169
0.112173
0.112177
0.112181
0.112185
0.112188
0.112192
0.112196
0.112200
0.112203
0.112207
0.112211
0.112215
0.112218
0.112222
0.112226
0.112230
0.112234
0.112237
0.112241
0.112245
0.112249
0.112252
0.112256
0.112260
0.112264
0.112268
0.112271
0.112275
0.112279
0.112283
0.112286
0.112290
0.112294
0.112298
0.112302
0.112305
0.112309
0.112313
0.112317
0.112320
0.112324
0.112328
0.112332
0.112336
0.112339
0.112343
0.112347
0.112351
0.112354
0.112358
0.112362
0.112366
0.112370
0.112373
0.112377
0.112381
0.112385
0.112388
0.112392
0.112396
0.112400
0.112404
0.112407
0.112411
0.112415
0.112419
0.112422
0.112426
0.112430
0.112434
0.112438
0.112441
0.112445
0.112449
0.112453
0.112456
0.112460
0.112464
0.112468
0.112472
0.112475
0.112479
0.112483
0.112487
0.112491
0.112494
0.112498
0.112502
0.112506
0.112509
0.112513
0.112517
0.112521
0.112525
0.112528
0.112532
0.112536
0.112540
0.112543
0.112547
0.112551
0.112555
0.112559
0.112562
0.112566
0.112570
0.112574
0.112578
0.112581
0.112585
0.112589
0.112593
0.112596
0.112600
0.112604
0.112608
0.112612
0.112615
0.112619
0.112623
0.112627
0.112631
0.112634
0.112638
0.112642
0.112646
0.112650
0.112653
0.112657
0.112661
0.112665
0.112668
0.112672
0.112676
0.112680
0.112684
0.112687
0.112691
0.112695
0.112699
0.112703
0.112706
0.112710
0.112714
0.112718
0.112722
0.112725
0.112729
0.112733
0.112737
0.112740
0.112744
0.112748
0.112752
0.112756
0.112759
0.112763
0.112767
0.112771
0.112775
0.112778
0.112782
0.112786
0.112790
0.112794
0.112797
0.112801
0.112805
0.112809
0.112813
0.112816
0.112820
0.112824
0.112828
0.112831
0.112835
0.112839
0.112843
0.112847
0.112850
0.112854
0.112858
0.112862
0.112866
0.112869
0.112873
0.112877
0.112881
0.112885
0.112888
0.112892
0.112896
0.112900
0.112904
0.112907
0.112911
0.112915
0.112919
0.112923
0.112926
0.112930
0.112934
0.112938
0.112942
0.112945
0.112949
0.112953
0.112957
0.112961
0.112964
0.112968
0.112972
0.112976
0.112980
0.112983
0.112987
0.112991
0.112995
0.112999
0.113002
0.113006
0.113010
0.113014
0.113018
0.113021
0.113025
0.113029
0.113033
0.113037
0.113040
0.113044
0.113048
0.113052
0.113056
0.113059
0.113063
0.113067
0.113071
0.113075
0.113078
0.113082
0.113086
0.113090
0.113094
0.113097
0.113101
0.113105
0.113109
0.113113
0.113116
0.113120
0.113124
0.113128
0.113132
0.113135
0.113139
0.113143
0.113147
0.113151
0.113154
0.113158
0.113162
0.113166
0.113170
0.113173
0.113177
0.113181
0.113185
0.113189
0.113193
0.113196
0.113200
0.113204
0.113208
0.113212
0.113215
0.113219
0.113223
0.113227
0.113231
0.113234
0.113238
0.113242
0.113246
0.113250
0.113253
0.113257
0.113261
0.113265
0.113269
0.113272
0.113276
0.113280
0.113284
0.113288
0.113291
0.113295
0.113299
0.113303
0.113307
0.113311
0.113314
0.113318
0.113322
0.113326
0.113330
0.113333
0.113337
0.113341
0.113345
0.113349
0.113352
0.113356
0.113360
0.113364
0.113368
0.113372
0.113375
0.113379
0.113383
0.113387
0.113391
0.113394
0.113398
0.113402
0.113406
0.113410
0.113413
0.113417
0.113421
0.113425
0.113429
0.113433
0.113436
0.113440
0.113444
0.113448
0.113452
0.113455
0.113459
0.113463
0.113467
0.113471
0.113474
0.113478
0.113482
0.113486
0.113490
0.113494
0.113497
0.113501
0.113505
0.113509
0.113513
0.113516
0.113520
0.113524
0.113528
0.113532
0.113536
0.113539
0.113543
0.113547
0.113551
0.113555
0.113558
0.113562
0.113566
0.113570
0.113574
0.113578
0.113581
0.113585
0.113589
0.113593
0.113597
0.113600
0.113604
0.113608
0.113612
0.113616
0.113620
0.113623
0.113627
0.113631
0.113635
0.113639
0.113642
0.113646
0.113650
0.113654
0.113658
0.113662
0.113665
0.113669
0.113673
0.113677
0.113681
0.113685
0.113688
0.113692
0.113696
0.113700
0.113704
0.113707
0.113711
0.113715
0.113719
0.113723
0.113727
0.113730
0.113734
0.113738
0.113742
0.113746
0.113750
0.113753
0.113757
0.113761
0.113765
0.113769
0.113772
0.113776
0.113780
0.113784
0.113788
0.113792
0.113795
0.113799
0.113803
0.113807
0.113811
0.113815
0.113818
0.113822
0.113826
0.113830
0.113834
0.113837
0.113841
0.113845
0.113849
0.113853
0.113857
0.113860
0.113864
0.113868
0.113872
0.113876
0.113880
0.113883
0.113887
0.113891
0.113895
0.113899
0.113903
0.113906
0.113910
0.113914
0.113918
0.113922
0.113926
0.113929
0.113933
0.113937
0.113941
0.113945
0.113949
0.113952
0.113956
0.113960
0.113964
0.113968
0.113972
0.113975
0.113979
0.113983
0.113987
0.113991
0.113995
0.113998
0.114002
0.114006
0.114010
0.114014
0.114018
0.114021
0.114025
0.114029
0.114033
0.114037
0.114041
0.114044
0.114048
0.114052
0.114056
0.114060
0.114064
0.114067
0.114071
0.114075
0.114079
0.114083
0.114087
0.114090
0.114094
0.114098
0.114102
0.114106
0.114110
0.114113
0.114117
0.114121
0.114125
0.114129
0.114133
0.114136
0.114140
0.114144
0.114148
0.114152
0.114156
0.114159
0.114163
0.114167
0.114171
0.114175
0.114179
0.114182
0.114186
0.114190
0.114194
0.114198
0.114202
0.114205
0.114209
0.114213
0.114217
0.114221
0.114225
0.114229
0.114232
0.114236
0.114240
0.114244
0.114248
0.114252
0.114255
0.114259
0.114263
0.114267
0.114271
0.114275
0.114278
0.114282
0.114286
0.114290
0.114294
0.114298
0.114301
0.114305
0.114309
0.114313
0.114317
0.114321
0.114325
0.114328
0.114332
0.114336
0.114340
0.114344
0.114348
0.114351
0.114355
0.114359
0.114363
0.114367
0.114371
0.114375
0.114378
0.114382
0.114386
0.114390
0.114394
0.114398
0.114401
0.114405
0.114409
0.114413
0.114417
0.114421
0.114425
0.114428
0.114432
0.114436
0.114440
0.114444
0.114448
0.114451
0.114455
0.114459
0.114463
0.114467
0.114471
0.114475
0.114478
0.114482
0.114486
0.114490
0.114494
0.114498
0.114501
0.114505
0.114509
0.114513
0.114517
0.114521
0.114525
0.114528
0.114532
0.114536
0.114540
0.114544
0.114548
0.114552
0.114555
0.114559
0.114563
0.114567
0.114571
0.114575
0.114578
0.114582
0.114586
0.114590
0.114594
0.114598
0.114602
0.114605
0.114609
0.114613
0.114617
0.114621
0.114625
0.114629
0.114632
0.114636
0.114640
0.114644
0.114648
0.114652
0.114656
0.114659
0.114663
0.114667
0.114671
0.114675
0.114679
0.114682
0.114686
0.114690
0.114694
0.114698
0.114702
0.114706
0.114709
0.114713
0.114717
0.114721
0.114725
0.114729
0.114733
0.114736
0.114740
0.114744
0.114748
0.114752
0.114756
0.114760
0.114763
0.114767
0.114771
0.114775
0.114779
0.114783
0.114787
0.114790
0.114794
0.114798
0.114802
0.114806
0.114810
0.114814
0.114817
0.114821
0.114825
0.114829
0.114833
0.114837
0.114841
0.114844
0.114848
0.114852
0.114856
0.114860
0.114864
0.114868
0.114872
0.114875
0.114879
0.114883
0.114887
0.114891
0.114895
0.114899
0.114902
0.114906
0.114910
0.114914
0.114918
0.114922
0.114926
0.114929
0.114933
0.114937
0.114941
0.114945
0.114949
0.114953
0.114956
0.114960
0.114964
0.114968
0.114972
0.114976
0.114980
0.114984
0.114987
0.114991
0.114995
0.114999
0.115003
0.115007
0.115011
0.115014
0.115018
0.115022
0.115026
0.115030
0.115034
0.115038
0.115042
0.115045
0.115049
0.115053
0.115057
0.115061
0.115065
0.115069
0.115072
0.115076
0.115080
0.115084
0.115088
0.115092
0.115096
0.115100
0.115103
0.115107
0.115111
0.115115
0.115119
0.115123
0.115127
0.115130
0.115134
0.115138
0.115142
0.115146
0.115150
0.115154
0.115158
0.115161
0.115165
0.115169
0.115173
0.115177
0.115181
0.115185
0.115189
0.115192
0.115196
0.115200
0.115204
0.115208
0.115212
0.115216
0.115220
0.115223
0.115227
0.115231
0.115235
0.115239
0.115243
0.115247
0.115250
0.115254
0.115258
0.115262
0.115266
0.115270
0.115274
0.115278
0.115281
0.115285
0.115289
0.115293
0.115297
0.115301
0.115305
0.115309
0.115312
0.115316
0.115320
0.115324
0.115328
0.115332
0.115336
0.115340
0.115343
0.115347
0.115351
0.115355
0.115359
0.115363
0.115367
0.115371
0.115375
0.115378
0.115382
0.115386
0.115390
0.115394
0.115398
0.115402
0.115406
0.115409
0.115413
0.115417
0.115421
0.115425
0.115429
0.115433
0.115437
0.115440
0.115444
0.115448
0.115452
0.115456
0.115460
0.115464
0.115468
0.115471
0.115475
0.115479
0.115483
0.115487
0.115491
0.115495
0.115499
0.115503
0.115506
0.115510
0.115514
0.115518
0.115522
0.115526
0.115530
0.115534
0.115537
0.115541
0.115545
0.115549
0.115553
0.115557
0.115561
0.115565
0.115569
0.115572
0.115576
0.115580
0.115584
0.115588
0.115592
0.115596
0.115600
0.115603
0.115607
0.115611
0.115615
0.115619
0.115623
0.115627
0.115631
0.115635
0.115638
0.115642
0.115646
0.115650
0.115654
0.115658
0.115662
0.115666
0.115670
0.115673
0.115677
0.115681
0.115685
0.115689
0.115693
0.115697
0.115701
0.115705
0.115708
0.115712
0.115716
0.115720
0.115724
0.115728
0.115732
0.115736
0.115740
0.115743
0.115747
0.115751
0.115755
0.115759
0.115763
0.115767
0.115771
0.115775
0.115778
0.115782
0.115786
0.115790
0.115794
0.115798
0.115802
0.115806
0.115810
0.115813
0.115817
0.115821
0.115825
0.115829
0.115833
0.115837
0.115841
0.115845
0.115848
0.115852
0.115856
0.115860
0.115864
0.115868
0.115872
0.115876
0.115880
0.115884
0.115887
0.115891
0.115895
0.115899
0.115903
0.115907
0.115911
0.115915
0.115919
0.115922
0.115926
0.115930
0.115934
0.115938
0.115942
0.115946
0.115950
0.115954
0.115958
0.115961
0.115965
0.115969
0.115973
0.115977
0.115981
0.115985
0.115989
0.115993
0.115997
0.116000
0.116004
0.116008
0.116012
0.116016
0.116020
0.116024
0.116028
0.116032
0.116035
0.116039
0.116043
0.116047
0.116051
0.116055
0.116059
0.116063
0.116067
0.116071
0.116074
0.116078
0.116082
0.116086
0.116090
0.116094
0.116098
0.116102
0.116106
0.116110
0.116113
0.116117
0.116121
0.116125
0.116129
0.116133
0.116137
0.116141
0.116145
0.116149
0.116153
0.116156
0.116160
0.116164
0.116168
0.116172
0.116176
0.116180
0.116184
0.116188
0.116192
0.116195
0.116199
0.116203
0.116207
0.116211
0.116215
0.116219
0.116223
0.116227
0.116231
0.116234
0.116238
0.116242
0.116246
0.116250
0.116254
0.116258
0.116262
0.116266
0.116270
0.116274
0.116277
0.116281
0.116285
0.116289
0.116293
0.116297
0.116301
0.116305
0.116309
0.116313
0.116317
0.116320
0.116324
0.116328
0.116332
0.116336
0.116340
0.116344
0.116348
0.116352
0.116356
0.116360
0.116363
0.116367
0.116371
0.116375
0.116379
0.116383
0.116387
0.116391
0.116395
0.116399
0.116403
0.116406
0.116410
0.116414
0.116418
0.116422
0.116426
0.116430
0.116434
0.116438
0.116442
0.116446
0.116449
0.116453
0.116457
0.116461
0.116465
0.116469
0.116473
0.116477
0.116481
0.116485
0.116489
0.116493
0.116496
0.116500
0.116504
0.116508
0.116512
0.116516
0.116520
0.116524
0.116528
0.116532
0.116536
0.116540
0.116543
0.116547
0.116551
0.116555
0.116559
0.116563
0.116567
0.116571
0.116575
0.116579
0.116583
0.116586
0.116590
0.116594
0.116598
0.116602
0.116606
0.116610
0.116614
0.116618
0.116622
0.116626
0.116630
0.116634
0.116637
0.116641
0.116645
0.116649
0.116653
0.116657
0.116661
0.116665
0.116669
0.116673
0.116677
0.116681
0.116684
0.116688
0.116692
0.116696
0.116700
0.116704
0.116708
0.116712
0.116716
0.116720
0.116724
0.116728
0.116732
0.116735
0.116739
0.116743
0.116747
0.116751
0.116755
0.116759
0.116763
0.116767
0.116771
0.116775
0.116779
0.116783
0.116786
0.116790
0.116794
0.116798
0.116802
0.116806
0.116810
0.116814
0.116818
0.116822
0.116826
0.116830
0.116834
0.116837
0.116841
0.116845
0.116849
0.116853
0.116857
0.116861
0.116865
0.116869
0.116873
0.116877
0.116881
0.116885
0.116888
0.116892
0.116896
0.116900
0.116904
0.116908
0.116912
0.116916
0.116920
0.116924
0.116928
0.116932
0.116936
0.116940
0.116943
0.116947
0.116951
0.116955
0.116959
0.116963
0.116967
0.116971
0.116975
0.116979
0.116983
0.116987
0.116991
0.116995
0.116998
0.117002
0.117006
0.117010
0.117014
0.117018
0.117022
0.117026
0.117030
0.117034
0.117038
0.117042
0.117046
0.117050
0.117054
0.117057
0.117061
0.117065
0.117069
0.117073
0.117077
0.117081
0.117085
0.117089
0.117093
0.117097
0.117101
0.117105
0.117109
0.117113
0.117116
0.117120
0.117124
0.117128
0.117132
0.117136
0.117140
0.117144
0.117148
0.117152
0.117156
0.117160
0.117164
0.117168
0.117172
0.117175
0.117179
0.117183
0.117187
0.117191
0.117195
0.117199
0.117203
0.117207
0.117211
0.117215
0.117219
0.117223
0.117227
0.117231
0.117235
0.117238
0.117242
0.117246
0.117250
0.117254
0.117258
0.117262
0.117266
0.117270
0.117274
0.117278
0.117282
0.117286
0.117290
0.117294
0.117298
0.117301
0.117305
0.117309
0.117313
0.117317
0.117321
0.117325
0.117329
0.117333
0.117337
0.117341
0.117345
0.117349
0.117353
0.117357
0.117361
0.117365
0.117369
0.117372
0.117376
0.117380
0.117384
0.117388
0.117392
0.117396
0.117400
0.117404
0.117408
0.117412
0.117416
0.117420
0.117424
0.117428
0.117432
0.117436
0.117439
0.117443
0.117447
0.117451
0.117455
0.117459
0.117463
0.117467
0.117471
0.117475
0.117479
0.117483
0.117487
0.117491
0.117495
0.117499
0.117503
0.117507
0.117511
0.117514
0.117518
0.117522
0.117526
0.117530
0.117534
0.117538
0.117542
0.117546
0.117550
0.117554
0.117558
0.117562
0.117566
0.117570
0.117574
0.117578
0.117582
0.117586
0.117589
0.117593
0.117597
0.117601
0.117605
0.117609
0.117613
0.117617
0.117621
0.117625
0.117629
0.117633
0.117637
0.117641
0.117645
0.117649
0.117653
0.117657
0.117661
0.117665
0.117669
0.117672
0.117676
0.117680
0.117684
0.117688
0.117692
0.117696
0.117700
0.117704
0.117708
0.117712
0.117716
0.117720
0.117724
0.117728
0.117732
0.117736
0.117740
0.117744
0.117748
0.117752
0.117755
0.117759
0.117763
0.117767
0.117771
0.117775
0.117779
0.117783
0.117787
0.117791
0.117795
0.117799
0.117803
0.117807
0.117811
0.117815
0.117819
0.117823
0.117827
0.117831
0.117835
0.117839
0.117843
0.117846
0.117850
0.117854
0.117858
0.117862
0.117866
0.117870
0.117874
0.117878
0.117882
0.117886
0.117890
0.117894
0.117898
0.117902
0.117906
0.117910
0.117914
0.117918
0.117922
0.117926
0.117930
0.117934
0.117938
0.117942
0.117945
0.117949
0.117953
0.117957
0.117961
0.117965
0.117969
0.117973
0.117977
0.117981
0.117985
0.117989
0.117993
0.117997
0.118001
0.118005
0.118009
0.118013
0.118017
0.118021
0.118025
0.118029
0.118033
0.118037
0.118041
0.118045
0.118049
0.118052
0.118056
0.118060
0.118064
0.118068
0.118072
0.118076
0.118080
0.118084
0.118088
0.118092
0.118096
0.118100
0.118104
0.118108
0.118112
0.118116
0.118120
0.118124
0.118128
0.118132
0.118136
0.118140
0.118144
0.118148
0.118152
0.118156
0.118160
0.118164
0.118168
0.118171
0.118175
0.118179
0.118183
0.118187
0.118191
0.118195
0.118199
0.118203
0.118207
0.118211
0.118215
0.118219
0.118223
0.118227
0.118231
0.118235
0.118239
0.118243
0.118247
0.118251
0.118255
0.118259
0.118263
0.118267
0.118271
0.118275
0.118279
0.118283
0.118287
0.118291
0.118295
0.118299
0.118303
0.118306
0.118310
0.118314
0.118318
0.118322
0.118326
0.118330
0.118334
0.118338
0.118342
0.118346
0.118350
0.118354
0.118358
0.118362
0.118366
0.118370
0.118374
0.118378
0.118382
0.118386
0.118390
0.118394
0.118398
0.118402
0.118406
0.118410
0.118414
0.118418
0.118422
0.118426
0.118430
0.118434
0.118438
0.118442
0.118446
0.118450
0.118454
0.118458
0.118462
0.118466
0.118469
0.118473
0.118477
0.118481
0.118485
0.118489
0.118493
0.118497
0.118501
0.118505
0.118509
0.118513
0.118517
0.118521
0.118525
0.118529
0.118533
0.118537
0.118541
0.118545
0.118549
0.118553
0.118557
0.118561
0.118565
0.118569
0.118573
0.118577
0.118581
0.118585
0.118589
0.118593
0.118597
0.118601
0.118605
0.118609
0.118613
0.118617
0.118621
0.118625
0.118629
0.118633
0.118637
0.118641
0.118645
0.118649
0.118653
0.118657
0.118661
0.118665
0.118669
0.118673
0.118677
0.118681
0.118685
0.118688
0.118692
0.118696
0.118700
0.118704
0.118708
0.118712
0.118716
0.118720
0.118724
0.118728
0.118732
0.118736
0.118740
0.118744
0.118748
0.118752
0.118756
0.118760
0.118764
0.118768
0.118772
0.118776
0.118780
0.118784
0.118788
0.118792
0.118796
0.118800
0.118804
0.118808
0.118812
0.118816
0.118820
0.118824
0.118828
0.118832
0.118836
0.118840
0.118844
0.118848
0.118852
0.118856
0.118860
0.118864
0.118868
0.118872
0.118876
0.118880
0.118884
0.118888
0.118892
0.118896
0.118900
0.118904
0.118908
0.118912
0.118916
0.118920
0.118924
0.118928
0.118932
0.118936
0.118940
0.118944
0.118948
0.118952
0.118956
0.118960
0.118964
0.118968
0.118972
0.118976
0.118980
0.118984
0.118988
0.118992
0.118996
0.119000
0.119004
0.119008
0.119012
0.119016
0.119020
0.119024
0.119028
0.119032
0.119036
0.119040
0.119044
0.119048
0.119052
0.119056
0.119060
0.119064
0.119068
0.119072
0.119076
0.119080
0.119084
0.119088
0.119092
0.119096
0.119100
0.119104
0.119108
0.119112
0.119116
0.119120
0.119124
0.119128
0.119132
0.119136
0.119140
0.119144
0.119148
0.119152
0.119156
0.119160
0.119164
0.119168
0.119172
0.119176
0.119180
0.119184
0.119188
0.119192
0.119196
0.119200
0.119204
0.119208
0.119212
0.119216
0.119220
0.119224
0.119228
0.119232
0.119236
0.119240
0.119244
0.119248
0.119252
0.119256
0.119260
0.119264
0.119268
0.119272
0.119276
0.119280
0.119284
0.119288
0.119292
0.119296
0.119300
0.119304
0.119308
0.119312
0.119316
0.119320
0.119324
0.119328
0.119332
0.119336
0.119340
0.119344
0.119348
0.119352
0.119356
0.119360
0.119364
0.119368
0.119372
0.119376
0.119380
0.119384
0.119388
0.119392
0.119396
0.119400
0.119404
0.119408
0.119412
0.119416
0.119420
0.119424
0.119428
0.119432
0.119436
0.119440
0.119444
0.119448
0.119452
0.119456
0.119460
0.119464
0.119468
0.119472
0.119476
0.119480
0.119484
0.119488
0.119492
0.119496
0.119500
0.119504
0.119508
0.119512
0.119516
0.119520
0.119524
0.119528
0.119532
0.119536
0.119540
0.119544
0.119548
0.119552
0.119556
0.119560
0.119564
0.119568
0.119572
0.119577
0.119581
0.119585
0.119589
0.119593
0.119597
0.119601
0.119605
0.119609
0.119613
0.119617
0.119621
0.119625
0.119629
0.119633
0.119637
0.119641
0.119645
0.119649
0.119653
0.119657
0.119661
0.119665
0.119669
0.119673
0.119677
0.119681
0.119685
0.119689
0.119693
0.119697
0.119701
0.119705
0.119709
0.119713
0.119717
0.119721
0.119725
0.119729
0.119733
0.119737
0.119741
0.119745
0.119749
0.119753
0.119757
0.119761
0.119765
0.119769
0.119773
0.119777
0.119781
0.119785
0.119789
0.119793
0.119797
0.119802
0.119806
0.119810
0.119814
0.119818
0.119822
0.119826
0.119830
0.119834
0.119838
0.119842
0.119846
0.119850
0.119854
0.119858
0.119862
0.119866
0.119870
0.119874
0.119878
0.119882
0.119886
0.119890
0.119894
0.119898
0.119902
0.119906
0.119910
0.119914
0.119918
0.119922
0.119926
0.119930
0.119934
0.119938
0.119942
0.119946
0.119950
0.119954
0.119958
0.119962
0.119967
0.119971
0.119975
0.119979
0.119983
0.119987
0.119991
0.119995
0.119999
0.120003
0.120007
0.120011
0.120015
0.120019
0.120023
0.120027
0.120031
0.120035
0.120039
0.120043
0.120047
0.120051
0.120055
0.120059
0.120063
0.120067
0.120071
0.120075
0.120079
0.120083
0.120087
0.120091
0.120095
0.120100
0.120104
0.120108
0.120112
0.120116
0.120120
0.120124
0.120128
0.120132
0.120136
0.120140
0.120144
0.120148
0.120152
0.120156
0.120160
0.120164
0.120168
0.120172
0.120176
0.120180
0.120184
0.120188
0.120192
0.120196
0.120200
0.120204
0.120208
0.120212
0.120216
0.120221
0.120225
0.120229
0.120233
0.120237
0.120241
0.120245
0.120249
0.120253
0.120257
0.120261
0.120265
0.120269
0.120273
0.120277
0.120281
0.120285
0.120289
0.120293
0.120297
0.120301
0.120305
0.120309
0.120313
0.120317
0.120321
0.120325
0.120330
0.120334
0.120338
0.120342
0.120346
0.120350
0.120354
0.120358
0.120362
0.120366
0.120370
0.120374
0.120378
0.120382
0.120386
0.120390
0.120394
0.120398
0.120402
0.120406
0.120410
0.120414
0.120418
0.120422
0.120426
0.120431
0.120435
0.120439
0.120443
0.120447
0.120451
0.120455
0.120459
0.120463
0.120467
0.120471
0.120475
0.120479
0.120483
0.120487
0.120491
0.120495
0.120499
0.120503
0.120507
0.120511
0.120515
0.120519
0.120524
0.120528
0.120532
0.120536
0.120540
0.120544
0.120548
0.120552
0.120556
0.120560
0.120564
0.120568
0.120572
0.120576
0.120580
0.120584
0.120588
0.120592
0.120596
0.120600
0.120604
0.120609
0.120613
0.120617
0.120621
0.120625
0.120629
0.120633
0.120637
0.120641
0.120645
0.120649
0.120653
0.120657
0.120661
0.120665
0.120669
0.120673
0.120677
0.120681
0.120685
0.120690
0.120694
0.120698
0.120702
0.120706
0.120710
0.120714
0.120718
0.120722
0.120726
0.120730
0.120734
0.120738
0.120742
0.120746
0.120750
0.120754
0.120758
0.120762
0.120766
0.120771
0.120775
0.120779
0.120783
0.120787
0.120791
0.120795
0.120799
0.120803
0.120807
0.120811
0.120815
0.120819
0.120823
0.120827
0.120831
0.120835
0.120839
0.120844
0.120848
0.120852
0.120856
0.120860
0.120864
0.120868
0.120872
0.120876
0.120880
0.120884
0.120888
0.120892
0.120896
0.120900
0.120904
0.120908
0.120913
0.120917
0.120921
0.120925
0.120929
0.120933
0.120937
0.120941
0.120945
0.120949
0.120953
0.120957
0.120961
0.120965
0.120969
0.120973
0.120977
0.120982
0.120986
0.120990
0.120994
0.120998
0.121002
0.121006
0.121010
0.121014
0.121018
0.121022
0.121026
0.121030
0.121034
0.121038
0.121042
0.121046
0.121051
0.121055
0.121059
0.121063
0.121067
0.121071
0.121075
0.121079
0.121083
0.121087
0.121091
0.121095
0.121099
0.121103
0.121107
0.121112
0.121116
0.121120
0.121124
0.121128
0.121132
0.121136
0.121140
0.121144
0.121148
0.121152
0.121156
0.121160
0.121164
0.121168
0.121172
0.121177
0.121181
0.121185
0.121189
0.121193
0.121197
0.121201
0.121205
0.121209
0.121213
0.121217
0.121221
0.121225
0.121229
0.121234
0.121238
0.121242
0.121246
0.121250
0.121254
0.121258
0.121262
0.121266
0.121270
0.121274
0.121278
0.121282
0.121286
0.121290
0.121295
0.121299
0.121303
0.121307
0.121311
0.121315
0.121319
0.121323
0.121327
0.121331
0.121335
0.121339
0.121343
0.121347
0.121352
0.121356
0.121360
0.121364
0.121368
0.121372
0.121376
0.121380
0.121384
0.121388
0.121392
0.121396
0.121400
0.121404
0.121409
0.121413
0.121417
0.121421
0.121425
0.121429
0.121433
0.121437
0.121441
0.121445
0.121449
0.121453
0.121457
0.121462
0.121466
0.121470
0.121474
0.121478
0.121482
0.121486
0.121490
0.121494
0.121498
0.121502
0.121506
0.121510
0.121515
0.121519
0.121523
0.121527
0.121531
0.121535
0.121539
0.121543
0.121547
0.121551
0.121555
0.121559
0.121563
0.121568
0.121572
0.121576
0.121580
0.121584
0.121588
0.121592
0.121596
0.121600
0.121604
0.121608
0.121612
0.121617
0.121621
0.121625
0.121629
0.121633
0.121637
0.121641
0.121645
0.121649
0.121653
0.121657
0.121661
0.121666
0.121670
0.121674
0.121678
0.121682
0.121686
0.121690
0.121694
0.121698
0.121702
0.121706
0.121710
0.121715
0.121719
0.121723
0.121727
0.121731
0.121735
0.121739
0.121743
0.121747
0.121751
0.121755
0.121759
0.121764
0.121768
0.121772
0.121776
0.121780
0.121784
0.121788
0.121792
0.121796
0.121800
0.121804
0.121808
0.121813
0.121817
0.121821
0.121825
0.121829
0.121833
0.121837
0.121841
0.121845
0.121849
0.121853
0.121858
0.121862
0.121866
0.121870
0.121874
0.121878
0.121882
0.121886
0.121890
0.121894
0.121898
0.121903
0.121907
0.121911
0.121915
0.121919
0.121923
0.121927
0.121931
0.121935
0.121939
0.121943
0.121948
0.121952
0.121956
0.121960
0.121964
0.121968
0.121972
0.121976
0.121980
0.121984
0.121988
0.121993
0.121997
0.122001
0.122005
0.122009
0.122013
0.122017
0.122021
0.122025
0.122029
0.122033
0.122038
0.122042
0.122046
0.122050
0.122054
0.122058
0.122062
0.122066
0.122070
0.122074
0.122079
0.122083
0.122087
0.122091
0.122095
0.122099
0.122103
0.122107
0.122111
0.122115
0.122119
0.122124
0.122128
0.122132
0.122136
0.122140
0.122144
0.122148
0.122152
0.122156
0.122160
0.122165
0.122169
0.122173
0.122177
0.122181
0.122185
0.122189
0.122193
0.122197
0.122201
0.122206
0.122210
0.122214
0.122218
0.122222
0.122226
0.122230
0.122234
0.122238
0.122242
0.122247
0.122251
0.122255
0.122259
0.122263
0.122267
0.122271
0.122275
0.122279
0.122284
0.122288
0.122292
0.122296
0.122300
0.122304
0.122308
0.122312
0.122316
0.122320
0.122325
0.122329
0.122333
0.122337
0.122341
0.122345
0.122349
0.122353
0.122357
0.122361
0.122366
0.122370
0.122374
0.122378
0.122382
0.122386
0.122390
0.122394
0.122398
0.122403
0.122407
0.122411
0.122415
0.122419
0.122423
0.122427
0.122431
0.122435
0.122439
0.122444
0.122448
0.122452
0.122456
0.122460
0.122464
0.122468
0.122472
0.122476
0.122481
0.122485
0.122489
0.122493
0.122497
0.122501
0.122505
0.122509
0.122513
0.122518
0.122522
0.122526
0.122530
0.122534
0.122538
0.122542
0.122546
0.122550
0.122555
0.122559
0.122563
0.122567
0.122571
0.122575
0.122579
0.122583
0.122587
0.122592
0.122596
0.122600
0.122604
0.122608
0.122612
0.122616
0.122620
0.122624
0.122629
0.122633
0.122637
0.122641
0.122645
0.122649
0.122653
0.122657
0.122662
0.122666
0.122670
0.122674
0.122678
0.122682
0.122686
0.122690
0.122694
0.122699
0.122703
0.122707
0.122711
0.122715
0.122719
0.122723
0.122727
0.122731
0.122736
0.122740
0.122744
0.122748
0.122752
0.122756
0.122760
0.122764
0.122769
0.122773
0.122777
0.122781
0.122785
0.122789
0.122793
0.122797
0.122802
0.122806
0.122810
0.122814
0.122818
0.122822
0.122826
0.122830
0.122834
0.122839
0.122843
0.122847
0.122851
0.122855
0.122859
0.122863
0.122867
0.122872
0.122876
0.122880
0.122884
0.122888
0.122892
0.122896
0.122900
0.122905
0.122909
0.122913
0.122917
0.122921
0.122925
0.122929
0.122933
0.122938
0.122942
0.122946
0.122950
0.122954
0.122958
0.122962
0.122966
0.122971
0.122975
0.122979
0.122983
0.122987
0.122991
0.122995
0.122999
0.123004
0.123008
0.123012
0.123016
0.123020
0.123024
0.123028
0.123032
0.123037
0.123041
0.123045
0.123049
0.123053
0.123057
0.123061
0.123065
0.123070
0.123074
0.123078
0.123082
0.123086
0.123090
0.123094
0.123098
0.123103
0.123107
0.123111
0.123115
0.123119
0.123123
0.123127
0.123132
0.123136
0.123140
0.123144
0.123148
0.123152
0.123156
0.123160
0.123165
0.123169
0.123173
0.123177
0.123181
0.123185
0.123189
0.123193
0.123198
0.123202
0.123206
0.123210
0.123214
0.123218
0.123222
0.123227
0.123231
0.123235
0.123239
0.123243
0.123247
0.123251
0.123255
0.123260
0.123264
0.123268
0.123272
0.123276
0.123280
0.123284
0.123289
0.123293
0.123297
0.123301
0.123305
0.123309
0.123313
0.123318
0.123322
0.123326
0.123330
0.123334
0.123338
0.123342
0.123346
0.123351
0.123355
0.123359
0.123363
0.123367
0.123371
0.123375
0.123380
0.123384
0.123388
0.123392
0.123396
0.123400
0.123404
0.123409
0.123413
0.123417
0.123421
0.123425
0.123429
0.123433
0.123438
0.123442
0.123446
0.123450
0.123454
0.123458
0.123462
0.123467
0.123471
0.123475
0.123479
0.123483
0.123487
0.123491
0.123495
0.123500
0.123504
0.123508
0.123512
0.123516
0.123520
0.123524
0.123529
0.123533
0.123537
0.123541
0.123545
0.123549
0.123553
0.123558
0.123562
0.123566
0.123570
0.123574
0.123578
0.123583
0.123587
0.123591
0.123595
0.123599
0.123603
0.123607
0.123612
0.123616
0.123620
0.123624
0.123628
0.123632
0.123636
0.123641
0.123645
0.123649
0.123653
0.123657
0.123661
0.123665
0.123670
0.123674
0.123678
0.123682
0.123686
0.123690
0.123694
0.123699
0.123703
0.123707
0.123711
0.123715
0.123719
0.123724
0.123728
0.123732
0.123736
0.123740
0.123744
0.123748
0.123753
0.123757
0.123761
0.123765
0.123769
0.123773
0.123777
0.123782
0.123786
0.123790
0.123794
0.123798
0.123802
0.123807
0.123811
0.123815
0.123819
0.123823
0.123827
0.123831
0.123836
0.123840
0.123844
0.123848
0.123852
0.123856
0.123861
0.123865
0.123869
0.123873
0.123877
0.123881
0.123885
0.123890
0.123894
0.123898
0.123902
0.123906
0.123910
0.123915
0.123919
0.123923
0.123927
0.123931
0.123935
0.123939
0.123944
0.123948
0.123952
0.123956
0.123960
0.123964
0.123969
0.123973
0.123977
0.123981
0.123985
0.123989
0.123994
0.123998
0.124002
0.124006
0.124010
0.124014
0.124018
0.124023
0.124027
0.124031
0.124035
0.124039
0.124043
0.124048
0.124052
0.124056
0.124060
0.124064
0.124068
0.124073
0.124077
0.124081
0.124085
0.124089
0.124093
0.124098
0.124102
0.124106
0.124110
0.124114
0.124118
0.124123
0.124127
0.124131
0.124135
0.124139
0.124143
0.124147
0.124152
0.124156
0.124160
0.124164
0.124168
0.124172
0.124177
0.124181
0.124185
0.124189
0.124193
0.124197
0.124202
0.124206
0.124210
0.124214
0.124218
0.124222
0.124227
0.124231
0.124235
0.124239
0.124243
0.124247
0.124252
0.124256
0.124260
0.124264
0.124268
0.124272
0.124277
0.124281
0.124285
0.124289
0.124293
0.124297
0.124302
0.124306
0.124310
0.124314
0.124318
0.124322
0.124327
0.124331
0.124335
0.124339
0.124343
0.124347
0.124352
0.124356
0.124360
0.124364
0.124368
0.124373
0.124377
0.124381
0.124385
0.124389
0.124393
0.124398
0.124402
0.124406
0.124410
0.124414
0.124418
0.124423
0.124427
0.124431
0.124435
0.124439
0.124443
0.124448
0.124452
0.124456
0.124460
0.124464
0.124468
0.124473
0.124477
0.124481
0.124485
0.124489
0.124494
0.124498
0.124502
0.124506
0.124510
0.124514
0.124519
0.124523
0.124527
0.124531
0.124535
0.124539
0.124544
0.124548
0.124552
0.124556
0.124560
0.124564
0.124569
0.124573
0.124577
0.124581
0.124585
0.124590
0.124594
0.124598
0.124602
0.124606
0.124610
0.124615
0.124619
0.124623
0.124627
0.124631
0.124636
0.124640
0.124644
0.124648
0.124652
0.124656
0.124661
0.124665
0.124669
0.124673
0.124677
0.124682
0.124686
0.124690
0.124694
0.124698
0.124702
0.124707
0.124711
0.124715
0.124719
0.124723
0.124728
0.124732
0.124736
0.124740
0.124744
0.124748
0.124753
0.124757
0.124761
0.124765
0.124769
0.124774
0.124778
0.124782
0.124786
0.124790
0.124794
0.124799
0.124803
0.124807
0.124811
0.124815
0.124820
0.124824
0.124828
0.124832
0.124836
0.124840
0.124845
0.124849
0.124853
0.124857
0.124861
0.124866
0.124870
0.124874
0.124878
0.124882
0.124887
0.124891
0.124895
0.124899
0.124903
0.124907
0.124912
0.124916
0.124920
0.124924
0.124928
0.124933
0.124937
0.124941
0.124945
0.124949
0.124954
0.124958
0.124962
0.124966
0.124970
0.124974
0.124979
0.124983
0.124987
0.124991
0.124995
0.125000
0.125004
0.125008
0.125012
0.125016
0.125021
0.125025
0.125029
0.125033
0.125037
0.125042
0.125046
0.125050
0.125054
0.125058
0.125063
0.125067
0.125071
0.125075
0.125079
0.125083
0.125088
0.125092
0.125096
0.125100
0.125104
0.125109
0.125113
0.125117
0.125121
0.125125
0.125130
0.125134
0.125138
0.125142
0.125146
0.125151
0.125155
0.125159
0.125163
0.125167
0.125172
0.125176
0.125180
0.125184
0.125188
0.125193
0.125197
0.125201
0.125205
0.125209
0.125214
0.125218
0.125222
0.125226
0.125230
0.125235
0.125239
0.125243
0.125247
0.125251
0.125256
0.125260
0.125264
0.125268
0.125272
0.125277
0.125281
0.125285
0.125289
0.125293
0.125298
0.125302
0.125306
0.125310
0.125314
0.125319
0.125323
0.125327
0.125331
0.125335
0.125340
0.125344
0.125348
0.125352
0.125356
0.125361
0.125365
0.125369
0.125373
0.125377
0.125382
0.125386
0.125390
0.125394
0.125398
0.125403
0.125407
0.125411
0.125415
0.125419
0.125424
0.125428
0.125432
0.125436
0.125440
0.125445
0.125449
0.125453
0.125457
0.125461
0.125466
0.125470
0.125474
0.125478
0.125483
0.125487
0.125491
0.125495
0.125499
0.125504
0.125508
0.125512
0.125516
0.125520
0.125525
0.125529
0.125533
0.125537
0.125541
0.125546
0.125550
0.125554
0.125558
0.125562
0.125567
0.125571
0.125575
0.125579
0.125584
0.125588
0.125592
0.125596
0.125600
0.125605
0.125609
0.125613
0.125617
0.125621
0.125626
0.125630
0.125634
0.125638
0.125642
0.125647
0.125651
0.125655
0.125659
0.125664
0.125668
0.125672
0.125676
0.125680
0.125685
0.125689
0.125693
0.125697
0.125701
0.125706
0.125710
0.125714
0.125718
0.125723
0.125727
0.125731
0.125735
0.125739
0.125744
0.125748
0.125752
0.125756
0.125760
0.125765
0.125769
0.125773
0.125777
0.125782
0.125786
0.125790
0.125794
0.125798
0.125803
0.125807
0.125811
0.125815
0.125820
0.125824
0.125828
0.125832
0.125836
0.125841
0.125845
0.125849
0.125853
0.125857
0.125862
0.125866
0.125870
0.125874
0.125879
0.125883
0.125887
0.125891
0.125895
0.125900
0.125904
0.125908
0.125912
0.125917
0.125921
0.125925
0.125929
0.125933
0.125938
0.125942
0.125946
0.125950
0.125955
0.125959
0.125963
0.125967
0.125971
0.125976
0.125980
0.125984
0.125988
0.125993
0.125997
0.126001
0.126005
0.126009
0.126014
0.126018
0.126022
0.126026
0.126031
0.126035
0.126039
0.126043
0.126047
0.126052
0.126056
0.126060
0.126064
0.126069
0.126073
0.126077
0.126081
0.126085
0.126090
0.126094
0.126098
0.126102
0.126107
0.126111
0.126115
0.126119
0.126124
0.126128
0.126132
0.126136
0.126140
0.126145
0.126149
0.126153
0.126157
0.126162
0.126166
0.126170
0.126174
0.126179
0.126183
0.126187
0.126191
0.126195
0.126200
0.126204
0.126208
0.126212
0.126217
0.126221
0.126225
0.126229
0.126233
0.126238
0.126242
0.126246
0.126250
0.126255
0.126259
0.126263
0.126267
0.126272
0.126276
0.126280
0.126284
0.126289
0.126293
0.126297
0.126301
0.126305
0.126310
0.126314
0.126318
0.126322
0.126327
0.126331
0.126335
0.126339
0.126344
0.126348
0.126352
0.126356
0.126361
0.126365
0.126369
0.126373
0.126377
0.126382
0.126386
0.126390
0.126394
0.126399
0.126403
0.126407
0.126411
0.126416
0.126420
0.126424
0.126428
0.126433
0.126437
0.126441
0.126445
0.126449
0.126454
0.126458
0.126462
0.126466
0.126471
0.126475
0.126479
0.126483
0.126488
0.126492
0.126496
0.126500
0.126505
0.126509
0.126513
0.126517
0.126522
0.126526
0.126530
0.126534
0.126539
0.126543
0.126547
0.126551
0.126555
0.126560
0.126564
0.126568
0.126572
0.126577
0.126581
0.126585
0.126589
0.126594
0.126598
0.126602
0.126606
0.126611
0.126615
0.126619
0.126623
0.126628
0.126632
0.126636
0.126640
0.126645
0.126649
0.126653
0.126657
0.126662
0.126666
0.126670
0.126674
0.126679
0.126683
0.126687
0.126691
0.126696
0.126700
0.126704
0.126708
0.126713
0.126717
0.126721
0.126725
0.126729
0.126734
0.126738
0.126742
0.126746
0.126751
0.126755
0.126759
0.126763
0.126768
0.126772
0.126776
0.126780
0.126785
0.126789
0.126793
0.126797
0.126802
0.126806
0.126810
0.126814
0.126819
0.126823
0.126827
0.126831
0.126836
0.126840
0.126844
0.126848
0.126853
0.126857
0.126861
0.126865
0.126870
0.126874
0.126878
0.126882
0.126887
0.126891
0.126895
0.126900
0.126904
0.126908
0.126912
0.126917
0.126921
0.126925
0.126929
0.126934
0.126938
0.126942
0.126946
0.126951
0.126955
0.126959
0.126963
0.126968
0.126972
0.126976
0.126980
0.126985
0.126989
0.126993
0.126997
0.127002
0.127006
0.127010
0.127014
0.127019
0.127023
0.127027
0.127031
0.127036
0.127040
0.127044
0.127048
0.127053
0.127057
0.127061
0.127065
0.127070
0.127074
0.127078
0.127083
0.127087
0.127091
0.127095
0.127100
0.127104
0.127108
0.127112
0.127117
0.127121
0.127125
0.127129
0.127134
0.127138
0.127142
0.127146
0.127151
0.127155
0.127159
0.127163
0.127168
0.127172
0.127176
0.127180
0.127185
0.127189
0.127193
0.127198
0.127202
0.127206
0.127210
0.127215
0.127219
0.127223
0.127227
0.127232
0.127236
0.127240
0.127244
0.127249
0.127253
0.127257
0.127261
0.127266
0.127270
0.127274
0.127279
0.127283
0.127287
0.127291
0.127296
0.127300
0.127304
0.127308
0.127313
0.127317
0.127321
0.127325
0.127330
0.127334
0.127338
0.127343
0.127347
0.127351
0.127355
0.127360
0.127364
0.127368
0.127372
0.127377
0.127381
0.127385
0.127390
0.127394
0.127398
0.127402
0.127407
0.127411
0.127415
0.127419
0.127424
0.127428
0.127432
0.127436
0.127441
0.127445
0.127449
0.127454
0.127458
0.127462
0.127466
0.127471
0.127475
0.127479
0.127483
0.127488
0.127492
0.127496
0.127501
0.127505
0.127509
0.127513
0.127518
0.127522
0.127526
0.127530
0.127535
0.127539
0.127543
0.127548
0.127552
0.127556
0.127560
0.127565
0.127569
0.127573
0.127577
0.127582
0.127586
0.127590
0.127595
0.127599
0.127603
0.127607
0.127612
0.127616
0.127620
0.127624
0.127629
0.127633
0.127637
0.127642
0.127646
0.127650
0.127654
0.127659
0.127663
0.127667
0.127672
0.127676
0.127680
0.127684
0.127689
0.127693
0.127697
0.127701
0.127706
0.127710
0.127714
0.127719
0.127723
0.127727
0.127731
0.127736
0.127740
0.127744
0.127749
0.127753
0.127757
0.127761
0.127766
0.127770
0.127774
0.127779
0.127783
0.127787
0.127791
0.127796
0.127800
0.127804
0.127809
0.127813
0.127817
0.127821
0.127826
0.127830
0.127834
0.127838
0.127843
0.127847
0.127851
0.127856
0.127860
0.127864
0.127868
0.127873
0.127877
0.127881
0.127886
0.127890
0.127894
0.127898
0.127903
0.127907
0.127911
0.127916
0.127920
0.127924
0.127928
0.127933
0.127937
0.127941
0.127946
0.127950
0.127954
0.127958
0.127963
0.127967
0.127971
0.127976
0.127980
0.127984
0.127988
0.127993
0.127997
0.128001
0.128006
0.128010
0.128014
0.128019
0.128023
0.128027
0.128031
0.128036
0.128040
0.128044
0.128049
0.128053
0.128057
0.128061
0.128066
0.128070
0.128074
0.128079
0.128083
0.128087
0.128091
0.128096
0.128100
0.128104
0.128109
0.128113
0.128117
0.128122
0.128126
0.128130
0.128134
0.128139
0.128143
0.128147
0.128152
0.128156
0.128160
0.128164
0.128169
0.128173
0.128177
0.128182
0.128186
0.128190
0.128194
0.128199
0.128203
0.128207
0.128212
0.128216
0.128220
0.128225
0.128229
0.128233
0.128237
0.128242
0.128246
0.128250
0.128255
0.128259
0.128263
0.128268
0.128272
0.128276
0.128280
0.128285
0.128289
0.128293
0.128298
0.128302
0.128306
0.128311
0.128315
0.128319
0.128323
0.128328
0.128332
0.128336
0.128341
0.128345
0.128349
0.128353
0.128358
0.128362
0.128366
0.128371
0.128375
0.128379
0.128384
0.128388
0.128392
0.128397
0.128401
0.128405
0.128409
0.128414
0.128418
0.128422
0.128427
0.128431
0.128435
0.128440
0.128444
0.128448
0.128452
0.128457
0.128461
0.128465
0.128470
0.128474
0.128478
0.128483
0.128487
0.128491
0.128495
0.128500
0.128504
0.128508
0.128513
0.128517
0.128521
0.128526
0.128530
0.128534
0.128539
0.128543
0.128547
0.128551
0.128556
0.128560
0.128564
0.128569
0.128573
0.128577
0.128582
0.128586
0.128590
0.128595
0.128599
0.128603
0.128607
0.128612
0.128616
0.128620
0.128625
0.128629
0.128633
0.128638
0.128642
0.128646
0.128651
0.128655
0.128659
0.128663
0.128668
0.128672
0.128676
0.128681
0.128685
0.128689
0.128694
0.128698
0.128702
0.128707
0.128711
0.128715
0.128720
0.128724
0.128728
0.128732
0.128737
0.128741
0.128745
0.128750
0.128754
0.128758
0.128763
0.128767
0.128771
0.128776
0.128780
0.128784
0.128789
0.128793
0.128797
0.128801
0.128806
0.128810
0.128814
0.128819
0.128823
0.128827
0.128832
0.128836
0.128840
0.128845
0.128849
0.128853
0.128858
0.128862
0.128866
0.128871
0.128875
0.128879
0.128883
0.128888
0.128892
0.128896
0.128901
0.128905
0.128909
0.128914
0.128918
0.128922
0.128927
0.128931
0.128935
0.128940
0.128944
0.128948
0.128953
0.128957
0.128961
0.128966
0.128970
0.128974
0.128978
0.128983
0.128987
0.128991
0.128996
0.129000
0.129004
0.129009
0.129013
0.129017
0.129022
0.129026
0.129030
0.129035
0.129039
0.129043
0.129048
0.129052
0.129056
0.129061
0.129065
0.129069
0.129074
0.129078
0.129082
0.129087
0.129091
0.129095
0.129100
0.129104
0.129108
0.129112
0.129117
0.129121
0.129125
0.129130
0.129134
0.129138
0.129143
0.129147
0.129151
0.129156
0.129160
0.129164
0.129169
0.129173
0.129177
0.129182
0.129186
0.129190
0.129195
0.129199
0.129203
0.129208
0.129212
0.129216
0.129221
0.129225
0.129229
0.129234
0.129238
0.129242
0.129247
0.129251
0.129255
0.129260
0.129264
0.129268
0.129273
0.129277
0.129281
0.129286
0.129290
0.129294
0.129299
0.129303
0.129307
0.129312
0.129316
0.129320
0.129325
0.129329
0.129333
0.129338
0.129342
0.129346
0.129351
0.129355
0.129359
0.129364
0.129368
0.129372
0.129377
0.129381
0.129385
0.129390
0.129394
0.129398
0.129403
0.129407
0.129411
0.129416
0.129420
0.129424
0.129429
0.129433
0.129437
0.129442
0.129446
0.129450
0.129455
0.129459
0.129463
0.129468
0.129472
0.129476
0.129481
0.129485
0.129489
0.129494
0.129498
0.129502
0.129507
0.129511
0.129515
0.129520
0.129524
0.129528
0.129533
0.129537
0.129541
0.129546
0.129550
0.129554
0.129559
0.129563
0.129567
0.129572
0.129576
0.129580
0.129585
0.129589
0.129593
0.129598
0.129602
0.129606
0.129611
0.129615
0.129619
0.129624
0.129628
0.129632
0.129637
0.129641
0.129645
0.129650
0.129654
0.129659
0.129663
0.129667
0.129672
0.129676
0.129680
0.129685
0.129689
0.129693
0.129698
0.129702
0.129706
0.129711
0.129715
0.129719
0.129724
0.129728
0.129732
0.129737
0.129741
0.129745
0.129750
0.129754
0.129758
0.129763
0.129767
0.129771
0.129776
0.129780
0.129784
0.129789
0.129793
0.129798
0.129802
0.129806
0.129811
0.129815
0.129819
0.129824
0.129828
0.129832
0.129837
0.129841
0.129845
0.129850
0.129854
0.129858
0.129863
0.129867
0.129871
0.129876
0.129880
0.129885
0.129889
0.129893
0.129898
0.129902
0.129906
0.129911
0.129915
0.129919
0.129924
0.129928
0.129932
0.129937
0.129941
0.129945
0.129950
0.129954
0.129958
0.129963
0.129967
0.129972
0.129976
0.129980
0.129985
0.129989
0.129993
0.129998
0.130002
0.130006
0.130011
0.130015
0.130019
0.130024
0.130028
0.130032
0.130037
0.130041
0.130046
0.130050
0.130054
0.130059
0.130063
0.130067
0.130072
0.130076
0.130080
0.130085
0.130089
0.130093
0.130098
0.130102
0.130107
0.130111
0.130115
0.130120
0.130124
0.130128
0.130133
0.130137
0.130141
0.130146
0.130150
0.130154
0.130159
0.130163
0.130168
0.130172
0.130176
0.130181
0.130185
0.130189
0.130194
0.130198
0.130202
0.130207
0.130211
0.130216
0.130220
0.130224
0.130229
0.130233
0.130237
0.130242
0.130246
0.130250
0.130255
0.130259
0.130263
0.130268
0.130272
0.130277
0.130281
0.130285
0.130290
0.130294
0.130298
0.130303
0.130307
0.130311
0.130316
0.130320
0.130325
0.130329
0.130333
0.130338
0.130342
0.130346
0.130351
0.130355
0.130359
0.130364
0.130368
0.130373
0.130377
0.130381
0.130386
0.130390
0.130394
0.130399
0.130403
0.130408
0.130412
0.130416
0.130421
0.130425
0.130429
0.130434
0.130438
0.130442
0.130447
0.130451
0.130456
0.130460
0.130464
0.130469
0.130473
0.130477
0.130482
0.130486
0.130491
0.130495
0.130499
0.130504
0.130508
0.130512
0.130517
0.130521
0.130525
0.130530
0.130534
0.130539
0.130543
0.130547
0.130552
0.130556
0.130560
0.130565
0.130569
0.130574
0.130578
0.130582
0.130587
0.130591
0.130595
0.130600
0.130604
0.130609
0.130613
0.130617
0.130622
0.130626
0.130630
0.130635
0.130639
0.130644
0.130648
0.130652
0.130657
0.130661
0.130665
0.130670
0.130674
0.130679
0.130683
0.130687
0.130692
0.130696
0.130700
0.130705
0.130709
0.130714
0.130718
0.130722
0.130727
0.130731
0.130735
0.130740
0.130744
0.130749
0.130753
0.130757
0.130762
0.130766
0.130770
0.130775
0.130779
0.130784
0.130788
0.130792
0.130797
0.130801
0.130805
0.130810
0.130814
0.130819
0.130823
0.130827
0.130832
0.130836
0.130841
0.130845
0.130849
0.130854
0.130858
0.130862
0.130867
0.130871
0.130876
0.130880
0.130884
0.130889
0.130893
0.130897
0.130902
0.130906
0.130911
0.130915
0.130919
0.130924
0.130928
0.130933
0.130937
0.130941
0.130946
0.130950
0.130954
0.130959
0.130963
0.130968
0.130972
0.130976
0.130981
0.130985
0.130990
0.130994
0.130998
0.131003
0.131007
0.131011
0.131016
0.131020
0.131025
0.131029
0.131033
0.131038
0.131042
0.131047
0.131051
0.131055
0.131060
0.131064
0.131069
0.131073
0.131077
0.131082
0.131086
0.131090
0.131095
0.131099
0.131104
0.131108
0.131112
0.131117
0.131121
0.131126
0.131130
0.131134
0.131139
0.131143
0.131148
0.131152
0.131156
0.131161
0.131165
0.131169
0.131174
0.131178
0.131183
0.131187
0.131191
0.131196
0.131200
0.131205
0.131209
0.131213
0.131218
0.131222
0.131227
0.131231
0.131235
0.131240
0.131244
0.131249
0.131253
0.131257
0.131262
0.131266
0.131271
0.131275
0.131279
0.131284
0.131288
0.131292
0.131297
0.131301
0.131306
0.131310
0.131314
0.131319
0.131323
0.131328
0.131332
0.131336
0.131341
0.131345
0.131350
0.131354
0.131358
0.131363
0.131367
0.131372
0.131376
0.131380
0.131385
0.131389
0.131394
0.131398
0.131402
0.131407
0.131411
0.131416
0.131420
0.131424
0.131429
0.131433
0.131438
0.131442
0.131446
0.131451
0.131455
0.131460
0.131464
0.131468
0.131473
0.131477
0.131482
0.131486
0.131490
0.131495
0.131499
0.131504
0.131508
0.131512
0.131517
0.131521
0.131526
0.131530
0.131534
0.131539
0.131543
0.131548
0.131552
0.131556
0.131561
0.131565
0.131570
0.131574
0.131578
0.131583
0.131587
0.131592
0.131596
0.131601
0.131605
0.131609
0.131614
0.131618
0.131623
0.131627
0.131631
0.131636
0.131640
0.131645
0.131649
0.131653
0.131658
0.131662
0.131667
0.131671
0.131675
0.131680
0.131684
0.131689
0.131693
0.131697
0.131702
0.131706
0.131711
0.131715
0.131720
0.131724
0.131728
0.131733
0.131737
0.131742
0.131746
0.131750
0.131755
0.131759
0.131764
0.131768
0.131772
0.131777
0.131781
0.131786
0.131790
0.131794
0.131799
0.131803
0.131808
0.131812
0.131817
0.131821
0.131825
0.131830
0.131834
0.131839
0.131843
0.131847
0.131852
0.131856
0.131861
0.131865
0.131870
0.131874
0.131878
0.131883
0.131887
0.131892
0.131896
0.131900
0.131905
0.131909
0.131914
0.131918
0.131922
0.131927
0.131931
0.131936
0.131940
0.131945
0.131949
0.131953
0.131958
0.131962
0.131967
0.131971
0.131976
0.131980
0.131984
0.131989
0.131993
0.131998
0.132002
0.132006
0.132011
0.132015
0.132020
0.132024
0.132029
0.132033
0.132037
0.132042
0.132046
0.132051
0.132055
0.132059
0.132064
0.132068
0.132073
0.132077
0.132082
0.132086
0.132090
0.132095
0.132099
0.132104
0.132108
0.132113
0.132117
0.132121
0.132126
0.132130
0.132135
0.132139
0.132143
0.132148
0.132152
0.132157
0.132161
0.132166
0.132170
0.132174
0.132179
0.132183
0.132188
0.132192
0.132197
0.132201
0.132205
0.132210
0.132214
0.132219
0.132223
0.132228
0.132232
0.132236
0.132241
0.132245
0.132250
0.132254
0.132259
0.132263
0.132267
0.132272
0.132276
0.132281
0.132285
0.132290
0.132294
0.132298
0.132303
0.132307
0.132312
0.132316
0.132321
0.132325
0.132329
0.132334
0.132338
0.132343
0.132347
0.132352
0.132356
0.132360
0.132365
0.132369
0.132374
0.132378
0.132383
0.132387
0.132391
0.132396
0.132400
0.132405
0.132409
0.132414
0.132418
0.132422
0.132427
0.132431
0.132436
0.132440
0.132445
0.132449
0.132453
0.132458
0.132462
0.132467
0.132471
0.132476
0.132480
0.132484
0.132489
0.132493
0.132498
0.132502
0.132507
0.132511
0.132516
0.132520
0.132524
0.132529
0.132533
0.132538
0.132542
0.132547
0.132551
0.132555
0.132560
0.132564
0.132569
0.132573
0.132578
0.132582
0.132586
0.132591
0.132595
0.132600
0.132604
0.132609
0.132613
0.132618
0.132622
0.132626
0.132631
0.132635
0.132640
0.132644
0.132649
0.132653
0.132658
0.132662
0.132666
0.132671
0.132675
0.132680
0.132684
0.132689
0.132693
0.132697
0.132702
0.132706
0.132711
0.132715
0.132720
0.132724
0.132729
0.132733
0.132737
0.132742
0.132746
0.132751
0.132755
0.132760
0.132764
0.132769
0.132773
0.132777
0.132782
0.132786
0.132791
0.132795
0.132800
0.132804
0.132809
0.132813
0.132817
0.132822
0.132826
0.132831
0.132835
0.132840
0.132844
0.132849
0.132853
0.132857
0.132862
0.132866
0.132871
0.132875
0.132880
0.132884
0.132889
0.132893
0.132897
0.132902
0.132906
0.132911
0.132915
0.132920
0.132924
0.132929
0.132933
0.132937
0.132942
0.132946
0.132951
0.132955
0.132960
0.132964
0.132969
0.132973
0.132978
0.132982
0.132986
0.132991
0.132995
0.133000
0.133004
0.133009
0.133013
0.133018
0.133022
0.133027
0.133031
0.133035
0.133040
0.133044
0.133049
0.133053
0.133058
0.133062
0.133067
0.133071
0.133075
0.133080
0.133084
0.133089
0.133093
0.133098
0.133102
0.133107
0.133111
0.133116
0.133120
0.133124
0.133129
0.133133
0.133138
0.133142
0.133147
0.133151
0.133156
0.133160
0.133165
0.133169
0.133173
0.133178
0.133182
0.133187
0.133191
0.133196
0.133200
0.133205
0.133209
0.133214
0.133218
0.133223
0.133227
0.133231
0.133236
0.133240
0.133245
0.133249
0.133254
0.133258
0.133263
0.133267
0.133272
0.133276
0.133280
0.133285
0.133289
0.133294
0.133298
0.133303
0.133307
0.133312
0.133316
0.133321
0.133325
0.133330
0.133334
0.133338
0.133343
0.133347
0.133352
0.133356
0.133361
0.133365
0.133370
0.133374
0.133379
0.133383
0.133388
0.133392
0.133396
0.133401
0.133405
0.133410
0.133414
0.133419
0.133423
0.133428
0.133432
0.133437
0.133441
0.133446
0.133450
0.133455
0.133459
0.133463
0.133468
0.133472
0.133477
0.133481
0.133486
0.133490
0.133495
0.133499
0.133504
0.133508
0.133513
0.133517
0.133522
0.133526
0.133530
0.133535
0.133539
0.133544
0.133548
0.133553
0.133557
0.133562
0.133566
0.133571
0.133575
0.133580
0.133584
0.133589
0.133593
0.133597
0.133602
0.133606
0.133611
0.133615
0.133620
0.133624
0.133629
0.133633
0.133638
0.133642
0.133647
0.133651
0.133656
0.133660
0.133665
0.133669
0.133674
0.133678
0.133682
0.133687
0.133691
0.133696
0.133700
0.133705
0.133709
0.133714
0.133718
0.133723
0.133727
0.133732
0.133736
0.133741
0.133745
0.133750
0.133754
0.133759
0.133763
0.133767
0.133772
0.133776
0.133781
0.133785
0.133790
0.133794
0.133799
0.133803
0.133808
0.133812
0.133817
0.133821
0.133826
0.133830
0.133835
0.133839
0.133844
0.133848
0.133853
0.133857
0.133861
0.133866
0.133870
0.133875
0.133879
0.133884
0.133888
0.133893
0.133897
0.133902
0.133906
0.133911
0.133915
0.133920
0.133924
0.133929
0.133933
0.133938
0.133942
0.133947
0.133951
0.133956
0.133960
0.133965
0.133969
0.133974
0.133978
0.133982
0.133987
0.133991
0.133996
0.134000
0.134005
0.134009
0.134014
0.134018
0.134023
0.134027
0.134032
0.134036
0.134041
0.134045
0.134050
0.134054
0.134059
0.134063
0.134068
0.134072
0.134077
0.134081
0.134086
0.134090
0.134095
0.134099
0.134104
0.134108
0.134113
0.134117
0.134122
0.134126
0.134130
0.134135
0.134139
0.134144
0.134148
0.134153
0.134157
0.134162
0.134166
0.134171
0.134175
0.134180
0.134184
0.134189
0.134193
0.134198
0.134202
0.134207
0.134211
0.134216
0.134220
0.134225
0.134229
0.134234
0.134238
0.134243
0.134247
0.134252
0.134256
0.134261
0.134265
0.134270
0.134274
0.134279
0.134283
0.134288
0.134292
0.134297
0.134301
0.134306
0.134310
0.134315
0.134319
0.134324
0.134328
0.134333
0.134337
0.134342
0.134346
0.134351
0.134355
0.134360
0.134364
0.134369
0.134373
0.134378
0.134382
0.134386
0.134391
0.134395
0.134400
0.134404
0.134409
0.134413
0.134418
0.134422
0.134427
0.134431
0.134436
0.134440
0.134445
0.134449
0.134454
0.134458
0.134463
0.134467
0.134472
0.134476
0.134481
0.134485
0.134490
0.134494
0.134499
0.134503
0.134508
0.134512
0.134517
0.134521
0.134526
0.134530
0.134535
0.134539
0.134544
0.134548
0.134553
0.134557
0.134562
0.134566
0.134571
0.134575
0.134580
0.134584
0.134589
0.134593
0.134598
0.134602
0.134607
0.134611
0.134616
0.134620
0.134625
0.134629
0.134634
0.134638
0.134643
0.134647
0.134652
0.134656
0.134661
0.134666
0.134670
0.134675
0.134679
0.134684
0.134688
0.134693
0.134697
0.134702
0.134706
0.134711
0.134715
0.134720
0.134724
0.134729
0.134733
0.134738
0.134742
0.134747
0.134751
0.134756
0.134760
0.134765
0.134769
0.134774
0.134778
0.134783
0.134787
0.134792
0.134796
0.134801
0.134805
0.134810
0.134814
0.134819
0.134823
0.134828
0.134832
0.134837
0.134841
0.134846
0.134850
0.134855
0.134859
0.134864
0.134868
0.134873
0.134877
0.134882
0.134886
0.134891
0.134895
0.134900
0.134904
0.134909
0.134913
0.134918
0.134923
0.134927
0.134932
0.134936
0.134941
0.134945
0.134950
0.134954
0.134959
0.134963
0.134968
0.134972
0.134977
0.134981
0.134986
0.134990
0.134995
0.134999
0.135004
0.135008
0.135013
0.135017
0.135022
0.135026
0.135031
0.135035
0.135040
0.135044
0.135049
0.135053
0.135058
0.135062
0.135067
0.135072
0.135076
0.135081
0.135085
0.135090
0.135094
0.135099
0.135103
0.135108
0.135112
0.135117
0.135121
0.135126
0.135130
0.135135
0.135139
0.135144
0.135148
0.135153
0.135157
0.135162
0.135166
0.135171
0.135175
0.135180
0.135185
0.135189
0.135194
0.135198
0.135203
0.135207
0.135212
0.135216
0.135221
0.135225
0.135230
0.135234
0.135239
0.135243
0.135248
0.135252
0.135257
0.135261
0.135266
0.135270
0.135275
0.135279
0.135284
0.135289
0.135293
0.135298
0.135302
0.135307
0.135311
0.135316
0.135320
0.135325
0.135329
0.135334
0.135338
0.135343
0.135347
0.135352
0.135356
0.135361
0.135365
0.135370
0.135375
0.135379
0.135384
0.135388
0.135393
0.135397
0.135402
0.135406
0.135411
0.135415
0.135420
0.135424
0.135429
0.135433
0.135438
0.135442
0.135447
0.135452
0.135456
0.135461
0.135465
0.135470
0.135474
0.135479
0.135483
0.135488
0.135492
0.135497
0.135501
0.135506
0.135510
0.135515
0.135520
0.135524
0.135529
0.135533
0.135538
0.135542
0.135547
0.135551
0.135556
0.135560
0.135565
0.135569
0.135574
0.135578
0.135583
0.135588
0.135592
0.135597
0.135601
0.135606
0.135610
0.135615
0.135619
0.135624
0.135628
0.135633
0.135637
0.135642
0.135646
0.135651
0.135656
0.135660
0.135665
0.135669
0.135674
0.135678
0.135683
0.135687
0.135692
0.135696
0.135701
0.135705
0.135710
0.135715
0.135719
0.135724
0.135728
0.135733
0.135737
0.135742
0.135746
0.135751
0.135755
0.135760
0.135764
0.135769
0.135774
0.135778
0.135783
0.135787
0.135792
0.135796
0.135801
0.135805
0.135810
0.135814
0.135819
0.135824
0.135828
0.135833
0.135837
0.135842
0.135846
0.135851
0.135855
0.135860
0.135864
0.135869
0.135873
0.135878
0.135883
0.135887
0.135892
0.135896
0.135901
0.135905
0.135910
0.135914
0.135919
0.135923
0.135928
0.135933
0.135937
0.135942
0.135946
0.135951
0.135955
0.135960
0.135964
0.135969
0.135973
0.135978
0.135983
0.135987
0.135992
0.135996
0.136001
0.136005
0.136010
0.136014
0.136019
0.136024
0.136028
0.136033
0.136037
0.136042
0.136046
0.136051
0.136055
0.136060
0.136064
0.136069
0.136074
0.136078
0.136083
0.136087
0.136092
0.136096
0.136101
0.136105
0.136110
0.136115
0.136119
0.136124
0.136128
0.136133
0.136137
0.136142
0.136146
0.136151
0.136155
0.136160
0.136165
0.136169
0.136174
0.136178
0.136183
0.136187
0.136192
0.136196
0.136201
0.136206
0.136210
0.136215
0.136219
0.136224
0.136228
0.136233
0.136237
0.136242
0.136247
0.136251
0.136256
0.136260
0.136265
0.136269
0.136274
0.136278
0.136283
0.136288
0.136292
0.136297
0.136301
0.136306
0.136310
0.136315
0.136319
0.136324
0.136329
0.136333
0.136338
0.136342
0.136347
0.136351
0.136356
0.136361
0.136365
0.136370
0.136374
0.136379
0.136383
0.136388
0.136392
0.136397
0.136402
0.136406
0.136411
0.136415
0.136420
0.136424
0.136429
0.136433
0.136438
0.136443
0.136447
0.136452
0.136456
0.136461
0.136465
0.136470
0.136475
0.136479
0.136484
0.136488
0.136493
0.136497
0.136502
0.136506
0.136511
0.136516
0.136520
0.136525
0.136529
0.136534
0.136538
0.136543
0.136548
0.136552
0.136557
0.136561
0.136566
0.136570
0.136575
0.136580
0.136584
0.136589
0.136593
0.136598
0.136602
0.136607
0.136612
0.136616
0.136621
0.136625
0.136630
0.136634
0.136639
0.136643
0.136648
0.136653
0.136657
0.136662
0.136666
0.136671
0.136675
0.136680
0.136685
0.136689
0.136694
0.136698
0.136703
0.136707
0.136712
0.136717
0.136721
0.136726
0.136730
0.136735
0.136739
0.136744
0.136749
0.136753
0.136758
0.136762
0.136767
0.136771
0.136776
0.136781
0.136785
0.136790
0.136794
0.136799
0.136803
0.136808
0.136813
0.136817
0.136822
0.136826
0.136831
0.136835
0.136840
0.136845
0.136849
0.136854
0.136858
0.136863
0.136868
0.136872
0.136877
0.136881
0.136886
0.136890
0.136895
0.136900
0.136904
0.136909
0.136913
0.136918
0.136922
0.136927
0.136932
0.136936
0.136941
0.136945
0.136950
0.136955
0.136959
0.136964
0.136968
0.136973
0.136977
0.136982
0.136987
0.136991
0.136996
0.137000
0.137005
0.137009
0.137014
0.137019
0.137023
0.137028
0.137032
0.137037
0.137042
0.137046
0.137051
0.137055
0.137060
0.137064
0.137069
0.137074
0.137078
0.137083
0.137087
0.137092
0.137097
0.137101
0.137106
0.137110
0.137115
0.137119
0.137124
0.137129
0.137133
0.137138
0.137142
0.137147
0.137152
0.137156
0.137161
0.137165
0.137170
0.137174
0.137179
0.137184
0.137188
0.137193
0.137197
0.137202
0.137207
0.137211
0.137216
0.137220
0.137225
0.137229
0.137234
0.137239
0.137243
0.137248
0.137252
0.137257
0.137262
0.137266
0.137271
0.137275
0.137280
0.137285
0.137289
0.137294
0.137298
0.137303
0.137308
0.137312
0.137317
0.137321
0.137326
0.137330
0.137335
0.137340
0.137344
0.137349
0.137353
0.137358
0.137363
0.137367
0.137372
0.137376
0.137381
0.137386
0.137390
0.137395
0.137399
0.137404
0.137409
0.137413
0.137418
0.137422
0.137427
0.137431
0.137436
0.137441
0.137445
0.137450
0.137454
0.137459
0.137464
0.137468
0.137473
0.137477
0.137482
0.137487
0.137491
0.137496
0.137500
0.137505
0.137510
0.137514
0.137519
0.137523
0.137528
0.137533
0.137537
0.137542
0.137546
0.137551
0.137556
0.137560
0.137565
0.137569
0.137574
0.137579
0.137583
0.137588
0.137592
0.137597
0.137602
0.137606
0.137611
0.137615
0.137620
0.137625
0.137629
0.137634
0.137638
0.137643
0.137648
0.137652
0.137657
0.137661
0.137666
0.137671
0.137675
0.137680
0.137684
0.137689
0.137694
0.137698
0.137703
0.137707
0.137712
0.137717
0.137721
0.137726
0.137730
0.137735
0.137740
0.137744
0.137749
0.137753
0.137758
0.137763
0.137767
0.137772
0.137776
0.137781
0.137786
0.137790
0.137795
0.137800
0.137804
0.137809
0.137813
0.137818
0.137823
0.137827
0.137832
0.137836
0.137841
0.137846
0.137850
0.137855
0.137859
0.137864
0.137869
0.137873
0.137878
0.137882
0.137887
0.137892
0.137896
0.137901
0.137905
0.137910
0.137915
0.137919
0.137924
0.137929
0.137933
0.137938
0.137942
0.137947
0.137952
0.137956
0.137961
0.137965
0.137970
0.137975
0.137979
0.137984
0.137988
0.137993
0.137998
0.138002
0.138007
0.138012
0.138016
0.138021
0.138025
0.138030
0.138035
0.138039
0.138044
0.138048
0.138053
0.138058
0.138062
0.138067
0.138072
0.138076
0.138081
0.138085
0.138090
0.138095
0.138099
0.138104
0.138108
0.138113
0.138118
0.138122
0.138127
0.138132
0.138136
0.138141
0.138145
0.138150
0.138155
0.138159
0.138164
0.138168
0.138173
0.138178
0.138182
0.138187
0.138192
0.138196
0.138201
0.138205
0.138210
0.138215
0.138219
0.138224
0.138229
0.138233
0.138238
0.138242
0.138247
0.138252
0.138256
0.138261
0.138265
0.138270
0.138275
0.138279
0.138284
0.138289
0.138293
0.138298
0.138302
0.138307
0.138312
0.138316
0.138321
0.138326
0.138330
0.138335
0.138339
0.138344
0.138349
0.138353
0.138358
0.138363
0.138367
0.138372
0.138376
0.138381
0.138386
0.138390
0.138395
0.138400
0.138404
0.138409
0.138413
0.138418
0.138423
0.138427
0.138432
0.138437
0.138441
0.138446
0.138450
0.138455
0.138460
0.138464
0.138469
0.138474
0.138478
0.138483
0.138487
0.138492
0.138497
0.138501
0.138506
0.138511
0.138515
0.138520
0.138525
0.138529
0.138534
0.138538
0.138543
0.138548
0.138552
0.138557
0.138562
0.138566
0.138571
0.138575
0.138580
0.138585
0.138589
0.138594
0.138599
0.138603
0.138608
0.138612
0.138617
0.138622
0.138626
0.138631
0.138636
0.138640
0.138645
0.138650
0.138654
0.138659
0.138663
0.138668
0.138673
0.138677
0.138682
0.138687
0.138691
0.138696
0.138701
0.138705
0.138710
0.138714
0.138719
0.138724
0.138728
0.138733
0.138738
0.138742
0.138747
0.138752
0.138756
0.138761
0.138765
0.138770
0.138775
0.138779
0.138784
0.138789
0.138793
0.138798
0.138803
0.138807
0.138812
0.138816
0.138821
0.138826
0.138830
0.138835
0.138840
0.138844
0.138849
0.138854
0.138858
0.138863
0.138867
0.138872
0.138877
0.138881
0.138886
0.138891
0.138895
0.138900
0.138905
0.138909
0.138914
0.138919
0.138923
0.138928
0.138932
0.138937
0.138942
0.138946
0.138951
0.138956
0.138960
0.138965
0.138970
0.138974
0.138979
0.138984
0.138988
0.138993
0.138997
0.139002
0.139007
0.139011
0.139016
0.139021
0.139025
0.139030
0.139035
0.139039
0.139044
0.139049
0.139053
0.139058
0.139063
0.139067
0.139072
0.139076
0.139081
0.139086
0.139090
0.139095
0.139100
0.139104
0.139109
0.139114
0.139118
0.139123
0.139128
0.139132
0.139137
0.139142
0.139146
0.139151
0.139156
0.139160
0.139165
0.139169
0.139174
0.139179
0.139183
0.139188
0.139193
0.139197
0.139202
0.139207
0.139211
0.139216
0.139221
0.139225
0.139230
0.139235
0.139239
0.139244
0.139249
0.139253
0.139258
0.139262
0.139267
0.139272
0.139276
0.139281
0.139286
0.139290
0.139295
0.139300
0.139304
0.139309
0.139314
0.139318
0.139323
0.139328
0.139332
0.139337
0.139342
0.139346
0.139351
0.139356
0.139360
0.139365
0.139370
0.139374
0.139379
0.139384
0.139388
0.139393
0.139397
0.139402
0.139407
0.139411
0.139416
0.139421
0.139425
0.139430
0.139435
0.139439
0.139444
0.139449
0.139453
0.139458
0.139463
0.139467
0.139472
0.139477
0.139481
0.139486
0.139491
0.139495
0.139500
0.139505
0.139509
0.139514
0.139519
0.139523
0.139528
0.139533
0.139537
0.139542
0.139547
0.139551
0.139556
0.139561
0.139565
0.139570
0.139575
0.139579
0.139584
0.139589
0.139593
0.139598
0.139603
0.139607
0.139612
0.139617
0.139621
0.139626
0.139631
0.139635
0.139640
0.139645
0.139649
0.139654
0.139659
0.139663
0.139668
0.139673
0.139677
0.139682
0.139687
0.139691
0.139696
0.139701
0.139705
0.139710
0.139715
0.139719
0.139724
0.139729
0.139733
0.139738
0.139743
0.139747
0.139752
0.139757
0.139761
0.139766
0.139771
0.139775
0.139780
0.139785
0.139789
0.139794
0.139799
0.139803
0.139808
0.139813
0.139817
0.139822
0.139827
0.139831
0.139836
0.139841
0.139845
0.139850
0.139855
0.139859
0.139864
0.139869
0.139873
0.139878
0.139883
0.139887
0.139892
0.139897
0.139901
0.139906
0.139911
0.139915
0.139920
0.139925
0.139929
0.139934
0.139939
0.139943
0.139948
0.139953
0.139958
0.139962
0.139967
0.139972
0.139976
0.139981
0.139986
0.139990
0.139995
0.140000
0.140004
0.140009
0.140014
0.140018
0.140023
0.140028
0.140032
0.140037
0.140042
0.140046
0.140051
0.140056
0.140060
0.140065
0.140070
0.140074
0.140079
0.140084
0.140088
0.140093
0.140098
0.140103
0.140107
0.140112
0.140117
0.140121
0.140126
0.140131
0.140135
0.140140
0.140145
0.140149
0.140154
0.140159
0.140163
0.140168
0.140173
0.140177
0.140182
0.140187
0.140191
0.140196
0.140201
0.140206
0.140210
0.140215
0.140220
0.140224
0.140229
0.140234
0.140238
0.140243
0.140248
0.140252
0.140257
0.140262
0.140266
0.140271
0.140276
0.140280
0.140285
0.140290
0.140295
0.140299
0.140304
0.140309
0.140313
0.140318
0.140323
0.140327
0.140332
0.140337
0.140341
0.140346
0.140351
0.140355
0.140360
0.140365
0.140370
0.140374
0.140379
0.140384
0.140388
0.140393
0.140398
0.140402
0.140407
0.140412
0.140416
0.140421
0.140426
0.140431
0.140435
0.140440
0.140445
0.140449
0.140454
0.140459
0.140463
0.140468
0.140473
0.140477
0.140482
0.140487
0.140492
0.140496
0.140501
0.140506
0.140510
0.140515
0.140520
0.140524
0.140529
0.140534
0.140538
0.140543
0.140548
0.140553
0.140557
0.140562
0.140567
0.140571
0.140576
0.140581
0.140585
0.140590
0.140595
0.140600
0.140604
0.140609
0.140614
0.140618
0.140623
0.140628
0.140632
0.140637
0.140642
0.140646
0.140651
0.140656
0.140661
0.140665
0.140670
0.140675
0.140679
0.140684
0.140689
0.140693
0.140698
0.140703
0.140708
0.140712
0.140717
0.140722
0.140726
0.140731
0.140736
0.140740
0.140745
0.140750
0.140755
0.140759
0.140764
0.140769
0.140773
0.140778
0.140783
0.140787
0.140792
0.140797
0.140802
0.140806
0.140811
0.140816
0.140820
0.140825
0.140830
0.140835
0.140839
0.140844
0.140849
0.140853
0.140858
0.140863
0.140867
0.140872
0.140877
0.140882
0.140886
0.140891
0.140896
0.140900
0.140905
0.140910
0.140915
0.140919
0.140924
0.140929
0.140933
0.140938
0.140943
0.140947
0.140952
0.140957
0.140962
0.140966
0.140971
0.140976
0.140980
0.140985
0.140990
0.140995
0.140999
0.141004
0.141009
0.141013
0.141018
0.141023
0.141028
0.141032
0.141037
0.141042
0.141046
0.141051
0.141056
0.141060
0.141065
0.141070
0.141075
0.141079
0.141084
0.141089
0.141093
0.141098
0.141103
0.141108
0.141112
0.141117
0.141122
0.141126
0.141131
0.141136
0.141141
0.141145
0.141150
0.141155
0.141159
0.141164
0.141169
0.141174
0.141178
0.141183
0.141188
0.141192
0.141197
0.141202
0.141207
0.141211
0.141216
0.141221
0.141225
0.141230
0.141235
0.141240
0.141244
0.141249
0.141254
0.141258
0.141263
0.141268
0.141273
0.141277
0.141282
0.141287
0.141292
0.141296
0.141301
0.141306
0.141310
0.141315
0.141320
0.141325
0.141329
0.141334
0.141339
0.141343
0.141348
0.141353
0.141358
0.141362
0.141367
0.141372
0.141376
0.141381
0.141386
0.141391
0.141395
0.141400
0.141405
0.141410
0.141414
0.141419
0.141424
0.141428
0.141433
0.141438
0.141443
0.141447
0.141452
0.141457
0.141462
0.141466
0.141471
0.141476
0.141480
0.141485
0.141490
0.141495
0.141499
0.141504
0.141509
0.141513
0.141518
0.141523
0.141528
0.141532
0.141537
0.141542
0.141547
0.141551
0.141556
0.141561
0.141565
0.141570
0.141575
0.141580
0.141584
0.141589
0.141594
0.141599
0.141603
0.141608
0.141613
0.141617
0.141622
0.141627
0.141632
0.141636
0.141641
0.141646
0.141651
0.141655
0.141660
0.141665
0.141670
0.141674
0.141679
0.141684
0.141688
0.141693
0.141698
0.141703
0.141707
0.141712
0.141717
0.141722
0.141726
0.141731
0.141736
0.141741
0.141745
0.141750
0.141755
0.141759
0.141764
0.141769
0.141774
0.141778
0.141783
0.141788
0.141793
0.141797
0.141802
0.141807
0.141812
0.141816
0.141821
0.141826
0.141830
0.141835
0.141840
0.141845
0.141849
0.141854
0.141859
0.141864
0.141868
0.141873
0.141878
0.141883
0.141887
0.141892
0.141897
0.141902
0.141906
0.141911
0.141916
0.141920
0.141925
0.141930
0.141935
0.141939
0.141944
0.141949
0.141954
0.141958
0.141963
0.141968
0.141973
0.141977
0.141982
0.141987
0.141992
0.141996
0.142001
0.142006
0.142011
0.142015
0.142020
0.142025
0.142030
0.142034
0.142039
0.142044
0.142049
0.142053
0.142058
0.142063
0.142067
0.142072
0.142077
0.142082
0.142086
0.142091
0.142096
0.142101
0.142105
0.142110
0.142115
0.142120
0.142124
0.142129
0.142134
0.142139
0.142143
0.142148
0.142153
0.142158
0.142162
0.142167
0.142172
0.142177
0.142181
0.142186
0.142191
0.142196
0.142200
0.142205
0.142210
0.142215
0.142219
0.142224
0.142229
0.142234
0.142238
0.142243
0.142248
0.142253
0.142257
0.142262
0.142267
0.142272
0.142276
0.142281
0.142286
0.142291
0.142295
0.142300
0.142305
0.142310
0.142314
0.142319
0.142324
0.142329
0.142333
0.142338
0.142343
0.142348
0.142352
0.142357
0.142362
0.142367
0.142371
0.142376
0.142381
0.142386
0.142390
0.142395
0.142400
0.142405
0.142409
0.142414
0.142419
0.142424
0.142428
0.142433
0.142438
0.142443
0.142447
0.142452
0.142457
0.142462
0.142466
0.142471
0.142476
0.142481
0.142486
0.142490
0.142495
0.142500
0.142505
0.142509
0.142514
0.142519
0.142524
0.142528
0.142533
0.142538
0.142543
0.142547
0.142552
0.142557
0.142562
0.142566
0.142571
0.142576
0.142581
0.142585
0.142590
0.142595
0.142600
0.142605
0.142609
0.142614
0.142619
0.142624
0.142628
0.142633
0.142638
0.142643
0.142647
0.142652
0.142657
0.142662
0.142666
0.142671
0.142676
0.142681
0.142685
0.142690
0.142695
0.142700
0.142705
0.142709
0.142714
0.142719
0.142724
0.142728
0.142733
0.142738
0.142743
0.142747
0.142752
0.142757
0.142762
0.142766
0.142771
0.142776
0.142781
0.142786
0.142790
0.142795
0.142800
0.142805
0.142809
0.142814
0.142819
0.142824
0.142828
0.142833
0.142838
0.142843
0.142848
0.142852
0.142857
0.142862
0.142867
0.142871
0.142876
0.142881
0.142886
0.142890
0.142895
0.142900
0.142905
0.142910
0.142914
0.142919
0.142924
0.142929
0.142933
0.142938
0.142943
0.142948
0.142952
0.142957
0.142962
0.142967
0.142972
0.142976
0.142981
0.142986
0.142991
0.142995
0.143000
0.143005
0.143010
0.143015
0.143019
0.143024
0.143029
0.143034
0.143038
0.143043
0.143048
0.143053
0.143058
0.143062
0.143067
0.143072
0.143077
0.143081
0.143086
0.143091
0.143096
0.143100
0.143105
0.143110
0.143115
0.143120
0.143124
0.143129
0.143134
0.143139
0.143144
0.143148
0.143153
0.143158
0.143163
0.143167
0.143172
0.143177
0.143182
0.143187
0.143191
0.143196
0.143201
0.143206
0.143210
0.143215
0.143220
0.143225
0.143230
0.143234
0.143239
0.143244
0.143249
0.143253
0.143258
0.143263
0.143268
0.143273
0.143277
0.143282
0.143287
0.143292
0.143296
0.143301
0.143306
0.143311
0.143316
0.143320
0.143325
0.143330
0.143335
0.143340
0.143344
0.143349
0.143354
0.143359
0.143363
0.143368
0.143373
0.143378
0.143383
0.143387
0.143392
0.143397
0.143402
0.143407
0.143411
0.143416
0.143421
0.143426
0.143430
0.143435
0.143440
0.143445
0.143450
0.143454
0.143459
0.143464
0.143469
0.143474
0.143478
0.143483
0.143488
0.143493
0.143498
0.143502
0.143507
0.143512
0.143517
0.143521
0.143526
0.143531
0.143536
0.143541
0.143545
0.143550
0.143555
0.143560
0.143565
0.143569
0.143574
0.143579
0.143584
0.143589
0.143593
0.143598
0.143603
0.143608
0.143613
0.143617
0.143622
0.143627
0.143632
0.143637
0.143641
0.143646
0.143651
0.143656
0.143660
0.143665
0.143670
0.143675
0.143680
0.143684
0.143689
0.143694
0.143699
0.143704
0.143708
0.143713
0.143718
0.143723
0.143728
0.143732
0.143737
0.143742
0.143747
0.143752
0.143756
0.143761
0.143766
0.143771
0.143776
0.143780
0.143785
0.143790
0.143795
0.143800
0.143804
0.143809
0.143814
0.143819
0.143824
0.143828
0.143833
0.143838
0.143843
0.143848
0.143852
0.143857
0.143862
0.143867
0.143872
0.143876
0.143881
0.143886
0.143891
0.143896
0.143900
0.143905
0.143910
0.143915
0.143920
0.143924
0.143929
0.143934
0.143939
0.143944
0.143948
0.143953
0.143958
0.143963
0.143968
0.143972
0.143977
0.143982
0.143987
0.143992
0.143997
0.144001
0.144006
0.144011
0.144016
0.144021
0.144025
0.144030
0.144035
0.144040
0.144045
0.144049
0.144054
0.144059
0.144064
0.144069
0.144073
0.144078
0.144083
0.144088
0.144093
0.144097
0.144102
0.144107
0.144112
0.144117
0.144122
0.144126
0.144131
0.144136
0.144141
0.144146
0.144150
0.144155
0.144160
0.144165
0.144170
0.144174
0.144179
0.144184
0.144189
0.144194
0.144199
0.144203
0.144208
0.144213
0.144218
0.144223
0.144227
0.144232
0.144237
0.144242
0.144247
0.144251
0.144256
0.144261
0.144266
0.144271
0.144276
0.144280
0.144285
0.144290
0.144295
0.144300
0.144304
0.144309
0.144314
0.144319
0.144324
0.144329
0.144333
0.144338
0.144343
0.144348
0.144353
0.144357
0.144362
0.144367
0.144372
0.144377
0.144382
0.144386
0.144391
0.144396
0.144401
0.144406
0.144410
0.144415
0.144420
0.144425
0.144430
0.144435
0.144439
0.144444
0.144449
0.144454
0.144459
0.144463
0.144468
0.144473
0.144478
0.144483
0.144488
0.144492
0.144497
0.144502
0.144507
0.144512
0.144516
0.144521
0.144526
0.144531
0.144536
0.144541
0.144545
0.144550
0.144555
0.144560
0.144565
0.144570
0.144574
0.144579
0.144584
0.144589
0.144594
0.144598
0.144603
0.144608
0.144613
0.144618
0.144623
0.144627
0.144632
0.144637
0.144642
0.144647
0.144652
0.144656
0.144661
0.144666
0.144671
0.144676
0.144681
0.144685
0.144690
0.144695
0.144700
0.144705
0.144710
0.144714
0.144719
0.144724
0.144729
0.144734
0.144738
0.144743
0.144748
0.144753
0.144758
0.144763
0.144767
0.144772
0.144777
0.144782
0.144787
0.144792
0.144796
0.144801
0.144806
0.144811
0.144816
0.144821
0.144825
0.144830
0.144835
0.144840
0.144845
0.144850
0.144854
0.144859
0.144864
0.144869
0.144874
0.144879
0.144883
0.144888
0.144893
0.144898
0.144903
0.144908
0.144912
0.144917
0.144922
0.144927
0.144932
0.144937
0.144941
0.144946
0.144951
0.144956
0.144961
0.144966
0.144971
0.144975
0.144980
0.144985
0.144990
0.144995
0.145000
0.145004
0.145009
0.145014
0.145019
0.145024
0.145029
0.145033
0.145038
0.145043
0.145048
0.145053
0.145058
0.145062
0.145067
0.145072
0.145077
0.145082
0.145087
0.145091
0.145096
0.145101
0.145106
0.145111
0.145116
0.145121
0.145125
0.145130
0.145135
0.145140
0.145145
0.145150
0.145154
0.145159
0.145164
0.145169
0.145174
0.145179
0.145184
0.145188
0.145193
0.145198
0.145203
0.145208
0.145213
0.145217
0.145222
0.145227
0.145232
0.145237
0.145242
0.145246
0.145251
0.145256
0.145261
0.145266
0.145271
0.145276
0.145280
0.145285
0.145290
0.145295
0.145300
0.145305
0.145310
0.145314
0.145319
0.145324
0.145329
0.145334
0.145339
0.145343
0.145348
0.145353
0.145358
0.145363
0.145368
0.145373
0.145377
0.145382
0.145387
0.145392
0.145397
0.145402
0.145407
0.145411
0.145416
0.145421
0.145426
0.145431
0.145436
0.145440
0.145445
0.145450
0.145455
0.145460
0.145465
0.145470
0.145474
0.145479
0.145484
0.145489
0.145494
0.145499
0.145504
0.145508
0.145513
0.145518
0.145523
0.145528
0.145533
0.145538
0.145542
0.145547
0.145552
0.145557
0.145562
0.145567
0.145572
0.145576
0.145581
0.145586
0.145591
0.145596
0.145601
0.145606
0.145610
0.145615
0.145620
0.145625
0.145630
0.145635
0.145640
0.145644
0.145649
0.145654
0.145659
0.145664
0.145669
0.145674
0.145678
0.145683
0.145688
0.145693
0.145698
0.145703
0.145708
0.145712
0.145717
0.145722
0.145727
0.145732
0.145737
0.145742
0.145746
0.145751
0.145756
0.145761
0.145766
0.145771
0.145776
0.145781
0.145785
0.145790
0.145795
0.145800
0.145805
0.145810
0.145815
0.145819
0.145824
0.145829
0.145834
0.145839
0.145844
0.145849
0.145854
0.145858
0.145863
0.145868
0.145873
0.145878
0.145883
0.145888
0.145892
0.145897
0.145902
0.145907
0.145912
0.145917
0.145922
0.145927
0.145931
0.145936
0.145941
0.145946
0.145951
0.145956
0.145961
0.145965
0.145970
0.145975
0.145980
0.145985
0.145990
0.145995
0.146000
0.146004
0.146009
0.146014
0.146019
0.146024
0.146029
0.146034
0.146039
0.146043
0.146048
0.146053
0.146058
0.146063
0.146068
0.146073
0.146077
0.146082
0.146087
0.146092
0.146097
0.146102
0.146107
0.146112
0.146116
0.146121
0.146126
0.146131
0.146136
0.146141
0.146146
0.146151
0.146155
0.146160
0.146165
0.146170
0.146175
0.146180
0.146185
0.146190
0.146195
0.146199
0.146204
0.146209
0.146214
0.146219
0.146224
0.146229
0.146234
0.146238
0.146243
0.146248
0.146253
0.146258
0.146263
0.146268
0.146273
0.146277
0.146282
0.146287
0.146292
0.146297
0.146302
0.146307
0.146312
0.146316
0.146321
0.146326
0.146331
0.146336
0.146341
0.146346
0.146351
0.146356
0.146360
0.146365
0.146370
0.146375
0.146380
0.146385
0.146390
0.146395
0.146399
0.146404
0.146409
0.146414
0.146419
0.146424
0.146429
0.146434
0.146439
0.146443
0.146448
0.146453
0.146458
0.146463
0.146468
0.146473
0.146478
0.146483
0.146487
0.146492
0.146497
0.146502
0.146507
0.146512
0.146517
0.146522
0.146526
0.146531
0.146536
0.146541
0.146546
0.146551
0.146556
0.146561
0.146566
0.146570
0.146575
0.146580
0.146585
0.146590
0.146595
0.146600
0.146605
0.146610
0.146614
0.146619
0.146624
0.146629
0.146634
0.146639
0.146644
0.146649
0.146654
0.146658
0.146663
0.146668
0.146673
0.146678
0.146683
0.146688
0.146693
0.146698
0.146703
0.146707
0.146712
0.146717
0.146722
0.146727
0.146732
0.146737
0.146742
0.146747
0.146751
0.146756
0.146761
0.146766
0.146771
0.146776
0.146781
0.146786
0.146791
0.146796
0.146800
0.146805
0.146810
0.146815
0.146820
0.146825
0.146830
0.146835
0.146840
0.146845
0.146849
0.146854
0.146859
0.146864
0.146869
0.146874
0.146879
0.146884
0.146889
0.146893
0.146898
0.146903
0.146908
0.146913
0.146918
0.146923
0.146928
0.146933
0.146938
0.146942
0.146947
0.146952
0.146957
0.146962
0.146967
0.146972
0.146977
0.146982
0.146987
0.146992
0.146996
0.147001
0.147006
0.147011
0.147016
0.147021
0.147026
0.147031
0.147036
0.147041
0.147045
0.147050
0.147055
0.147060
0.147065
0.147070
0.147075
0.147080
0.147085
0.147090
0.147094
0.147099
0.147104
0.147109
0.147114
0.147119
0.147124
0.147129
0.147134
0.147139
0.147144
0.147148
0.147153
0.147158
0.147163
0.147168
0.147173
0.147178
0.147183
0.147188
0.147193
0.147198
0.147202
0.147207
0.147212
0.147217
0.147222
0.147227
0.147232
0.147237
0.147242
0.147247
0.147252
0.147256
0.147261
0.147266
0.147271
0.147276
0.147281
0.147286
0.147291
0.147296
0.147301
0.147306
0.147310
0.147315
0.147320
0.147325
0.147330
0.147335
0.147340
0.147345
0.147350
0.147355
0.147360
0.147365
0.147369
0.147374
0.147379
0.147384
0.147389
0.147394
0.147399
0.147404
0.147409
0.147414
0.147419
0.147424
0.147428
0.147433
0.147438
0.147443
0.147448
0.147453
0.147458
0.147463
0.147468
0.147473
0.147478
0.147483
0.147487
0.147492
0.147497
0.147502
0.147507
0.147512
0.147517
0.147522
0.147527
0.147532
0.147537
0.147542
0.147546
0.147551
0.147556
0.147561
0.147566
0.147571
0.147576
0.147581
0.147586
0.147591
0.147596
0.147601
0.147606
0.147610
0.147615
0.147620
0.147625
0.147630
0.147635
0.147640
0.147645
0.147650
0.147655
0.147660
0.147665
0.147670
0.147674
0.147679
0.147684
0.147689
0.147694
0.147699
0.147704
0.147709
0.147714
0.147719
0.147724
0.147729
0.147734
0.147739
0.147743
0.147748
0.147753
0.147758
0.147763
0.147768
0.147773
0.147778
0.147783
0.147788
0.147793
0.147798
0.147803
0.147807
0.147812
0.147817
0.147822
0.147827
0.147832
0.147837
0.147842
0.147847
0.147852
0.147857
0.147862
0.147867
0.147872
0.147877
0.147881
0.147886
0.147891
0.147896
0.147901
0.147906
0.147911
0.147916
0.147921
0.147926
0.147931
0.147936
0.147941
0.147946
0.147950
0.147955
0.147960
0.147965
0.147970
0.147975
0.147980
0.147985
0.147990
0.147995
0.148000
0.148005
0.148010
0.148015
0.148020
0.148025
0.148029
0.148034
0.148039
0.148044
0.148049
0.148054
0.148059
0.148064
0.148069
0.148074
0.148079
0.148084
0.148089
0.148094
0.148099
0.148103
0.148108
0.148113
0.148118
0.148123
0.148128
0.148133
0.148138
0.148143
0.148148
0.148153
0.148158
0.148163
0.148168
0.148173
0.148178
0.148183
0.148187
0.148192
0.148197
0.148202
0.148207
0.148212
0.148217
0.148222
0.148227
0.148232
0.148237
0.148242
0.148247
0.148252
0.148257
0.148262
0.148267
0.148271
0.148276
0.148281
0.148286
0.148291
0.148296
0.148301
0.148306
0.148311
0.148316
0.148321
0.148326
0.148331
0.148336
0.148341
0.148346
0.148351
0.148356
0.148360
0.148365
0.148370
0.148375
0.148380
0.148385
0.148390
0.148395
0.148400
0.148405
0.148410
0.148415
0.148420
0.148425
0.148430
0.148435
0.148440
0.148445
0.148450
0.148455
0.148459
0.148464
0.148469
0.148474
0.148479
0.148484
0.148489
0.148494
0.148499
0.148504
0.148509
0.148514
0.148519
0.148524
0.148529
0.148534
0.148539
0.148544
0.148549
0.148554
0.148558
0.148563
0.148568
0.148573
0.148578
0.148583
0.148588
0.148593
0.148598
0.148603
0.148608
0.148613
0.148618
0.148623
0.148628
0.148633
0.148638
0.148643
0.148648
0.148653
0.148658
0.148663
0.148667
0.148672
0.148677
0.148682
0.148687
0.148692
0.148697
0.148702
0.148707
0.148712
0.148717
0.148722
0.148727
0.148732
0.148737
0.148742
0.148747
0.148752
0.148757
0.148762
0.148767
0.148772
0.148777
0.148782
0.148786
0.148791
0.148796
0.148801
0.148806
0.148811
0.148816
0.148821
0.148826
0.148831
0.148836
0.148841
0.148846
0.148851
0.148856
0.148861
0.148866
0.148871
0.148876
0.148881
0.148886
0.148891
0.148896
0.148901
0.148906
0.148911
0.148916
0.148920
0.148925
0.148930
0.148935
0.148940
0.148945
0.148950
0.148955
0.148960
0.148965
0.148970
0.148975
0.148980
0.148985
0.148990
0.148995
0.149000
0.149005
0.149010
0.149015
0.149020
0.149025
0.149030
0.149035
0.149040
0.149045
0.149050
0.149055
0.149060
0.149065
0.149069
0.149074
0.149079
0.149084
0.149089
0.149094
0.149099
0.149104
0.149109
0.149114
0.149119
0.149124
0.149129
0.149134
0.149139
0.149144
0.149149
0.149154
0.149159
0.149164
0.149169
0.149174
0.149179
0.149184
0.149189
0.149194
0.149199
0.149204
0.149209
0.149214
0.149219
0.149224
0.149229
0.149234
0.149239
0.149243
0.149248
0.149253
0.149258
0.149263
0.149268
0.149273
0.149278
0.149283
0.149288
0.149293
0.149298
0.149303
0.149308
0.149313
0.149318
0.149323
0.149328
0.149333
0.149338
0.149343
0.149348
0.149353
0.149358
0.149363
0.149368
0.149373
0.149378
0.149383
0.149388
0.149393
0.149398
0.149403
0.149408
0.149413
0.149418
0.149423
0.149428
0.149433
0.149438
0.149443
0.149448
0.149453
0.149458
0.149463
0.149468
0.149473
0.149477
0.149482
0.149487
0.149492
0.149497
0.149502
0.149507
0.149512
0.149517
0.149522
0.149527
0.149532
0.149537
0.149542
0.149547
0.149552
0.149557
0.149562
0.149567
0.149572
0.149577
0.149582
0.149587
0.149592
0.149597
0.149602
0.149607
0.149612
0.149617
0.149622
0.149627
0.149632
0.149637
0.149642
0.149647
0.149652
0.149657
0.149662
0.149667
0.149672
0.149677
0.149682
0.149687
0.149692
0.149697
0.149702
0.149707
0.149712
0.149717
0.149722
0.149727
0.149732
0.149737
0.149742
0.149747
0.149752
0.149757
0.149762
0.149767
0.149772
0.149777
0.149782
0.149787
0.149792
0.149797
0.149802
0.149807
0.149812
0.149817
0.149822
0.149827
0.149832
0.149837
0.149842
0.149847
0.149852
0.149857
0.149862
0.149867
0.149872
0.149877
0.149882
0.149887
0.149892
0.149897
0.149902
0.149907
0.149912
0.149917
0.149922
0.149927
0.149932
0.149937
0.149942
0.149947
0.149952
0.149957
0.149962
0.149967
0.149972
0.149977
0.149982
0.149987
0.149992
0.149997
0.150002
0.150007
0.150012
0.150017
0.150022
0.150027
0.150032
0.150037
0.150042
0.150047
0.150052
0.150057
0.150062
0.150067
0.150072
0.150077
0.150082
0.150087
0.150092
0.150097
0.150102
0.150107
0.150112
0.150117
0.150122
0.150127
0.150132
0.150137
0.150142
0.150147
0.150152
0.150157
0.150162
0.150167
0.150172
0.150177
0.150182
0.150187
0.150192
0.150197
0.150202
0.150207
0.150212
0.150217
0.150222
0.150227
0.150232
0.150237
0.150242
0.150247
0.150252
0.150257
0.150262
0.150267
0.150272
0.150277
0.150282
0.150287
0.150292
0.150297
0.150302
0.150307
0.150312
0.150317
0.150322
0.150327
0.150332
0.150337
0.150342
0.150347
0.150352
0.150357
0.150362
0.150367
0.150372
0.150377
0.150382
0.150387
0.150392
0.150397
0.150402
0.150407
0.150412
0.150417
0.150422
0.150427
0.150432
0.150437
0.150442
0.150447
0.150452
0.150457
0.150462
0.150467
0.150472
0.150477
0.150482
0.150487
0.150492
0.150497
0.150502
0.150507
0.150512
0.150517
0.150522
0.150527
0.150532
0.150537
0.150542
0.150547
0.150552
0.150557
0.150562
0.150567
0.150572
0.150577
0.150583
0.150588
0.150593
0.150598
0.150603
0.150608
0.150613
0.150618
0.150623
0.150628
0.150633
0.150638
0.150643
0.150648
0.150653
0.150658
0.150663
0.150668
0.150673
0.150678
0.150683
0.150688
0.150693
0.150698
0.150703
0.150708
0.150713
0.150718
0.150723
0.150728
0.150733
0.150738
0.150743
0.150748
0.150753
0.150758
0.150763
0.150768
0.150773
0.150778
0.150783
0.150788
0.150793
0.150798
0.150803
0.150808
0.150813
0.150819
0.150824
0.150829
0.150834
0.150839
0.150844
0.150849
0.150854
0.150859
0.150864
0.150869
0.150874
0.150879
0.150884
0.150889
0.150894
0.150899
0.150904
0.150909
0.150914
0.150919
0.150924
0.150929
0.150934
0.150939
0.150944
0.150949
0.150954
0.150959
0.150964
0.150969
0.150974
0.150979
0.150984
0.150989
0.150995
0.151000
0.151005
0.151010
0.151015
0.151020
0.151025
0.151030
0.151035
0.151040
0.151045
0.151050
0.151055
0.151060
0.151065
0.151070
0.151075
0.151080
0.151085
0.151090
0.151095
0.151100
0.151105
0.151110
0.151115
0.151120
0.151125
0.151130
0.151135
0.151140
0.151146
0.151151
0.151156
0.151161
0.151166
0.151171
0.151176
0.151181
0.151186
0.151191
0.151196
0.151201
0.151206
0.151211
0.151216
0.151221
0.151226
0.151231
0.151236
0.151241
0.151246
0.151251
0.151256
0.151261
0.151266
0.151271
0.151277
0.151282
0.151287
0.151292
0.151297
0.151302
0.151307
0.151312
0.151317
0.151322
0.151327
0.151332
0.151337
0.151342
0.151347
0.151352
0.151357
0.151362
0.151367
0.151372
0.151377
0.151382
0.151387
0.151392
0.151398
0.151403
0.151408
0.151413
0.151418
0.151423
0.151428
0.151433
0.151438
0.151443
0.151448
0.151453
0.151458
0.151463
0.151468
0.151473
0.151478
0.151483
0.151488
0.151493
0.151498
0.151503
0.151509
0.151514
0.151519
0.151524
0.151529
0.151534
0.151539
0.151544
0.151549
0.151554
0.151559
0.151564
0.151569
0.151574
0.151579
0.151584
0.151589
0.151594
0.151599
0.151604
0.151610
0.151615
0.151620
0.151625
0.151630
0.151635
0.151640
0.151645
0.151650
0.151655
0.151660
0.151665
0.151670
0.151675
0.151680
0.151685
0.151690
0.151695
0.151700
0.151706
0.151711
0.151716
0.151721
0.151726
0.151731
0.151736
0.151741
0.151746
0.151751
0.151756
0.151761
0.151766
0.151771
0.151776
0.151781
0.151786
0.151791
0.151797
0.151802
0.151807
0.151812
0.151817
0.151822
0.151827
0.151832
0.151837
0.151842
0.151847
0.151852
0.151857
0.151862
0.151867
0.151872
0.151877
0.151882
0.151888
0.151893
0.151898
0.151903
0.151908
0.151913
0.151918
0.151923
0.151928
0.151933
0.151938
0.151943
0.151948
0.151953
0.151958
0.151963
0.151969
0.151974
0.151979
0.151984
0.151989
0.151994
0.151999
0.152004
0.152009
0.152014
0.152019
0.152024
0.152029
0.152034
0.152039
0.152044
0.152050
0.152055
0.152060
0.152065
0.152070
0.152075
0.152080
0.152085
0.152090
0.152095
0.152100
0.152105
0.152110
0.152115
0.152120
0.152126
0.152131
0.152136
0.152141
0.152146
0.152151
0.152156
0.152161
0.152166
0.152171
0.152176
0.152181
0.152186
0.152191
0.152197
0.152202
0.152207
0.152212
0.152217
0.152222
0.152227
0.152232
0.152237
0.152242
0.152247
0.152252
0.152257
0.152262
0.152267
0.152273
0.152278
0.152283
0.152288
0.152293
0.152298
0.152303
0.152308
0.152313
0.152318
0.152323
0.152328
0.152333
0.152339
0.152344
0.152349
0.152354
0.152359
0.152364
0.152369
0.152374
0.152379
0.152384
0.152389
0.152394
0.152399
0.152404
0.152410
0.152415
0.152420
0.152425
0.152430
0.152435
0.152440
0.152445
0.152450
0.152455
0.152460
0.152465
0.152470
0.152476
0.152481
0.152486
0.152491
0.152496
0.152501
0.152506
0.152511
0.152516
0.152521
0.152526
0.152531
0.152537
0.152542
0.152547
0.152552
0.152557
0.152562
0.152567
0.152572
0.152577
0.152582
0.152587
0.152592
0.152598
0.152603
0.152608
0.152613
0.152618
0.152623
0.152628
0.152633
0.152638
0.152643
0.152648
0.152653
0.152659
0.152664
0.152669
0.152674
0.152679
0.152684
0.152689
0.152694
0.152699
0.152704
0.152709
0.152714
0.152720
0.152725
0.152730
0.152735
0.152740
0.152745
0.152750
0.152755
0.152760
0.152765
0.152770
0.152776
0.152781
0.152786
0.152791
0.152796
0.152801
0.152806
0.152811
0.152816
0.152821
0.152826
0.152831
0.152837
0.152842
0.152847
0.152852
0.152857
0.152862
0.152867
0.152872
0.152877
0.152882
0.152887
0.152893
0.152898
0.152903
0.152908
0.152913
0.152918
0.152923
0.152928
0.152933
0.152938
0.152943
0.152949
0.152954
0.152959
0.152964
0.152969
0.152974
0.152979
0.152984
0.152989
0.152994
0.153000
0.153005
0.153010
0.153015
0.153020
0.153025
0.153030
0.153035
0.153040
0.153045
0.153050
0.153056
0.153061
0.153066
0.153071
0.153076
0.153081
0.153086
0.153091
0.153096
0.153101
0.153107
0.153112
0.153117
0.153122
0.153127
0.153132
0.153137
0.153142
0.153147
0.153152
0.153158
0.153163
0.153168
0.153173
0.153178
0.153183
0.153188
0.153193
0.153198
0.153203
0.153209
0.153214
0.153219
0.153224
0.153229
0.153234
0.153239
0.153244
0.153249
0.153255
0.153260
0.153265
0.153270
0.153275
0.153280
0.153285
0.153290
0.153295
0.153300
0.153306
0.153311
0.153316
0.153321
0.153326
0.153331
0.153336
0.153341
0.153346
0.153352
0.153357
0.153362
0.153367
0.153372
0.153377
0.153382
0.153387
0.153392
0.153397
0.153403
0.153408
0.153413
0.153418
0.153423
0.153428
0.153433
0.153438
0.153443
0.153449
0.153454
0.153459
0.153464
0.153469
0.153474
0.153479
0.153484
0.153489
0.153495
0.153500
0.153505
0.153510
0.153515
0.153520
0.153525
0.153530
0.153535
0.153541
0.153546
0.153551
0.153556
0.153561
0.153566
0.153571
0.153576
0.153581
0.153587
0.153592
0.153597
0.153602
0.153607
0.153612
0.153617
0.153622
0.153628
0.153633
0.153638
0.153643
0.153648
0.153653
0.153658
0.153663
0.153668
0.153674
0.153679
0.153684
0.153689
0.153694
0.153699
0.153704
0.153709
0.153715
0.153720
0.153725
0.153730
0.153735
0.153740
0.153745
0.153750
0.153755
0.153761
0.153766
0.153771
0.153776
0.153781
0.153786
0.153791
0.153796
0.153802
0.153807
0.153812
0.153817
0.153822
0.153827
0.153832
0.153837
0.153843
0.153848
0.153853
0.153858
0.153863
0.153868
0.153873
0.153878
0.153883
0.153889
0.153894
0.153899
0.153904
0.153909
0.153914
0.153919
0.153924
0.153930
0.153935
0.153940
0.153945
0.153950
0.153955
0.153960
0.153965
0.153971
0.153976
0.153981
0.153986
0.153991
0.153996
0.154001
0.154007
0.154012
0.154017
0.154022
0.154027
0.154032
0.154037
0.154042
0.154048
0.154053
0.154058
0.154063
0.154068
0.154073
0.154078
0.154083
0.154089
0.154094
0.154099
0.154104
0.154109
0.154114
0.154119
0.154124
0.154130
0.154135
0.154140
0.154145
0.154150
0.154155
0.154160
0.154166
0.154171
0.154176
0.154181
0.154186
0.154191
0.154196
0.154201
0.154207
0.154212
0.154217
0.154222
0.154227
0.154232
0.154237
0.154243
0.154248
0.154253
0.154258
0.154263
0.154268
0.154273
0.154279
0.154284
0.154289
0.154294
0.154299
0.154304
0.154309
0.154314
0.154320
0.154325
0.154330
0.154335
0.154340
0.154345
0.154350
0.154356
0.154361
0.154366
0.154371
0.154376
0.154381
0.154386
0.154392
0.154397
0.154402
0.154407
0.154412
0.154417
0.154422
0.154428
0.154433
0.154438
0.154443
0.154448
0.154453
0.154458
0.154464
0.154469
0.154474
0.154479
0.154484
0.154489
0.154494
0.154500
0.154505
0.154510
0.154515
0.154520
0.154525
0.154530
0.154536
0.154541
0.154546
0.154551
0.154556
0.154561
0.154566
0.154572
0.154577
0.154582
0.154587
0.154592
0.154597
0.154602
0.154608
0.154613
0.154618
0.154623
0.154628
0.154633
0.154638
0.154644
0.154649
0.154654
0.154659
0.154664
0.154669
0.154675
0.154680
0.154685
0.154690
0.154695
0.154700
0.154705
0.154711
0.154716
0.154721
0.154726
0.154731
0.154736
0.154741
0.154747
0.154752
0.154757
0.154762
0.154767
0.154772
0.154778
0.154783
0.154788
0.154793
0.154798
0.154803
0.154808
0.154814
0.154819
0.154824
0.154829
0.154834
0.154839
0.154845
0.154850
0.154855
0.154860
0.154865
0.154870
0.154875
0.154881
0.154886
0.154891
0.154896
0.154901
0.154906
0.154912
0.154917
0.154922
0.154927
0.154932
0.154937
0.154942
0.154948
0.154953
0.154958
0.154963
0.154968
0.154973
0.154979
0.154984
0.154989
0.154994
0.154999
0.155004
0.155010
0.155015
0.155020
0.155025
0.155030
0.155035
0.155041
0.155046
0.155051
0.155056
0.155061
0.155066
0.155071
0.155077
0.155082
0.155087
0.155092
0.155097
0.155102
0.155108
0.155113
0.155118
0.155123
0.155128
0.155133
0.155139
0.155144
0.155149
0.155154
0.155159
0.155164
0.155170
0.155175
0.155180
0.155185
0.155190
0.155195
0.155201
0.155206
0.155211
0.155216
0.155221
0.155226
0.155232
0.155237
0.155242
0.155247
0.155252
0.155257
0.155263
0.155268
0.155273
0.155278
0.155283
0.155288
0.155294
0.155299
0.155304
0.155309
0.155314
0.155319
0.155325
0.155330
0.155335
0.155340
0.155345
0.155350
0.155356
0.155361
0.155366
0.155371
0.155376
0.155381
0.155387
0.155392
0.155397
0.155402
0.155407
0.155413
0.155418
0.155423
0.155428
0.155433
0.155438
0.155444
0.155449
0.155454
0.155459
0.155464
0.155469
0.155475
0.155480
0.155485
0.155490
0.155495
0.155500
0.155506
0.155511
0.155516
0.155521
0.155526
0.155532
0.155537
0.155542
0.155547
0.155552
0.155557
0.155563
0.155568
0.155573
0.155578
0.155583
0.155588
0.155594
0.155599
0.155604
0.155609
0.155614
0.155620
0.155625
0.155630
0.155635
0.155640
0.155645
0.155651
0.155656
0.155661
0.155666
0.155671
0.155677
0.155682
0.155687
0.155692
0.155697
0.155702
0.155708
0.155713
0.155718
0.155723
0.155728
0.155734
0.155739
0.155744
0.155749
0.155754
0.155759
0.155765
0.155770
0.155775
0.155780
0.155785
0.155791
0.155796
0.155801
0.155806
0.155811
0.155816
0.155822
0.155827
0.155832
0.155837
0.155842
0.155848
0.155853
0.155858
0.155863
0.155868
0.155874
0.155879
0.155884
0.155889
0.155894
0.155900
0.155905
0.155910
0.155915
0.155920
0.155925
0.155931
0.155936
0.155941
0.155946
0.155951
0.155957
0.155962
0.155967
0.155972
0.155977
0.155983
0.155988
0.155993
0.155998
0.156003
0.156008
0.156014
0.156019
0.156024
0.156029
0.156034
0.156040
0.156045
0.156050
0.156055
0.156060
0.156066
0.156071
0.156076
0.156081
0.156086
0.156092
0.156097
0.156102
0.156107
0.156112
0.156118
0.156123
0.156128
0.156133
0.156138
0.156144
0.156149
0.156154
0.156159
0.156164
0.156170
0.156175
0.156180
0.156185
0.156190
0.156195
0.156201
0.156206
0.156211
0.156216
0.156221
0.156227
0.156232
0.156237
0.156242
0.156247
0.156253
0.156258
0.156263
0.156268
0.156273
0.156279
0.156284
0.156289
0.156294
0.156299
0.156305
0.156310
0.156315
0.156320
0.156325
0.156331
0.156336
0.156341
0.156346
0.156352
0.156357
0.156362
0.156367
0.156372
0.156378
0.156383
0.156388
0.156393
0.156398
0.156404
0.156409
0.156414
0.156419
0.156424
0.156430
0.156435
0.156440
0.156445
0.156450
0.156456
0.156461
0.156466
0.156471
0.156476
0.156482
0.156487
0.156492
0.156497
0.156502
0.156508
0.156513
0.156518
0.156523
0.156528
0.156534
0.156539
0.156544
0.156549
0.156555
0.156560
0.156565
0.156570
0.156575
0.156581
0.156586
0.156591
0.156596
0.156601
0.156607
0.156612
0.156617
0.156622
0.156627
0.156633
0.156638
0.156643
0.156648
0.156654
0.156659
0.156664
0.156669
0.156674
0.156680
0.156685
0.156690
0.156695
0.156700
0.156706
0.156711
0.156716
0.156721
0.156727
0.156732
0.156737
0.156742
0.156747
0.156753
0.156758
0.156763
0.156768
0.156773
0.156779
0.156784
0.156789
0.156794
0.156800
0.156805
0.156810
0.156815
0.156820
0.156826
0.156831
0.156836
0.156841
0.156847
0.156852
0.156857
0.156862
0.156867
0.156873
0.156878
0.156883
0.156888
0.156894
0.156899
0.156904
0.156909
0.156914
0.156920
0.156925
0.156930
0.156935
0.156941
0.156946
0.156951
0.156956
0.156961
0.156967
0.156972
0.156977
0.156982
0.156987
0.156993
0.156998
0.157003
0.157008
0.157014
0.157019
0.157024
0.157029
0.157035
0.157040
0.157045
0.157050
0.157055
0.157061
0.157066
0.157071
0.157076
0.157082
0.157087
0.157092
0.157097
0.157102
0.157108
0.157113
0.157118
0.157123
0.157129
0.157134
0.157139
0.157144
0.157149
0.157155
0.157160
0.157165
0.157170
0.157176
0.157181
0.157186
0.157191
0.157197
0.157202
0.157207
0.157212
0.157217
0.157223
0.157228
0.157233
0.157238
0.157244
0.157249
0.157254
0.157259
0.157265
0.157270
0.157275
0.157280
0.157285
0.157291
0.157296
0.157301
0.157306
0.157312
0.157317
0.157322
0.157327
0.157333
0.157338
0.157343
0.157348
0.157354
0.157359
0.157364
0.157369
0.157374
0.157380
0.157385
0.157390
0.157395
0.157401
0.157406
0.157411
0.157416
0.157422
0.157427
0.157432
0.157437
0.157443
0.157448
0.157453
0.157458
0.157463
0.157469
0.157474
0.157479
0.157484
0.157490
0.157495
0.157500
0.157505
0.157511
0.157516
0.157521
0.157526
0.157532
0.157537
0.157542
0.157547
0.157553
0.157558
0.157563
0.157568
0.157574
0.157579
0.157584
0.157589
0.157595
0.157600
0.157605
0.157610
0.157615
0.157621
0.157626
0.157631
0.157636
0.157642
0.157647
0.157652
0.157657
0.157663
0.157668
0.157673
0.157678
0.157684
0.157689
0.157694
0.157699
0.157705
0.157710
0.157715
0.157720
0.157726
0.157731
0.157736
0.157741
0.157747
0.157752
0.157757
0.157762
0.157768
0.157773
0.157778
0.157783
0.157789
0.157794
0.157799
0.157804
0.157810
0.157815
0.157820
0.157825
0.157831
0.157836
0.157841
0.157846
0.157852
0.157857
0.157862
0.157867
0.157873
0.157878
0.157883
0.157888
0.157894
0.157899
0.157904
0.157909
0.157915
0.157920
0.157925
0.157930
0.157936
0.157941
0.157946
0.157951
0.157957
0.157962
0.157967
0.157972
0.157978
0.157983
0.157988
0.157993
0.157999
0.158004
0.158009
0.158014
0.158020
0.158025
0.158030
0.158035
0.158041
0.158046
0.158051
0.158057
0.158062
0.158067
0.158072
0.158078
0.158083
0.158088
0.158093
0.158099
0.158104
0.158109
0.158114
0.158120
0.158125
0.158130
0.158135
0.158141
0.158146
0.158151
0.158156
0.158162
0.158167
0.158172
0.158177
0.158183
0.158188
0.158193
0.158199
0.158204
0.158209
0.158214
0.158220
0.158225
0.158230
0.158235
0.158241
0.158246
0.158251
0.158256
0.158262
0.158267
0.158272
0.158277
0.158283
0.158288
0.158293
0.158299
0.158304
0.158309
0.158314
0.158320
0.158325
0.158330
0.158335
0.158341
0.158346
0.158351
0.158356
0.158362
0.158367
0.158372
0.158378
0.158383
0.158388
0.158393
0.158399
0.158404
0.158409
0.158414
0.158420
0.158425
0.158430
0.158435
0.158441
0.158446
0.158451
0.158457
0.158462
0.158467
0.158472
0.158478
0.158483
0.158488
0.158493
0.158499
0.158504
0.158509
0.158515
0.158520
0.158525
0.158530
0.158536
0.158541
0.158546
0.158551
0.158557
0.158562
0.158567
0.158573
0.158578
0.158583
0.158588
0.158594
0.158599
0.158604
0.158609
0.158615
0.158620
0.158625
0.158631
0.158636
0.158641
0.158646
0.158652
0.158657
0.158662
0.158668
0.158673
0.158678
0.158683
0.158689
0.158694
0.158699
0.158704
0.158710
0.158715
0.158720
0.158726
0.158731
0.158736
0.158741
0.158747
0.158752
0.158757
0.158763
0.158768
0.158773
0.158778
0.158784
0.158789
0.158794
0.158799
0.158805
0.158810
0.158815
0.158821
0.158826
0.158831
0.158836
0.158842
0.158847
0.158852
0.158858
0.158863
0.158868
0.158873
0.158879
0.158884
0.158889
0.158895
0.158900
0.158905
0.158910
0.158916
0.158921
0.158926
0.158932
0.158937
0.158942
0.158947
0.158953
0.158958
0.158963
0.158969
0.158974
0.158979
0.158984
0.158990
0.158995
0.159000
0.159006
0.159011
0.159016
0.159021
0.159027
0.159032
0.159037
0.159043
0.159048
0.159053
0.159058
0.159064
0.159069
0.159074
0.159080
0.159085
0.159090
0.159095
0.159101
0.159106
0.159111
0.159117
0.159122
0.159127
0.159133
0.159138
0.159143
0.159148
0.159154
0.159159
0.159164
0.159170
0.159175
0.159180
0.159185
0.159191
0.159196
0.159201
0.159207
0.159212
0.159217
0.159223
0.159228
0.159233
0.159238
0.159244
0.159249
0.159254
0.159260
0.159265
0.159270
0.159275
0.159281
0.159286
0.159291
0.159297
0.159302
0.159307
0.159313
0.159318
0.159323
0.159328
0.159334
0.159339
0.159344
0.159350
0.159355
0.159360
0.159366
0.159371
0.159376
0.159381
0.159387
0.159392
0.159397
0.159403
0.159408
0.159413
0.159419
0.159424
0.159429
0.159434
0.159440
0.159445
0.159450
0.159456
0.159461
0.159466
0.159472
0.159477
0.159482
0.159487
0.159493
0.159498
0.159503
0.159509
0.159514
0.159519
0.159525
0.159530
0.159535
0.159540
0.159546
0.159551
0.159556
0.159562
0.159567
0.159572
0.159578
0.159583
0.159588
0.159594
0.159599
0.159604
0.159609
0.159615
0.159620
0.159625
0.159631
0.159636
0.159641
0.159647
0.159652
0.159657
0.159663
0.159668
0.159673
0.159678
0.159684
0.159689
0.159694
0.159700
0.159705
0.159710
0.159716
0.159721
0.159726
0.159732
0.159737
0.159742
0.159748
0.159753
0.159758
0.159763
0.159769
0.159774
0.159779
0.159785
0.159790
0.159795
0.159801
0.159806
0.159811
0.159817
0.159822
0.159827
0.159833
0.159838
0.159843
0.159848
0.159854
0.159859
0.159864
0.159870
0.159875
0.159880
0.159886
0.159891
0.159896
0.159902
0.159907
0.159912
0.159918
0.159923
0.159928
0.159934
0.159939
0.159944
0.159949
0.159955
0.159960
0.159965
0.159971
0.159976
0.159981
0.159987
0.159992
0.159997
0.160003
0.160008
0.160013
0.160019
0.160024
0.160029
0.160035
0.160040
0.160045
0.160051
0.160056
0.160061
0.160067
0.160072
0.160077
0.160082
0.160088
0.160093
0.160098
0.160104
0.160109
0.160114
0.160120
0.160125
0.160130
0.160136
0.160141
0.160146
0.160152
0.160157
0.160162
0.160168
0.160173
0.160178
0.160184
0.160189
0.160194
0.160200
0.160205
0.160210
0.160216
0.160221
0.160226
0.160232
0.160237
0.160242
0.160248
0.160253
0.160258
0.160264
0.160269
0.160274
0.160280
0.160285
0.160290
0.160295
0.160301
0.160306
0.160311
0.160317
0.160322
0.160327
0.160333
0.160338
0.160343
0.160349
0.160354
0.160359
0.160365
0.160370
0.160375
0.160381
0.160386
0.160391
0.160397
0.160402
0.160407
0.160413
0.160418
0.160423
0.160429
0.160434
0.160439
0.160445
0.160450
0.160455
0.160461
0.160466
0.160471
0.160477
0.160482
0.160487
0.160493
0.160498
0.160503
0.160509
0.160514
0.160519
0.160525
0.160530
0.160535
0.160541
0.160546
0.160551
0.160557
0.160562
0.160567
0.160573
0.160578
0.160584
0.160589
0.160594
0.160600
0.160605
0.160610
0.160616
0.160621
0.160626
0.160632
0.160637
0.160642
0.160648
0.160653
0.160658
0.160664
0.160669
0.160674
0.160680
0.160685
0.160690
0.160696
0.160701
0.160706
0.160712
0.160717
0.160722
0.160728
0.160733
0.160738
0.160744
0.160749
0.160754
0.160760
0.160765
0.160770
0.160776
0.160781
0.160786
0.160792
0.160797
0.160803
0.160808
0.160813
0.160819
0.160824
0.160829
0.160835
0.160840
0.160845
0.160851
0.160856
0.160861
0.160867
0.160872
0.160877
0.160883
0.160888
0.160893
0.160899
0.160904
0.160909
0.160915
0.160920
0.160926
0.160931
0.160936
0.160942
0.160947
0.160952
0.160958
0.160963
0.160968
0.160974
0.160979
0.160984
0.160990
0.160995
0.161000
0.161006
0.161011
0.161016
0.161022
0.161027
0.161033
0.161038
0.161043
0.161049
0.161054
0.161059
0.161065
0.161070
0.161075
0.161081
0.161086
0.161091
0.161097
0.161102
0.161107
0.161113
0.161118
0.161124
0.161129
0.161134
0.161140
0.161145
0.161150
0.161156
0.161161
0.161166
0.161172
0.161177
0.161182
0.161188
0.161193
0.161199
0.161204
0.161209
0.161215
0.161220
0.161225
0.161231
0.161236
0.161241
0.161247
0.161252
0.161257
0.161263
0.161268
0.161274
0.161279
0.161284
0.161290
0.161295
0.161300
0.161306
0.161311
0.161316
0.161322
0.161327
0.161333
0.161338
0.161343
0.161349
0.161354
0.161359
0.161365
0.161370
0.161375
0.161381
0.161386
0.161392
0.161397
0.161402
0.161408
0.161413
0.161418
0.161424
0.161429
0.161434
0.161440
0.161445
0.161451
0.161456
0.161461
0.161467
0.161472
0.161477
0.161483
0.161488
0.161493
0.161499
0.161504
0.161510
0.161515
0.161520
0.161526
0.161531
0.161536
0.161542
0.161547
0.161553
0.161558
0.161563
0.161569
0.161574
0.161579
0.161585
0.161590
0.161595
0.161601
0.161606
0.161612
0.161617
0.161622
0.161628
0.161633
0.161638
0.161644
0.161649
0.161655
0.161660
0.161665
0.161671
0.161676
0.161681
0.161687
0.161692
0.161698
0.161703
0.161708
0.161714
0.161719
0.161724
0.161730
0.161735
0.161741
0.161746
0.161751
0.161757
0.161762
0.161767
0.161773
0.161778
0.161784
0.161789
0.161794
0.161800
0.161805
0.161810
0.161816
0.161821
0.161827
0.161832
0.161837
0.161843
0.161848
0.161853
0.161859
0.161864
0.161870
0.161875
0.161880
0.161886
0.161891
0.161896
0.161902
0.161907
0.161913
0.161918
0.161923
0.161929
0.161934
0.161940
0.161945
0.161950
0.161956
0.161961
0.161966
0.161972
0.161977
0.161983
0.161988
0.161993
0.161999
0.162004
0.162009
0.162015
0.162020
0.162026
0.162031
0.162036
0.162042
0.162047
0.162053
0.162058
0.162063
0.162069
0.162074
0.162080
0.162085
0.162090
0.162096
0.162101
0.162106
0.162112
0.162117
0.162123
0.162128
0.162133
0.162139
0.162144
0.162150
0.162155
0.162160
0.162166
0.162171
0.162176
0.162182
0.162187
0.162193
0.162198
0.162203
0.162209
0.162214
0.162220
0.162225
0.162230
0.162236
0.162241
0.162247
0.162252
0.162257
0.162263
0.162268
0.162274
0.162279
0.162284
0.162290
0.162295
0.162300
0.162306
0.162311
0.162317
0.162322
0.162327
0.162333
0.162338
0.162344
0.162349
0.162354
0.162360
0.162365
0.162371
0.162376
0.162381
0.162387
0.162392
0.162398
0.162403
0.162408
0.162414
0.162419
0.162425
0.162430
0.162435
0.162441
0.162446
0.162452
0.162457
0.162462
0.162468
0.162473
0.162479
0.162484
0.162489
0.162495
0.162500
0.162506
0.162511
0.162516
0.162522
0.162527
0.162533
0.162538
0.162543
0.162549
0.162554
0.162560
0.162565
0.162570
0.162576
0.162581
0.162587
0.162592
0.162597
0.162603
0.162608
0.162614
0.162619
0.162624
0.162630
0.162635
0.162641
0.162646
0.162651
0.162657
0.162662
0.162668
0.162673
0.162678
0.162684
0.162689
0.162695
0.162700
0.162705
0.162711
0.162716
0.162722
0.162727
0.162732
0.162738
0.162743
0.162749
0.162754
0.162760
0.162765
0.162770
0.162776
0.162781
0.162787
0.162792
0.162797
0.162803
0.162808
0.162814
0.162819
0.162824
0.162830
0.162835
0.162841
0.162846
0.162851
0.162857
0.162862
0.162868
0.162873
0.162879
0.162884
0.162889
0.162895
0.162900
0.162906
0.162911
0.162916
0.162922
0.162927
0.162933
0.162938
0.162943
0.162949
0.162954
0.162960
0.162965
0.162971
0.162976
0.162981
0.162987
0.162992
0.162998
0.163003
0.163008
0.163014
0.163019
0.163025
0.163030
0.163036
0.163041
0.163046
0.163052
0.163057
0.163063
0.163068
0.163073
0.163079
0.163084
0.163090
0.163095
0.163101
0.163106
0.163111
0.163117
0.163122
0.163128
0.163133
0.163138
0.163144
0.163149
0.163155
0.163160
0.163166
0.163171
0.163176
0.163182
0.163187
0.163193
0.163198
0.163204
0.163209
0.163214
0.163220
0.163225
0.163231
0.163236
0.163241
0.163247
0.163252
0.163258
0.163263
0.163269
0.163274
0.163279
0.163285
0.163290
0.163296
0.163301
0.163307
0.163312
0.163317
0.163323
0.163328
0.163334
0.163339
0.163345
0.163350
0.163355
0.163361
0.163366
0.163372
0.163377
0.163383
0.163388
0.163393
0.163399
0.163404
0.163410
0.163415
0.163421
0.163426
0.163431
0.163437
0.163442
0.163448
0.163453
0.163459
0.163464
0.163469
0.163475
0.163480
0.163486
0.163491
0.163497
0.163502
0.163507
0.163513
0.163518
0.163524
0.163529
0.163535
0.163540
0.163545
0.163551
0.163556
0.163562
0.163567
0.163573
0.163578
0.163583
0.163589
0.163594
0.163600
0.163605
0.163611
0.163616
0.163622
0.163627
0.163632
0.163638
0.163643
0.163649
0.163654
0.163660
0.163665
0.163670
0.163676
0.163681
0.163687
0.163692
0.163698
0.163703
0.163708
0.163714
0.163719
0.163725
0.163730
0.163736
0.163741
0.163747
0.163752
0.163757
0.163763
0.163768
0.163774
0.163779
0.163785
0.163790
0.163796
0.163801
0.163806
0.163812
0.163817
0.163823
0.163828
0.163834
0.163839
0.163844
0.163850
0.163855
0.163861
0.163866
0.163872
0.163877
0.163883
0.163888
0.163893
0.163899
0.163904
0.163910
0.163915
0.163921
0.163926
0.163932
0.163937
0.163942
0.163948
0.163953
0.163959
0.163964
0.163970
0.163975
0.163981
0.163986
0.163992
0.163997
0.164002
0.164008
0.164013
0.164019
0.164024
0.164030
0.164035
0.164041
0.164046
0.164051
0.164057
0.164062
0.164068
0.164073
0.164079
0.164084
0.164090
0.164095
0.164100
0.164106
0.164111
0.164117
0.164122
0.164128
0.164133
0.164139
0.164144
0.164150
0.164155
0.164160
0.164166
0.164171
0.164177
0.164182
0.164188
0.164193
0.164199
0.164204
0.164210
0.164215
0.164220
0.164226
0.164231
0.164237
0.164242
0.164248
0.164253
0.164259
0.164264
0.164270
0.164275
0.164280
0.164286
0.164291
0.164297
0.164302
0.164308
0.164313
0.164319
0.164324
0.164330
0.164335
0.164340
0.164346
0.164351
0.164357
0.164362
0.164368
0.164373
0.164379
0.164384
0.164390
0.164395
0.164401
0.164406
0.164411
0.164417
0.164422
0.164428
0.164433
0.164439
0.164444
0.164450
0.164455
0.164461
0.164466
0.164471
0.164477
0.164482
0.164488
0.164493
0.164499
0.164504
0.164510
0.164515
0.164521
0.164526
0.164532
0.164537
0.164543
0.164548
0.164553
0.164559
0.164564
0.164570
0.164575
0.164581
0.164586
0.164592
0.164597
0.164603
0.164608
0.164614
0.164619
0.164625
0.164630
0.164635
0.164641
0.164646
0.164652
0.164657
0.164663
0.164668
0.164674
0.164679
0.164685
0.164690
0.164696
0.164701
0.164707
0.164712
0.164717
0.164723
0.164728
0.164734
0.164739
0.164745
0.164750
0.164756
0.164761
0.164767
0.164772
0.164778
0.164783
0.164789
0.164794
0.164800
0.164805
0.164811
0.164816
0.164821
0.164827
0.164832
0.164838
0.164843
0.164849
0.164854
0.164860
0.164865
0.164871
0.164876
0.164882
0.164887
0.164893
0.164898
0.164904
0.164909
0.164915
0.164920
0.164925
0.164931
0.164936
0.164942
0.164947
0.164953
0.164958
0.164964
0.164969
0.164975
0.164980
0.164986
0.164991
0.164997
0.165002
0.165008
0.165013
0.165019
0.165024
0.165030
0.165035
0.165041
0.165046
0.165051
0.165057
0.165062
0.165068
0.165073
0.165079
0.165084
0.165090
0.165095
0.165101
0.165106
0.165112
0.165117
0.165123
0.165128
0.165134
0.165139
0.165145
0.165150
0.165156
0.165161
0.165167
0.165172
0.165178
0.165183
0.165189
0.165194
0.165200
0.165205
0.165211
0.165216
0.165221
0.165227
0.165232
0.165238
0.165243
0.165249
0.165254
0.165260
0.165265
0.165271
0.165276
0.165282
0.165287
0.165293
0.165298
0.165304
0.165309
0.165315
0.165320
0.165326
0.165331
0.165337
0.165342
0.165348
0.165353
0.165359
0.165364
0.165370
0.165375
0.165381
0.165386
0.165392
0.165397
0.165403
0.165408
0.165414
0.165419
0.165425
0.165430
0.165436
0.165441
0.165447
0.165452
0.165458
0.165463
0.165469
0.165474
0.165480
0.165485
0.165491
0.165496
0.165501
0.165507
0.165512
0.165518
0.165523
0.165529
0.165534
0.165540
0.165545
0.165551
0.165556
0.165562
0.165567
0.165573
0.165578
0.165584
0.165589
0.165595
0.165600
0.165606
0.165611
0.165617
0.165622
0.165628
0.165633
0.165639
0.165644
0.165650
0.165655
0.165661
0.165666
0.165672
0.165677
0.165683
0.165688
0.165694
0.165699
0.165705
0.165710
0.165716
0.165721
0.165727
0.165732
0.165738
0.165743
0.165749
0.165754
0.165760
0.165765
0.165771
0.165776
0.165782
0.165787
0.165793
0.165798
0.165804
0.165809
0.165815
0.165821
0.165826
0.165832
0.165837
0.165843
0.165848
0.165854
0.165859
0.165865
0.165870
0.165876
0.165881
0.165887
0.165892
0.165898
0.165903
0.165909
0.165914
0.165920
0.165925
0.165931
0.165936
0.165942
0.165947
0.165953
0.165958
0.165964
0.165969
0.165975
0.165980
0.165986
0.165991
0.165997
0.166002
0.166008
0.166013
0.166019
0.166024
0.166030
0.166035
0.166041
0.166046
0.166052
0.166057
0.166063
0.166068
0.166074
0.166079
0.166085
0.166090
0.166096
0.166102
0.166107
0.166113
0.166118
0.166124
0.166129
0.166135
0.166140
0.166146
0.166151
0.166157
0.166162
0.166168
0.166173
0.166179
0.166184
0.166190
0.166195
0.166201
0.166206
0.166212
0.166217
0.166223
0.166228
0.166234
0.166239
0.166245
0.166250
0.166256
0.166261
0.166267
0.166273
0.166278
0.166284
0.166289
0.166295
0.166300
0.166306
0.166311
0.166317
0.166322
0.166328
0.166333
0.166339
0.166344
0.166350
0.166355
0.166361
0.166366
0.166372
0.166377
0.166383
0.166388
0.166394
0.166400
0.166405
0.166411
0.166416
0.166422
0.166427
0.166433
0.166438
0.166444
0.166449
0.166455
0.166460
0.166466
0.166471
0.166477
0.166482
0.166488
0.166493
0.166499
0.166505
0.166510
0.166516
0.166521
0.166527
0.166532
0.166538
0.166543
0.166549
0.166554
0.166560
0.166565
0.166571
0.166576
0.166582
0.166587
0.166593
0.166598
0.166604
0.166610
0.166615
0.166621
0.166626
0.166632
0.166637
0.166643
0.166648
0.166654
0.166659
0.166665
0.166670
0.166676
0.166681
0.166687
0.166693
0.166698
0.166704
0.166709
0.166715
0.166720
0.166726
0.166731
0.166737
0.166742
0.166748
0.166753
0.166759
0.166764
0.166770
0.166776
0.166781
0.166787
0.166792
0.166798
0.166803
0.166809
0.166814
0.166820
0.166825
0.166831
0.166836
0.166842
0.166848
0.166853
0.166859
0.166864
0.166870
0.166875
0.166881
0.166886
0.166892
0.166897
0.166903
0.166908
0.166914
0.166920
0.166925
0.166931
0.166936
0.166942
0.166947
0.166953
0.166958
0.166964
0.166969
0.166975
0.166980
0.166986
0.166992
0.166997
0.167003
0.167008
0.167014
0.167019
0.167025
0.167030
0.167036
0.167041
0.167047
0.167053
0.167058
0.167064
0.167069
0.167075
0.167080
0.167086
0.167091
0.167097
0.167102
0.167108
0.167114
0.167119
0.167125
0.167130
0.167136
0.167141
0.167147
0.167152
0.167158
0.167163
0.167169
0.167175
0.167180
0.167186
0.167191
0.167197
0.167202
0.167208
0.167213
0.167219
0.167225
0.167230
0.167236
0.167241
0.167247
0.167252
0.167258
0.167263
0.167269
0.167274
0.167280
0.167286
0.167291
0.167297
0.167302
0.167308
0.167313
0.167319
0.167324
0.167330
0.167336
0.167341
0.167347
0.167352
0.167358
0.167363
0.167369
0.167374
0.167380
0.167386
0.167391
0.167397
0.167402
0.167408
0.167413
0.167419
0.167424
0.167430
0.167436
0.167441
0.167447
0.167452
0.167458
0.167463
0.167469
0.167474
0.167480
0.167486
0.167491
0.167497
0.167502
0.167508
0.167513
0.167519
0.167524
0.167530
0.167536
0.167541
0.167547
0.167552
0.167558
0.167563
0.167569
0.167575
0.167580
0.167586
0.167591
0.167597
0.167602
0.167608
0.167613
0.167619
0.167625
0.167630
0.167636
0.167641
0.167647
0.167652
0.167658
0.167664
0.167669
0.167675
0.167680
0.167686
0.167691
0.167697
0.167702
0.167708
0.167714
0.167719
0.167725
0.167730
0.167736
0.167741
0.167747
0.167753
0.167758
0.167764
0.167769
0.167775
0.167780
0.167786
0.167792
0.167797
0.167803
0.167808
0.167814
0.167819
0.167825
0.167831
0.167836
0.167842
0.167847
0.167853
0.167858
0.167864
0.167869
0.167875
0.167881
0.167886
0.167892
0.167897
0.167903
0.167909
0.167914
0.167920
0.167925
0.167931
0.167936
0.167942
0.167948
0.167953
0.167959
0.167964
0.167970
0.167975
0.167981
0.167987
0.167992
0.167998
0.168003
0.168009
0.168014
0.168020
0.168026
0.168031
0.168037
0.168042
0.168048
0.168053
0.168059
0.168065
0.168070
0.168076
0.168081
0.168087
0.168092
0.168098
0.168104
0.168109
0.168115
0.168120
0.168126
0.168132
0.168137
0.168143
0.168148
0.168154
0.168159
0.168165
0.168171
0.168176
0.168182
0.168187
0.168193
0.168198
0.168204
0.168210
0.168215
0.168221
0.168226
0.168232
0.168238
0.168243
0.168249
0.168254
0.168260
0.168265
0.168271
0.168277
0.168282
0.168288
0.168293
0.168299
0.168305
0.168310
0.168316
0.168321
0.168327
0.168332
0.168338
0.168344
0.168349
0.168355
0.168360
0.168366
0.168372
0.168377
0.168383
0.168388
0.168394
0.168400
0.168405
0.168411
0.168416
0.168422
0.168427
0.168433
0.168439
0.168444
0.168450
0.168455
0.168461
0.168467
0.168472
0.168478
0.168483
0.168489
0.168495
0.168500
0.168506
0.168511
0.168517
0.168522
0.168528
0.168534
0.168539
0.168545
0.168550
0.168556
0.168562
0.168567
0.168573
0.168578
0.168584
0.168590
0.168595
0.168601
0.168606
0.168612
0.168618
0.168623
0.168629
0.168634
0.168640
0.168646
0.168651
0.168657
0.168662
0.168668
0.168674
0.168679
0.168685
0.168690
0.168696
0.168701
0.168707
0.168713
0.168718
0.168724
0.168729
0.168735
0.168741
0.168746
0.168752
0.168757
0.168763
0.168769
0.168774
0.168780
0.168785
0.168791
0.168797
0.168802
0.168808
0.168813
0.168819
0.168825
0.168830
0.168836
0.168841
0.168847
0.168853
0.168858
0.168864
0.168869
0.168875
0.168881
0.168886
0.168892
0.168897
0.168903
0.168909
0.168914
0.168920
0.168926
0.168931
0.168937
0.168942
0.168948
0.168954
0.168959
0.168965
0.168970
0.168976
0.168982
0.168987
0.168993
0.168998
0.169004
0.169010
0.169015
0.169021
0.169026
0.169032
0.169038
0.169043
0.169049
0.169054
0.169060
0.169066
0.169071
0.169077
0.169082
0.169088
0.169094
0.169099
0.169105
0.169111
0.169116
0.169122
0.169127
0.169133
0.169139
0.169144
0.169150
0.169155
0.169161
0.169167
0.169172
0.169178
0.169183
0.169189
0.169195
0.169200
0.169206
0.169212
0.169217
0.169223
0.169228
0.169234
0.169240
0.169245
0.169251
0.169256
0.169262
0.169268
0.169273
0.169279
0.169285
0.169290
0.169296
0.169301
0.169307
0.169313
0.169318
0.169324
0.169329
0.169335
0.169341
0.169346
0.169352
0.169358
0.169363
0.169369
0.169374
0.169380
0.169386
0.169391
0.169397
0.169402
0.169408
0.169414
0.169419
0.169425
0.169431
0.169436
0.169442
0.169447
0.169453
0.169459
0.169464
0.169470
0.169476
0.169481
0.169487
0.169492
0.169498
0.169504
0.169509
0.169515
0.169521
0.169526
0.169532
0.169537
0.169543
0.169549
0.169554
0.169560
0.169566
0.169571
0.169577
0.169582
0.169588
0.169594
0.169599
0.169605
0.169611
0.169616
0.169622
0.169627
0.169633
0.169639
0.169644
0.169650
0.169656
0.169661
0.169667
0.169672
0.169678
0.169684
0.169689
0.169695
0.169701
0.169706
0.169712
0.169717
0.169723
0.169729
0.169734
0.169740
0.169746
0.169751
0.169757
0.169762
0.169768
0.169774
0.169779
0.169785
0.169791
0.169796
0.169802
0.169808
0.169813
0.169819
0.169824
0.169830
0.169836
0.169841
0.169847
0.169853
0.169858
0.169864
0.169870
0.169875
0.169881
0.169886
0.169892
0.169898
0.169903
0.169909
0.169915
0.169920
0.169926
0.169932
0.169937
0.169943
0.169948
0.169954
0.169960
0.169965
0.169971
0.169977
0.169982
0.169988
0.169994
0.169999
0.170005
0.170010
0.170016
0.170022
0.170027
0.170033
0.170039
0.170044
0.170050
0.170056
0.170061
0.170067
0.170072
0.170078
0.170084
0.170089
0.170095
0.170101
0.170106
0.170112
0.170118
0.170123
0.170129
0.170135
0.170140
0.170146
0.170151
0.170157
0.170163
0.170168
0.170174
0.170180
0.170185
0.170191
0.170197
0.170202
0.170208
0.170214
0.170219
0.170225
0.170230
0.170236
0.170242
0.170247
0.170253
0.170259
0.170264
0.170270
0.170276
0.170281
0.170287
0.170293
0.170298
0.170304
0.170310
0.170315
0.170321
0.170326
0.170332
0.170338
0.170343
0.170349
0.170355
0.170360
0.170366
0.170372
0.170377
0.170383
0.170389
0.170394
0.170400
0.170406
0.170411
0.170417
0.170423
0.170428
0.170434
0.170439
0.170445
0.170451
0.170456
0.170462
0.170468
0.170473
0.170479
0.170485
0.170490
0.170496
0.170502
0.170507
0.170513
0.170519
0.170524
0.170530
0.170536
0.170541
0.170547
0.170553
0.170558
0.170564
0.170570
0.170575
0.170581
0.170586
0.170592
0.170598
0.170603
0.170609
0.170615
0.170620
0.170626
0.170632
0.170637
0.170643
0.170649
0.170654
0.170660
0.170666
0.170671
0.170677
0.170683
0.170688
0.170694
0.170700
0.170705
0.170711
0.170717
0.170722
0.170728
0.170734
0.170739
0.170745
0.170751
0.170756
0.170762
0.170768
0.170773
0.170779
0.170785
0.170790
0.170796
0.170802
0.170807
0.170813
0.170819
0.170824
0.170830
0.170836
0.170841
0.170847
0.170853
0.170858
0.170864
0.170870
0.170875
0.170881
0.170887
0.170892
0.170898
0.170904
0.170909
0.170915
0.170921
0.170926
0.170932
0.170938
0.170943
0.170949
0.170955
0.170960
0.170966
0.170972
0.170977
0.170983
0.170989
0.170994
0.171000
0.171006
0.171011
0.171017
0.171023
0.171028
0.171034
0.171040
0.171045
0.171051
0.171057
0.171062
0.171068
0.171074
0.171079
0.171085
0.171091
0.171096
0.171102
0.171108
0.171113
0.171119
0.171125
0.171130
0.171136
0.171142
0.171147
0.171153
0.171159
0.171164
0.171170
0.171176
0.171181
0.171187
0.171193
0.171198
0.171204
0.171210
0.171216
0.171221
0.171227
0.171233
0.171238
0.171244
0.171250
0.171255
0.171261
0.171267
0.171272
0.171278
0.171284
0.171289
0.171295
0.171301
0.171306
0.171312
0.171318
0.171323
0.171329
0.171335
0.171340
0.171346
0.171352
0.171358
0.171363
0.171369
0.171375
0.171380
0.171386
0.171392
0.171397
0.171403
0.171409
0.171414
0.171420
0.171426
0.171431
0.171437
0.171443
0.171448
0.171454
0.171460
0.171465
0.171471
0.171477
0.171483
0.171488
0.171494
0.171500
0.171505
0.171511
0.171517
0.171522
0.171528
0.171534
0.171539
0.171545
0.171551
0.171556
0.171562
0.171568
0.171574
0.171579
0.171585
0.171591
0.171596
0.171602
0.171608
0.171613
0.171619
0.171625
0.171630
0.171636
0.171642
0.171647
0.171653
0.171659
0.171665
0.171670
0.171676
0.171682
0.171687
0.171693
0.171699
0.171704
0.171710
0.171716
0.171721
0.171727
0.171733
0.171739
0.171744
0.171750
0.171756
0.171761
0.171767
0.171773
0.171778
0.171784
0.171790
0.171796
0.171801
0.171807
0.171813
0.171818
0.171824
0.171830
0.171835
0.171841
0.171847
0.171852
0.171858
0.171864
0.171870
0.171875
0.171881
0.171887
0.171892
0.171898
0.171904
0.171909
0.171915
0.171921
0.171927
0.171932
0.171938
0.171944
0.171949
0.171955
0.171961
0.171966
0.171972
0.171978
0.171984
0.171989
0.171995
0.172001
0.172006
0.172012
0.172018
0.172023
0.172029
0.172035
0.172041
0.172046
0.172052
0.172058
0.172063
0.172069
0.172075
0.172081
0.172086
0.172092
0.172098
0.172103
0.172109
0.172115
0.172120
0.172126
0.172132
0.172138
0.172143
0.172149
0.172155
0.172160
0.172166
0.172172
0.172178
0.172183
0.172189
0.172195
0.172200
0.172206
0.172212
0.172217
0.172223
0.172229
0.172235
0.172240
0.172246
0.172252
0.172257
0.172263
0.172269
0.172275
0.172280
0.172286
0.172292
0.172297
0.172303
0.172309
0.172315
0.172320
0.172326
0.172332
0.172337
0.172343
0.172349
0.172355
0.172360
0.172366
0.172372
0.172377
0.172383
0.172389
0.172395
0.172400
0.172406
0.172412
0.172417
0.172423
0.172429
0.172435
0.172440
0.172446
0.172452
0.172457
0.172463
0.172469
0.172475
0.172480
0.172486
0.172492
0.172497
0.172503
0.172509
0.172515
0.172520
0.172526
0.172532
0.172537
0.172543
0.172549
0.172555
0.172560
0.172566
0.172572
0.172577
0.172583
0.172589
0.172595
0.172600
0.172606
0.172612
0.172618
0.172623
0.172629
0.172635
0.172640
0.172646
0.172652
0.172658
0.172663
0.172669
0.172675
0.172680
0.172686
0.172692
0.172698
0.172703
0.172709
0.172715
0.172721
0.172726
0.172732
0.172738
0.172743
0.172749
0.172755
0.172761
0.172766
0.172772
0.172778
0.172784
0.172789
0.172795
0.172801
0.172806
0.172812
0.172818
0.172824
0.172829
0.172835
0.172841
0.172847
0.172852
0.172858
0.172864
0.172869
0.172875
0.172881
0.172887
0.172892
0.172898
0.172904
0.172910
0.172915
0.172921
0.172927
0.172932
0.172938
0.172944
0.172950
0.172955
0.172961
0.172967
0.172973
0.172978
0.172984
0.172990
0.172996
0.173001
0.173007
0.173013
0.173018
0.173024
0.173030
0.173036
0.173041
0.173047
0.173053
0.173059
0.173064
0.173070
0.173076
0.173082
0.173087
0.173093
0.173099
0.173104
0.173110
0.173116
0.173122
0.173127
0.173133
0.173139
0.173145
0.173150
0.173156
0.173162
0.173168
0.173173
0.173179
0.173185
0.173191
0.173196
0.173202
0.173208
0.173214
0.173219
0.173225
0.173231
0.173236
0.173242
0.173248
0.173254
0.173259
0.173265
0.173271
0.173277
0.173282
0.173288
0.173294
0.173300
0.173305
0.173311
0.173317
0.173323
0.173328
0.173334
0.173340
0.173346
0.173351
0.173357
0.173363
0.173369
0.173374
0.173380
0.173386
0.173392
0.173397
0.173403
0.173409
0.173415
0.173420
0.173426
0.173432
0.173438
0.173443
0.173449
0.173455
0.173461
0.173466
0.173472
0.173478
0.173484
0.173489
0.173495
0.173501
0.173507
0.173512
0.173518
0.173524
0.173530
0.173535
0.173541
0.173547
0.173553
0.173558
0.173564
0.173570
0.173576
0.173581
0.173587
0.173593
0.173599
0.173604
0.173610
0.173616
0.173622
0.173627
0.173633
0.173639
0.173645
0.173650
0.173656
0.173662
0.173668
0.173673
0.173679
0.173685
0.173691
0.173696
0.173702
0.173708
0.173714
0.173719
0.173725
0.173731
0.173737
0.173742
0.173748
0.173754
0.173760
0.173765
0.173771
0.173777
0.173783
0.173788
0.173794
0.173800
0.173806
0.173812
0.173817
0.173823
0.173829
0.173835
0.173840
0.173846
0.173852
0.173858
0.173863
0.173869
0.173875
0.173881
0.173886
0.173892
0.173898
0.173904
0.173909
0.173915
0.173921
0.173927
0.173933
0.173938
0.173944
0.173950
0.173956
0.173961
0.173967
0.173973
0.173979
0.173984
0.173990
0.173996
0.174002
0.174007
0.174013
0.174019
0.174025
0.174031
0.174036
0.174042
0.174048
0.174054
0.174059
0.174065
0.174071
0.174077
0.174082
0.174088
0.174094
0.174100
0.174105
0.174111
0.174117
0.174123
0.174129
0.174134
0.174140
0.174146
0.174152
0.174157
0.174163
0.174169
0.174175
0.174180
0.174186
0.174192
0.174198
0.174204
0.174209
0.174215
0.174221
0.174227
0.174232
0.174238
0.174244
0.174250
0.174256
0.174261
0.174267
0.174273
0.174279
0.174284
0.174290
0.174296
0.174302
0.174307
0.174313
0.174319
0.174325
0.174331
0.174336
0.174342
0.174348
0.174354
0.174359
0.174365
0.174371
0.174377
0.174383
0.174388
0.174394
0.174400
0.174406
0.174411
0.174417
0.174423
0.174429
0.174435
0.174440
0.174446
0.174452
0.174458
0.174463
0.174469
0.174475
0.174481
0.174487
0.174492
0.174498
0.174504
0.174510
0.174516
0.174521
0.174527
0.174533
0.174539
0.174544
0.174550
0.174556
0.174562
0.174568
0.174573
0.174579
0.174585
0.174591
0.174596
0.174602
0.174608
0.174614
0.174620
0.174625
0.174631
0.174637
0.174643
0.174649
0.174654
0.174660
0.174666
0.174672
0.174677
0.174683
0.174689
0.174695
0.174701
0.174706
0.174712
0.174718
0.174724
0.174730
0.174735
0.174741
0.174747
0.174753
0.174759
0.174764
0.174770
0.174776
0.174782
0.174787
0.174793
0.174799
0.174805
0.174811
0.174816
0.174822
0.174828
0.174834
0.174840
0.174845
0.174851
0.174857
0.174863
0.174869
0.174874
0.174880
0.174886
0.174892
0.174898
0.174903
0.174909
0.174915
0.174921
0.174926
0.174932
0.174938
0.174944
0.174950
0.174955
0.174961
0.174967
0.174973
0.174979
0.174984
0.174990
0.174996
0.175002
0.175008
0.175013
0.175019
0.175025
0.175031
0.175037
0.175042
0.175048
0.175054
0.175060
0.175066
0.175071
0.175077
0.175083
0.175089
0.175095
0.175100
0.175106
0.175112
0.175118
0.175124
0.175129
0.175135
0.175141
0.175147
0.175153
0.175158
0.175164
0.175170
0.175176
0.175182
0.175187
0.175193
0.175199
0.175205
0.175211
0.175216
0.175222
0.175228
0.175234
0.175240
0.175245
0.175251
0.175257
0.175263
0.175269
0.175274
0.175280
0.175286
0.175292
0.175298
0.175304
0.175309
0.175315
0.175321
0.175327
0.175333
0.175338
0.175344
0.175350
0.175356
0.175362
0.175367
0.175373
0.175379
0.175385
0.175391
0.175396
0.175402
0.175408
0.175414
0.175420
0.175426
0.175431
0.175437
0.175443
0.175449
0.175455
0.175460
0.175466
0.175472
0.175478
0.175484
0.175489
0.175495
0.175501
0.175507
0.175513
0.175519
0.175524
0.175530
0.175536
0.175542
0.175548
0.175553
0.175559
0.175565
0.175571
0.175577
0.175582
0.175588
0.175594
0.175600
0.175606
0.175612
0.175617
0.175623
0.175629
0.175635
0.175641
0.175646
0.175652
0.175658
0.175664
0.175670
0.175676
0.175681
0.175687
0.175693
0.175699
0.175705
0.175710
0.175716
0.175722
0.175728
0.175734
0.175740
0.175745
0.175751
0.175757
0.175763
0.175769
0.175774
0.175780
0.175786
0.175792
0.175798
0.175804
0.175809
0.175815
0.175821
0.175827
0.175833
0.175839
0.175844
0.175850
0.175856
0.175862
0.175868
0.175873
0.175879
0.175885
0.175891
0.175897
0.175903
0.175908
0.175914
0.175920
0.175926
0.175932
0.175938
0.175943
0.175949
0.175955
0.175961
0.175967
0.175973
0.175978
0.175984
0.175990
0.175996
0.176002
0.176007
0.176013
0.176019
0.176025
0.176031
0.176037
0.176042
0.176048
0.176054
0.176060
0.176066
0.176072
0.176077
0.176083
0.176089
0.176095
0.176101
0.176107
0.176112
0.176118
0.176124
0.176130
0.176136
0.176142
0.176147
0.176153
0.176159
0.176165
0.176171
0.176177
0.176182
0.176188
0.176194
0.176200
0.176206
0.176212
0.176217
0.176223
0.176229
0.176235
0.176241
0.176247
0.176252
0.176258
0.176264
0.176270
0.176276
0.176282
0.176287
0.176293
0.176299
0.176305
0.176311
0.176317
0.176323
0.176328
0.176334
0.176340
0.176346
0.176352
0.176358
0.176363
0.176369
0.176375
0.176381
0.176387
0.176393
0.176398
0.176404
0.176410
0.176416
0.176422
0.176428
0.176434
0.176439
0.176445
0.176451
0.176457
0.176463
0.176469
0.176474
0.176480
0.176486
0.176492
0.176498
0.176504
0.176509
0.176515
0.176521
0.176527
0.176533
0.176539
0.176545
0.176550
0.176556
0.176562
0.176568
0.176574
0.176580
0.176585
0.176591
0.176597
0.176603
0.176609
0.176615
0.176621
0.176626
0.176632
0.176638
0.176644
0.176650
0.176656
0.176661
0.176667
0.176673
0.176679
0.176685
0.176691
0.176697
0.176702
0.176708
0.176714
0.176720
0.176726
0.176732
0.176738
0.176743
0.176749
0.176755
0.176761
0.176767
0.176773
0.176779
0.176784
0.176790
0.176796
0.176802
0.176808
0.176814
0.176819
0.176825
0.176831
0.176837
0.176843
0.176849
0.176855
0.176860
0.176866
0.176872
0.176878
0.176884
0.176890
0.176896
0.176901
0.176907
0.176913
0.176919
0.176925
0.176931
0.176937
0.176942
0.176948
0.176954
0.176960
0.176966
0.176972
0.176978
0.176984
0.176989
0.176995
0.177001
0.177007
0.177013
0.177019
0.177025
0.177030
0.177036
0.177042
0.177048
0.177054
0.177060
0.177066
0.177071
0.177077
0.177083
0.177089
0.177095
0.177101
0.177107
0.177112
0.177118
0.177124
0.177130
0.177136
0.177142
0.177148
0.177154
0.177159
0.177165
0.177171
0.177177
0.177183
0.177189
0.177195
0.177200
0.177206
0.177212
0.177218
0.177224
0.177230
0.177236
0.177242
0.177247
0.177253
0.177259
0.177265
0.177271
0.177277
0.177283
0.177288
0.177294
0.177300
0.177306
0.177312
0.177318
0.177324
0.177330
0.177335
0.177341
0.177347
0.177353
0.177359
0.177365
0.177371
0.177377
0.177382
0.177388
0.177394
0.177400
0.177406
0.177412
0.177418
0.177424
0.177429
0.177435
0.177441
0.177447
0.177453
0.177459
0.177465
0.177471
0.177476
0.177482
0.177488
0.177494
0.177500
0.177506
0.177512
0.177518
0.177523
0.177529
0.177535
0.177541
0.177547
0.177553
0.177559
0.177565
0.177570
0.177576
0.177582
0.177588
0.177594
0.177600
0.177606
0.177612
0.177617
0.177623
0.177629
0.177635
0.177641
0.177647
0.177653
0.177659
0.177665
0.177670
0.177676
0.177682
0.177688
0.177694
0.177700
0.177706
0.177712
0.177717
0.177723
0.177729
0.177735
0.177741
0.177747
0.177753
0.177759
0.177765
0.177770
0.177776
0.177782
0.177788
0.177794
0.177800
0.177806
0.177812
0.177817
0.177823
0.177829
0.177835
0.177841
0.177847
0.177853
0.177859
0.177865
0.177870
0.177876
0.177882
0.177888
0.177894
0.177900
0.177906
0.177912
0.177918
0.177923
0.177929
0.177935
0.177941
0.177947
0.177953
0.177959
0.177965
0.177971
0.177976
0.177982
0.177988
0.177994
0.178000
0.178006
0.178012
0.178018
0.178024
0.178030
0.178035
0.178041
0.178047
0.178053
0.178059
0.178065
0.178071
0.178077
0.178083
0.178088
0.178094
0.178100
0.178106
0.178112
0.178118
0.178124
0.178130
0.178136
0.178142
0.178147
0.178153
0.178159
0.178165
0.178171
0.178177
0.178183
0.178189
0.178195
0.178201
0.178206
0.178212
0.178218
0.178224
0.178230
0.178236
0.178242
0.178248
0.178254
0.178260
0.178265
0.178271
0.178277
0.178283
0.178289
0.178295
0.178301
0.178307
0.178313
0.178319
0.178324
0.178330
0.178336
0.178342
0.178348
0.178354
0.178360
0.178366
0.178372
0.178378
0.178383
0.178389
0.178395
0.178401
0.178407
0.178413
0.178419
0.178425
0.178431
0.178437
0.178442
0.178448
0.178454
0.178460
0.178466
0.178472
0.178478
0.178484
0.178490
0.178496
0.178502
0.178507
0.178513
0.178519
0.178525
0.178531
0.178537
0.178543
0.178549
0.178555
0.178561
0.178567
0.178572
0.178578
0.178584
0.178590
0.178596
0.178602
0.178608
0.178614
0.178620
0.178626
0.178632
0.178637
0.178643
0.178649
0.178655
0.178661
0.178667
0.178673
0.178679
0.178685
0.178691
0.178697
0.178703
0.178708
0.178714
0.178720
0.178726
0.178732
0.178738
0.178744
0.178750
0.178756
0.178762
0.178768
0.178774
0.178779
0.178785
0.178791
0.178797
0.178803
0.178809
0.178815
0.178821
0.178827
0.178833
0.178839
0.178845
0.178850
0.178856
0.178862
0.178868
0.178874
0.178880
0.178886
0.178892
0.178898
0.178904
0.178910
0.178916
0.178921
0.178927
0.178933
0.178939
0.178945
0.178951
0.178957
0.178963
0.178969
0.178975
0.178981
0.178987
0.178993
0.178998
0.179004
0.179010
0.179016
0.179022
0.179028
0.179034
0.179040
0.179046
0.179052
0.179058
0.179064
0.179070
0.179076
0.179081
0.179087
0.179093
0.179099
0.179105
0.179111
0.179117
0.179123
0.179129
0.179135
0.179141
0.179147
0.179153
0.179159
0.179164
0.179170
0.179176
0.179182
0.179188
0.179194
0.179200
0.179206
0.179212
0.179218
0.179224
0.179230
0.179236
0.179242
0.179247
0.179253
0.179259
0.179265
0.179271
0.179277
0.179283
0.179289
0.179295
0.179301
0.179307
0.179313
0.179319
0.179325
0.179331
0.179336
0.179342
0.179348
0.179354
0.179360
0.179366
0.179372
0.179378
0.179384
0.179390
0.179396
0.179402
0.179408
0.179414
0.179420
0.179425
0.179431
0.179437
0.179443
0.179449
0.179455
0.179461
0.179467
0.179473
0.179479
0.179485
0.179491
0.179497
0.179503
0.179509
0.179515
0.179521
0.179526
0.179532
0.179538
0.179544
0.179550
0.179556
0.179562
0.179568
0.179574
0.179580
0.179586
0.179592
0.179598
0.179604
0.179610
0.179616
0.179622
0.179627
0.179633
0.179639
0.179645
0.179651
0.179657
0.179663
0.179669
0.179675
0.179681
0.179687
0.179693
0.179699
0.179705
0.179711
0.179717
0.179723
0.179729
0.179734
0.179740
0.179746
0.179752
0.179758
0.179764
0.179770
0.179776
0.179782
0.179788
0.179794
0.179800
0.179806
0.179812
0.179818
0.179824
0.179830
0.179836
0.179842
0.179848
0.179853
0.179859
0.179865
0.179871
0.179877
0.179883
0.179889
0.179895
0.179901
0.179907
0.179913
0.179919
0.179925
0.179931
0.179937
0.179943
0.179949
0.179955
0.179961
0.179967
0.179973
0.179978
0.179984
0.179990
0.179996
0.180002
0.180008
0.180014
0.180020
0.180026
0.180032
0.180038
0.180044
0.180050
0.180056
0.180062
0.180068
0.180074
0.180080
0.180086
0.180092
0.180098
0.180104
0.180110
0.180115
0.180121
0.180127
0.180133
0.180139
0.180145
0.180151
0.180157
0.180163
0.180169
0.180175
0.180181
0.180187
0.180193
0.180199
0.180205
0.180211
0.180217
0.180223
0.180229
0.180235
0.180241
0.180247
0.180253
0.180259
0.180265
0.180270
0.180276
0.180282
0.180288
0.180294
0.180300
0.180306
0.180312
0.180318
0.180324
0.180330
0.180336
0.180342
0.180348
0.180354
0.180360
0.180366
0.180372
0.180378
0.180384
0.180390
0.180396
0.180402
0.180408
0.180414
0.180420
0.180426
0.180432
0.180438
0.180444
0.180449
0.180455
0.180461
0.180467
0.180473
0.180479
0.180485
0.180491
0.180497
0.180503
0.180509
0.180515
0.180521
0.180527
0.180533
0.180539
0.180545
0.180551
0.180557
0.180563
0.180569
0.180575
0.180581
0.180587
0.180593
0.180599
0.180605
0.180611
0.180617
0.180623
0.180629
0.180635
0.180641
0.180647
0.180653
0.180659
0.180665
0.180670
0.180676
0.180682
0.180688
0.180694
0.180700
0.180706
0.180712
0.180718
0.180724
0.180730
0.180736
0.180742
0.180748
0.180754
0.180760
0.180766
0.180772
0.180778
0.180784
0.180790
0.180796
0.180802
0.180808
0.180814
0.180820
0.180826
0.180832
0.180838
0.180844
0.180850
0.180856
0.180862
0.180868
0.180874
0.180880
0.180886
0.180892
0.180898
0.180904
0.180910
0.180916
0.180922
0.180928
0.180934
0.180940
0.180946
0.180952
0.180958
0.180964
0.180970
0.180976
0.180982
0.180987
0.180993
0.180999
0.181005
0.181011
0.181017
0.181023
0.181029
0.181035
0.181041
0.181047
0.181053
0.181059
0.181065
0.181071
0.181077
0.181083
0.181089
0.181095
0.181101
0.181107
0.181113
0.181119
0.181125
0.181131
0.181137
0.181143
0.181149
0.181155
0.181161
0.181167
0.181173
0.181179
0.181185
0.181191
0.181197
0.181203
0.181209
0.181215
0.181221
0.181227
0.181233
0.181239
0.181245
0.181251
0.181257
0.181263
0.181269
0.181275
0.181281
0.181287
0.181293
0.181299
0.181305
0.181311
0.181317
0.181323
0.181329
0.181335
0.181341
0.181347
0.181353
0.181359
0.181365
0.181371
0.181377
0.181383
0.181389
0.181395
0.181401
0.181407
0.181413
0.181419
0.181425
0.181431
0.181437
0.181443
0.181449
0.181455
0.181461
0.181467
0.181473
0.181479
0.181485
0.181491
0.181497
0.181503
0.181509
0.181515
0.181521
0.181527
0.181533
0.181539
0.181545
0.181551
0.181557
0.181563
0.181569
0.181575
0.181581
0.181587
0.181593
0.181599
0.181605
0.181611
0.181617
0.181623
0.181629
0.181635
0.181641
0.181647
0.181653
0.181659
0.181665
0.181671
0.181677
0.181683
0.181689
0.181695
0.181701
0.181707
0.181713
0.181719
0.181725
0.181731
0.181737
0.181743
0.181749
0.181755
0.181761
0.181767
0.181773
0.181779
0.181785
0.181791
0.181797
0.181803
0.181809
0.181815
0.181821
0.181828
0.181834
0.181840
0.181846
0.181852
0.181858
0.181864
0.181870
0.181876
0.181882
0.181888
0.181894
0.181900
0.181906
0.181912
0.181918
0.181924
0.181930
0.181936
0.181942
0.181948
0.181954
0.181960
0.181966
0.181972
0.181978
0.181984
0.181990
0.181996
0.182002
0.182008
0.182014
0.182020
0.182026
0.182032
0.182038
0.182044
0.182050
0.182056
0.182062
0.182068
0.182074
0.182080
0.182086
0.182092
0.182098
0.182104
0.182110
0.182116
0.182122
0.182128
0.182134
0.182140
0.182146
0.182152
0.182159
0.182165
0.182171
0.182177
0.182183
0.182189
0.182195
0.182201
0.182207
0.182213
0.182219
0.182225
0.182231
0.182237
0.182243
0.182249
0.182255
0.182261
0.182267
0.182273
0.182279
0.182285
0.182291
0.182297
0.182303
0.182309
0.182315
0.182321
0.182327
0.182333
0.182339
0.182345
0.182351
0.182357
0.182363
0.182369
0.182376
0.182382
0.182388
0.182394
0.182400
0.182406
0.182412
0.182418
0.182424
0.182430
0.182436
0.182442
0.182448
0.182454
0.182460
0.182466
0.182472
0.182478
0.182484
0.182490
0.182496
0.182502
0.182508
0.182514
0.182520
0.182526
0.182532
0.182538
0.182544
0.182550
0.182556
0.182563
0.182569
0.182575
0.182581
0.182587
0.182593
0.182599
0.182605
0.182611
0.182617
0.182623
0.182629
0.182635
0.182641
0.182647
0.182653
0.182659
0.182665
0.182671
0.182677
0.182683
0.182689
0.182695
0.182701
0.182707
0.182714
0.182720
0.182726
0.182732
0.182738
0.182744
0.182750
0.182756
0.182762
0.182768
0.182774
0.182780
0.182786
0.182792
0.182798
0.182804
0.182810
0.182816
0.182822
0.182828
0.182834
0.182840
0.182846
0.182853
0.182859
0.182865
0.182871
0.182877
0.182883
0.182889
0.182895
0.182901
0.182907
0.182913
0.182919
0.182925
0.182931
0.182937
0.182943
0.182949
0.182955
0.182961
0.182967
0.182973
0.182979
0.182986
0.182992
0.182998
0.183004
0.183010
0.183016
0.183022
0.183028
0.183034
0.183040
0.183046
0.183052
0.183058
0.183064
0.183070
0.183076
0.183082
0.183088
0.183094
0.183101
0.183107
0.183113
0.183119
0.183125
0.183131
0.183137
0.183143
0.183149
0.183155
0.183161
0.183167
0.183173
0.183179
0.183185
0.183191
0.183197
0.183203
0.183210
0.183216
0.183222
0.183228
0.183234
0.183240
0.183246
0.183252
0.183258
0.183264
0.183270
0.183276
0.183282
0.183288
0.183294
0.183300
0.183306
0.183313
0.183319
0.183325
0.183331
0.183337
0.183343
0.183349
0.183355
0.183361
0.183367
0.183373
0.183379
0.183385
0.183391
0.183397
0.183403
0.183410
0.183416
0.183422
0.183428
0.183434
0.183440
0.183446
0.183452
0.183458
0.183464
0.183470
0.183476
0.183482
0.183488
0.183494
0.183500
0.183507
0.183513
0.183519
0.183525
0.183531
0.183537
0.183543
0.183549
0.183555
0.183561
0.183567
0.183573
0.183579
0.183585
0.183591
0.183598
0.183604
0.183610
0.183616
0.183622
0.183628
0.183634
0.183640
0.183646
0.183652
0.183658
0.183664
0.183670
0.183676
0.183683
0.183689
0.183695
0.183701
0.183707
0.183713
0.183719
0.183725
0.183731
0.183737
0.183743
0.183749
0.183755
0.183761
0.183768
0.183774
0.183780
0.183786
0.183792
0.183798
0.183804
0.183810
0.183816
0.183822
0.183828
0.183834
0.183840
0.183847
0.183853
0.183859
0.183865
0.183871
0.183877
0.183883
0.183889
0.183895
0.183901
0.183907
0.183913
0.183919
0.183926
0.183932
0.183938
0.183944
0.183950
0.183956
0.183962
0.183968
0.183974
0.183980
0.183986
0.183992
0.183999
0.184005
0.184011
0.184017
0.184023
0.184029
0.184035
0.184041
0.184047
0.184053
0.184059
0.184065
0.184072
0.184078
0.184084
0.184090
0.184096
0.184102
0.184108
0.184114
0.184120
0.184126
0.184132
0.184138
0.184145
0.184151
0.184157
0.184163
0.184169
0.184175
0.184181
0.184187
0.184193
0.184199
0.184205
0.184212
0.184218
0.184224
0.184230
0.184236
0.184242
0.184248
0.184254
0.184260
0.184266
0.184272
0.184279
0.184285
0.184291
0.184297
0.184303
0.184309
0.184315
0.184321
0.184327
0.184333
0.184339
0.184346
0.184352
0.184358
0.184364
0.184370
0.184376
0.184382
0.184388
0.184394
0.184400
0.184406
0.184413
0.184419
0.184425
0.184431
0.184437
0.184443
0.184449
0.184455
0.184461
0.184467
0.184473
0.184480
0.184486
0.184492
0.184498
0.184504
0.184510
0.184516
0.184522
0.184528
0.184534
0.184541
0.184547
0.184553
0.184559
0.184565
0.184571
0.184577
0.184583
0.184589
0.184595
0.184602
0.184608
0.184614
0.184620
0.184626
0.184632
0.184638
0.184644
0.184650
0.184656
0.184663
0.184669
0.184675
0.184681
0.184687
0.184693
0.184699
0.184705
0.184711
0.184718
0.184724
0.184730
0.184736
0.184742
0.184748
0.184754
0.184760
0.184766
0.184772
0.184779
0.184785
0.184791
0.184797
0.184803
0.184809
0.184815
0.184821
0.184827
0.184834
0.184840
0.184846
0.184852
0.184858
0.184864
0.184870
0.184876
0.184882
0.184889
0.184895
0.184901
0.184907
0.184913
0.184919
0.184925
0.184931
0.184937
0.184944
0.184950
0.184956
0.184962
0.184968
0.184974
0.184980
0.184986
0.184992
0.184999
0.185005
0.185011
0.185017
0.185023
0.185029
0.185035
0.185041
0.185047
0.185054
0.185060
0.185066
0.185072
0.185078
0.185084
0.185090
0.185096
0.185102
0.185109
0.185115
0.185121
0.185127
0.185133
0.185139
0.185145
0.185151
0.185158
0.185164
0.185170
0.185176
0.185182
0.185188
0.185194
0.185200
0.185206
0.185213
0.185219
0.185225
0.185231
0.185237
0.185243
0.185249
0.185255
0.185262
0.185268
0.185274
0.185280
0.185286
0.185292
0.185298
0.185304
0.185311
0.185317
0.185323
0.185329
0.185335
0.185341
0.185347
0.185353
0.185360
0.185366
0.185372
0.185378
0.185384
0.185390
0.185396
0.185402
0.185409
0.185415
0.185421
0.185427
0.185433
0.185439
0.185445
0.185451
0.185458
0.185464
0.185470
0.185476
0.185482
0.185488
0.185494
0.185500
0.185507
0.185513
0.185519
0.185525
0.185531
0.185537
0.185543
0.185550
0.185556
0.185562
0.185568
0.185574
0.185580
0.185586
0.185592
0.185599
0.185605
0.185611
0.185617
0.185623
0.185629
0.185635
0.185641
0.185648
0.185654
0.185660
0.185666
0.185672
0.185678
0.185684
0.185691
0.185697
0.185703
0.185709
0.185715
0.185721
0.185727
0.185734
0.185740
0.185746
0.185752
0.185758
0.185764
0.185770
0.185776
0.185783
0.185789
0.185795
0.185801
0.185807
0.185813
0.185819
0.185826
0.185832
0.185838
0.185844
0.185850
0.185856
0.185862
0.185869
0.185875
0.185881
0.185887
0.185893
0.185899
0.185905
0.185912
0.185918
0.185924
0.185930
0.185936
0.185942
0.185948
0.185955
0.185961
0.185967
0.185973
0.185979
0.185985
0.185991
0.185998
0.186004
0.186010
0.186016
0.186022
0.186028
0.186034
0.186041
0.186047
0.186053
0.186059
0.186065
0.186071
0.186077
0.186084
0.186090
0.186096
0.186102
0.186108
0.186114
0.186121
0.186127
0.186133
0.186139
0.186145
0.186151
0.186157
0.186164
0.186170
0.186176
0.186182
0.186188
0.186194
0.186200
0.186207
0.186213
0.186219
0.186225
0.186231
0.186237
0.186244
0.186250
0.186256
0.186262
0.186268
0.186274
0.186280
0.186287
0.186293
0.186299
0.186305
0.186311
0.186317
0.186324
0.186330
0.186336
0.186342
0.186348
0.186354
0.186360
0.186367
0.186373
0.186379
0.186385
0.186391
0.186397
0.186404
0.186410
0.186416
0.186422
0.186428
0.186434
0.186441
0.186447
0.186453
0.186459
0.186465
0.186471
0.186477
0.186484
0.186490
0.186496
0.186502
0.186508
0.186514
0.186521
0.186527
0.186533
0.186539
0.186545
0.186551
0.186558
0.186564
0.186570
0.186576
0.186582
0.186588
0.186595
0.186601
0.186607
0.186613
0.186619
0.186625
0.186632
0.186638
0.186644
0.186650
0.186656
0.186662
0.186669
0.186675
0.186681
0.186687
0.186693
0.186699
0.186706
0.186712
0.186718
0.186724
0.186730
0.186736
0.186743
0.186749
0.186755
0.186761
0.186767
0.186773
0.186780
0.186786
0.186792
0.186798
0.186804
0.186810
0.186817
0.186823
0.186829
0.186835
0.186841
0.186847
0.186854
0.186860
0.186866
0.186872
0.186878
0.186884
0.186891
0.186897
0.186903
0.186909
0.186915
0.186921
0.186928
0.186934
0.186940
0.186946
0.186952
0.186959
0.186965
0.186971
0.186977
0.186983
0.186989
0.186996
0.187002
0.187008
0.187014
0.187020
0.187026
0.187033
0.187039
0.187045
0.187051
0.187057
0.187064
0.187070
0.187076
0.187082
0.187088
0.187094
0.187101
0.187107
0.187113
0.187119
0.187125
0.187132
0.187138
0.187144
0.187150
0.187156
0.187162
0.187169
0.187175
0.187181
0.187187
0.187193
0.187200
0.187206
0.187212
0.187218
0.187224
0.187230
0.187237
0.187243
0.187249
0.187255
0.187261
0.187268
0.187274
0.187280
0.187286
0.187292
0.187298
0.187305
0.187311
0.187317
0.187323
0.187329
0.187336
0.187342
0.187348
0.187354
0.187360
0.187367
0.187373
0.187379
0.187385
0.187391
0.187397
0.187404
0.187410
0.187416
0.187422
0.187428
0.187435
0.187441
0.187447
0.187453
0.187459
0.187466
0.187472
0.187478
0.187484
0.187490
0.187497
0.187503
0.187509
0.187515
0.187521
0.187527
0.187534
0.187540
0.187546
0.187552
0.187558
0.187565
0.187571
0.187577
0.187583
0.187589
0.187596
0.187602
0.187608
0.187614
0.187620
0.187627
0.187633
0.187639
0.187645
0.187651
0.187658
0.187664
0.187670
0.187676
0.187682
0.187689
0.187695
0.187701
0.187707
0.187713
0.187720
0.187726
0.187732
0.187738
0.187744
0.187751
0.187757
0.187763
0.187769
0.187775
0.187782
0.187788
0.187794
0.187800
0.187806
0.187813
0.187819
0.187825
0.187831
0.187837
0.187844
0.187850
0.187856
0.187862
0.187868
0.187875
0.187881
0.187887
0.187893
0.187899
0.187906
0.187912
0.187918
0.187924
0.187930
0.187937
0.187943
0.187949
0.187955
0.187961
0.187968
0.187974
0.187980
0.187986
0.187992
0.187999
0.188005
0.188011
0.188017
0.188024
0.188030
0.188036
0.188042
0.188048
0.188055
0.188061
0.188067
0.188073
0.188079
0.188086
0.188092
0.188098
0.188104
0.188110
0.188117
0.188123
0.188129
0.188135
0.188142
0.188148
0.188154
0.188160
0.188166
0.188173
0.188179
0.188185
0.188191
0.188197
0.188204
0.188210
0.188216
0.188222
0.188229
0.188235
0.188241
0.188247
0.188253
0.188260
0.188266
0.188272
0.188278
0.188284
0.188291
0.188297
0.188303
0.188309
0.188316
0.188322
0.188328
0.188334
0.188340
0.188347
0.188353
0.188359
0.188365
0.188372
0.188378
0.188384
0.188390
0.188396
0.188403
0.188409
0.188415
0.188421
0.188428
0.188434
0.188440
0.188446
0.188452
0.188459
0.188465
0.188471
0.188477
0.188484
0.188490
0.188496
0.188502
0.188508
0.188515
0.188521
0.188527
0.188533
0.188540
0.188546
0.188552
0.188558
0.188564
0.188571
0.188577
0.188583
0.188589
0.188596
0.188602
0.188608
0.188614
0.188620
0.188627
0.188633
0.188639
0.188645
0.188652
0.188658
0.188664
0.188670
0.188677
0.188683
0.188689
0.188695
0.188701
0.188708
0.188714
0.188720
0.188726
0.188733
0.188739
0.188745
0.188751
0.188758
0.188764
0.188770
0.188776
0.188782
0.188789
0.188795
0.188801
0.188807
0.188814
0.188820
0.188826
0.188832
0.188839
0.188845
0.188851
0.188857
0.188864
0.188870
0.188876
0.188882
0.188888
0.188895
0.188901
0.188907
0.188913
0.188920
0.188926
0.188932
0.188938
0.188945
0.188951
0.188957
0.188963
0.188970
0.188976
0.188982
0.188988
0.188994
0.189001
0.189007
0.189013
0.189019
0.189026
0.189032
0.189038
0.189044
0.189051
0.189057
0.189063
0.189069
0.189076
0.189082
0.189088
0.189094
0.189101
0.189107
0.189113
0.189119
0.189126
0.189132
0.189138
0.189144
0.189151
0.189157
0.189163
0.189169
0.189176
0.189182
0.189188
0.189194
0.189200
0.189207
0.189213
0.189219
0.189225
0.189232
0.189238
0.189244
0.189250
0.189257
0.189263
0.189269
0.189275
0.189282
0.189288
0.189294
0.189300
0.189307
0.189313
0.189319
0.189325
0.189332
0.189338
0.189344
0.189350
0.189357
0.189363
0.189369
0.189375
0.189382
0.189388
0.189394
0.189400
0.189407
0.189413
0.189419
0.189425
0.189432
0.189438
0.189444
0.189450
0.189457
0.189463
0.189469
0.189475
0.189482
0.189488
0.189494
0.189501
0.189507
0.189513
0.189519
0.189526
0.189532
0.189538
0.189544
0.189551
0.189557
0.189563
0.189569
0.189576
0.189582
0.189588
0.189594
0.189601
0.189607
0.189613
0.189619
0.189626
0.189632
0.189638
0.189644
0.189651
0.189657
0.189663
0.189669
0.189676
0.189682
0.189688
0.189695
0.189701
0.189707
0.189713
0.189720
0.189726
0.189732
0.189738
0.189745
0.189751
0.189757
0.189763
0.189770
0.189776
0.189782
0.189788
0.189795
0.189801
0.189807
0.189814
0.189820
0.189826
0.189832
0.189839
0.189845
0.189851
0.189857
0.189864
0.189870
0.189876
0.189882
0.189889
0.189895
0.189901
0.189907
0.189914
0.189920
0.189926
0.189933
0.189939
0.189945
0.189951
0.189958
0.189964
0.189970
0.189976
0.189983
0.189989
0.189995
0.190002
0.190008
0.190014
0.190020
0.190027
0.190033
0.190039
0.190045
0.190052
0.190058
0.190064
0.190071
0.190077
0.190083
0.190089
0.190096
0.190102
0.190108
0.190114
0.190121
0.190127
0.190133
0.190140
0.190146
0.190152
0.190158
0.190165
0.190171
0.190177
0.190183
0.190190
0.190196
0.190202
0.190209
0.190215
0.190221
0.190227
0.190234
0.190240
0.190246
0.190253
0.190259
0.190265
0.190271
0.190278
0.190284
0.190290
0.190297
0.190303
0.190309
0.190315
0.190322
0.190328
0.190334
0.190340
0.190347
0.190353
0.190359
0.190366
0.190372
0.190378
0.190384
0.190391
0.190397
0.190403
0.190410
0.190416
0.190422
0.190428
0.190435
0.190441
0.190447
0.190454
0.190460
0.190466
0.190472
0.190479
0.190485
0.190491
0.190498
0.190504
0.190510
0.190516
0.190523
0.190529
0.190535
0.190542
0.190548
0.190554
0.190560
0.190567
0.190573
0.190579
0.190586
0.190592
0.190598
0.190604
0.190611
0.190617
0.190623
0.190630
0.190636
0.190642
0.190649
0.190655
0.190661
0.190667
0.190674
0.190680
0.190686
0.190693
0.190699
0.190705
0.190711
0.190718
0.190724
0.190730
0.190737
0.190743
0.190749
0.190755
0.190762
0.190768
0.190774
0.190781
0.190787
0.190793
0.190800
0.190806
0.190812
0.190818
0.190825
0.190831
0.190837
0.190844
0.190850
0.190856
0.190863
0.190869
0.190875
0.190881
0.190888
0.190894
0.190900
0.190907
0.190913
0.190919
0.190926
0.190932
0.190938
0.190944
0.190951
0.190957
0.190963
0.190970
0.190976
0.190982
0.190989
0.190995
0.191001
0.191007
0.191014
0.191020
0.191026
0.191033
0.191039
0.191045
0.191052
0.191058
0.191064
0.191070
0.191077
0.191083
0.191089
0.191096
0.191102
0.191108
0.191115
0.191121
0.191127
0.191134
0.191140
0.191146
0.191152
0.191159
0.191165
0.191171
0.191178
0.191184
0.191190
0.191197
0.191203
0.191209
0.191216
0.191222
0.191228
0.191234
0.191241
0.191247
0.191253
0.191260
0.191266
0.191272
0.191279
0.191285
0.191291
0.191298
0.191304
0.191310
0.191317
0.191323
0.191329
0.191335
0.191342
0.191348
0.191354
0.191361
0.191367
0.191373
0.191380
0.191386
0.191392
0.191399
0.191405
0.191411
0.191418
0.191424
0.191430
0.191436
0.191443
0.191449
0.191455
0.191462
0.191468
0.191474
0.191481
0.191487
0.191493
0.191500
0.191506
0.191512
0.191519
0.191525
0.191531
0.191538
0.191544
0.191550
0.191557
0.191563
0.191569
0.191575
0.191582
0.191588
0.191594
0.191601
0.191607
0.191613
0.191620
0.191626
0.191632
0.191639
0.191645
0.191651
0.191658
0.191664
0.191670
0.191677
0.191683
0.191689
0.191696
0.191702
0.191708
0.191715
0.191721
0.191727
0.191734
0.191740
0.191746
0.191753
0.191759
0.191765
0.191772
0.191778
0.191784
0.191790
0.191797
0.191803
0.191809
0.191816
0.191822
0.191828
0.191835
0.191841
0.191847
0.191854
0.191860
0.191866
0.191873
0.191879
0.191885
0.191892
0.191898
0.191904
0.191911
0.191917
0.191923
0.191930
0.191936
0.191942
0.191949
0.191955
0.191961
0.191968
0.191974
0.191980
0.191987
0.191993
0.191999
0.192006
0.192012
0.192018
0.192025
0.192031
0.192037
0.192044
0.192050
0.192056
0.192063
0.192069
0.192075
0.192082
0.192088
0.192094
0.192101
0.192107
0.192113
0.192120
0.192126
0.192132
0.192139
0.192145
0.192151
0.192158
0.192164
0.192170
0.192177
0.192183
0.192190
0.192196
0.192202
0.192209
0.192215
0.192221
0.192228
0.192234
0.192240
0.192247
0.192253
0.192259
0.192266
0.192272
0.192278
0.192285
0.192291
0.192297
0.192304
0.192310
0.192316
0.192323
0.192329
0.192335
0.192342
0.192348
0.192354
0.192361
0.192367
0.192373
0.192380
0.192386
0.192392
0.192399
0.192405
0.192412
0.192418
0.192424
0.192431
0.192437
0.192443
0.192450
0.192456
0.192462
0.192469
0.192475
0.192481
0.192488
0.192494
0.192500
0.192507
0.192513
0.192519
0.192526
0.192532
0.192538
0.192545
0.192551
0.192558
0.192564
0.192570
0.192577
0.192583
0.192589
0.192596
0.192602
0.192608
0.192615
0.192621
0.192627
0.192634
0.192640
0.192646
0.192653
0.192659
0.192666
0.192672
0.192678
0.192685
0.192691
0.192697
0.192704
0.192710
0.192716
0.192723
0.192729
0.192735
0.192742
0.192748
0.192755
0.192761
0.192767
0.192774
0.192780
0.192786
0.192793
0.192799
0.192805
0.192812
0.192818
0.192824
0.192831
0.192837
0.192844
0.192850
0.192856
0.192863
0.192869
0.192875
0.192882
0.192888
0.192894
0.192901
0.192907
0.192914
0.192920
0.192926
0.192933
0.192939
0.192945
0.192952
0.192958
0.192964
0.192971
0.192977
0.192984
0.192990
0.192996
0.193003
0.193009
0.193015
0.193022
0.193028
0.193034
0.193041
0.193047
0.193054
0.193060
0.193066
0.193073
0.193079
0.193085
0.193092
0.193098
0.193105
0.193111
0.193117
0.193124
0.193130
0.193136
0.193143
0.193149
0.193155
0.193162
0.193168
0.193175
0.193181
0.193187
0.193194
0.193200
0.193206
0.193213
0.193219
0.193226
0.193232
0.193238
0.193245
0.193251
0.193257
0.193264
0.193270
0.193277
0.193283
0.193289
0.193296
0.193302
0.193308
0.193315
0.193321
0.193328
0.193334
0.193340
0.193347
0.193353
0.193359
0.193366
0.193372
0.193379
0.193385
0.193391
0.193398
0.193404
0.193410
0.193417
0.193423
0.193430
0.193436
0.193442
0.193449
0.193455
0.193461
0.193468
0.193474
0.193481
0.193487
0.193493
0.193500
0.193506
0.193513
0.193519
0.193525
0.193532
0.193538
0.193544
0.193551
0.193557
0.193564
0.193570
0.193576
0.193583
0.193589
0.193595
0.193602
0.193608
0.193615
0.193621
0.193627
0.193634
0.193640
0.193647
0.193653
0.193659
0.193666
0.193672
0.193678
0.193685
0.193691
0.193698
0.193704
0.193710
0.193717
0.193723
0.193730
0.193736
0.193742
0.193749
0.193755
0.193762
0.193768
0.193774
0.193781
0.193787
0.193793
0.193800
0.193806
0.193813
0.193819
0.193825
0.193832
0.193838
0.193845
0.193851
0.193857
0.193864
0.193870
0.193877
0.193883
0.193889
0.193896
0.193902
0.193909
0.193915
0.193921
0.193928
0.193934
0.193941
0.193947
0.193953
0.193960
0.193966
0.193972
0.193979
0.193985
0.193992
0.193998
0.194004
0.194011
0.194017
0.194024
0.194030
0.194036
0.194043
0.194049
0.194056
0.194062
0.194068
0.194075
0.194081
0.194088
0.194094
0.194100
0.194107
0.194113
0.194120
0.194126
0.194132
0.194139
0.194145
0.194152
0.194158
0.194164
0.194171
0.194177
0.194184
0.194190
0.194196
0.194203
0.194209
0.194216
0.194222
0.194228
0.194235
0.194241
0.194248
0.194254
0.194260
0.194267
0.194273
0.194280
0.194286
0.194293
0.194299
0.194305
0.194312
0.194318
0.194325
0.194331
0.194337
0.194344
0.194350
0.194357
0.194363
0.194369
0.194376
0.194382
0.194389
0.194395
0.194401
0.194408
0.194414
0.194421
0.194427
0.194434
0.194440
0.194446
0.194453
0.194459
0.194466
0.194472
0.194478
0.194485
0.194491
0.194498
0.194504
0.194510
0.194517
0.194523
0.194530
0.194536
0.194542
0.194549
0.194555
0.194562
0.194568
0.194575
0.194581
0.194587
0.194594
0.194600
0.194607
0.194613
0.194619
0.194626
0.194632
0.194639
0.194645
0.194652
0.194658
0.194664
0.194671
0.194677
0.194684
0.194690
0.194696
0.194703
0.194709
0.194716
0.194722
0.194729
0.194735
0.194741
0.194748
0.194754
0.194761
0.194767
0.194774
0.194780
0.194786
0.194793
0.194799
0.194806
0.194812
0.194818
0.194825
0.194831
0.194838
0.194844
0.194851
0.194857
0.194863
0.194870
0.194876
0.194883
0.194889
0.194896
0.194902
0.194908
0.194915
0.194921
0.194928
0.194934
0.194941
0.194947
0.194953
0.194960
0.194966
0.194973
0.194979
0.194986
0.194992
0.194998
0.195005
0.195011
0.195018
0.195024
0.195031
0.195037
0.195043
0.195050
0.195056
0.195063
0.195069
0.195076
0.195082
0.195088
0.195095
0.195101
0.195108
0.195114
0.195121
0.195127
0.195133
0.195140
0.195146
0.195153
0.195159
0.195166
0.195172
0.195178
0.195185
0.195191
0.195198
0.195204
0.195211
0.195217
0.195223
0.195230
0.195236
0.195243
0.195249
0.195256
0.195262
0.195269
0.195275
0.195281
0.195288
0.195294
0.195301
0.195307
0.195314
0.195320
0.195326
0.195333
0.195339
0.195346
0.195352
0.195359
0.195365
0.195372
0.195378
0.195384
0.195391
0.195397
0.195404
0.195410
0.195417
0.195423
0.195430
0.195436
0.195442
0.195449
0.195455
0.195462
0.195468
0.195475
0.195481
0.195488
0.195494
0.195500
0.195507
0.195513
0.195520
0.195526
0.195533
0.195539
0.195545
0.195552
0.195558
0.195565
0.195571
0.195578
0.195584
0.195591
0.195597
0.195604
0.195610
0.195616
0.195623
0.195629
0.195636
0.195642
0.195649
0.195655
0.195662
0.195668
0.195674
0.195681
0.195687
0.195694
0.195700
0.195707
0.195713
0.195720
0.195726
0.195733
0.195739
0.195745
0.195752
0.195758
0.195765
0.195771
0.195778
0.195784
0.195791
0.195797
0.195803
0.195810
0.195816
0.195823
0.195829
0.195836
0.195842
0.195849
0.195855
0.195862
0.195868
0.195874
0.195881
0.195887
0.195894
0.195900
0.195907
0.195913
0.195920
0.195926
0.195933
0.195939
0.195945
0.195952
0.195958
0.195965
0.195971
0.195978
0.195984
0.195991
0.195997
0.196004
0.196010
0.196017
0.196023
0.196029
0.196036
0.196042
0.196049
0.196055
0.196062
0.196068
0.196075
0.196081
0.196088
0.196094
0.196101
0.196107
0.196113
0.196120
0.196126
0.196133
0.196139
0.196146
0.196152
0.196159
0.196165
0.196172
0.196178
0.196185
0.196191
0.196197
0.196204
0.196210
0.196217
0.196223
0.196230
0.196236
0.196243
0.196249
0.196256
0.196262
0.196269
0.196275
0.196282
0.196288
0.196295
0.196301
0.196307
0.196314
0.196320
0.196327
0.196333
0.196340
0.196346
0.196353
0.196359
0.196366
0.196372
0.196379
0.196385
0.196392
0.196398
0.196405
0.196411
0.196417
0.196424
0.196430
0.196437
0.196443
0.196450
0.196456
0.196463
0.196469
0.196476
0.196482
0.196489
0.196495
0.196502
0.196508
0.196515
0.196521
0.196528
0.196534
0.196540
0.196547
0.196553
0.196560
0.196566
0.196573
0.196579
0.196586
0.196592
0.196599
0.196605
0.196612
0.196618
0.196625
0.196631
0.196638
0.196644
0.196651
0.196657
0.196664
0.196670
0.196677
0.196683
0.196689
0.196696
0.196702
0.196709
0.196715
0.196722
0.196728
0.196735
0.196741
0.196748
0.196754
0.196761
0.196767
0.196774
0.196780
0.196787
0.196793
0.196800
0.196806
0.196813
0.196819
0.196826
0.196832
0.196839
0.196845
0.196852
0.196858
0.196865
0.196871
0.196878
0.196884
0.196890
0.196897
0.196903
0.196910
0.196916
0.196923
0.196929
0.196936
0.196942
0.196949
0.196955
0.196962
0.196968
0.196975
0.196981
0.196988
0.196994
0.197001
0.197007
0.197014
0.197020
0.197027
0.197033
0.197040
0.197046
0.197053
0.197059
0.197066
0.197072
0.197079
0.197085
0.197092
0.197098
0.197105
0.197111
0.197118
0.197124
0.197131
0.197137
0.197144
0.197150
0.197157
0.197163
0.197170
0.197176
0.197183
0.197189
0.197196
0.197202
0.197209
0.197215
0.197222
0.197228
0.197235
0.197241
0.197248
0.197254
0.197261
0.197267
0.197274
0.197280
0.197287
0.197293
0.197300
0.197306
0.197313
0.197319
0.197326
0.197332
0.197339
0.197345
0.197352
0.197358
0.197365
0.197371
0.197378
0.197384
0.197391
0.197397
0.197404
0.197410
0.197417
0.197423
0.197430
0.197436
0.197443
0.197449
0.197456
0.197462
0.197469
0.197475
0.197482
0.197488
0.197495
0.197501
0.197508
0.197514
0.197521
0.197527
0.197534
0.197540
0.197547
0.197553
0.197560
0.197566
0.197573
0.197579
0.197586
0.197592
0.197599
0.197605
0.197612
0.197618
0.197625
0.197631
0.197638
0.197644
0.197651
0.197657
0.197664
0.197670
0.197677
0.197683
0.197690
0.197696
0.197703
0.197710
0.197716
0.197723
0.197729
0.197736
0.197742
0.197749
0.197755
0.197762
0.197768
0.197775
0.197781
0.197788
0.197794
0.197801
0.197807
0.197814
0.197820
0.197827
0.197833
0.197840
0.197846
0.197853
0.197859
0.197866
0.197872
0.197879
0.197885
0.197892
0.197898
0.197905
0.197912
0.197918
0.197925
0.197931
0.197938
0.197944
0.197951
0.197957
0.197964
0.197970
0.197977
0.197983
0.197990
0.197996
0.198003
0.198009
0.198016
0.198022
0.198029
0.198035
0.198042
0.198048
0.198055
0.198062
0.198068
0.198075
0.198081
0.198088
0.198094
0.198101
0.198107
0.198114
0.198120
0.198127
0.198133
0.198140
0.198146
0.198153
0.198159
0.198166
0.198172
0.198179
0.198186
0.198192
0.198199
0.198205
0.198212
0.198218
0.198225
0.198231
0.198238
0.198244
0.198251
0.198257
0.198264
0.198270
0.198277
0.198283
0.198290
0.198297
0.198303
0.198310
0.198316
0.198323
0.198329
0.198336
0.198342
0.198349
0.198355
0.198362
0.198368
0.198375
0.198381
0.198388
0.198395
0.198401
0.198408
0.198414
0.198421
0.198427
0.198434
0.198440
0.198447
0.198453
0.198460
0.198466
0.198473
0.198479
0.198486
0.198493
0.198499
0.198506
0.198512
0.198519
0.198525
0.198532
0.198538
0.198545
0.198551
0.198558
0.198564
0.198571
0.198578
0.198584
0.198591
0.198597
0.198604
0.198610
0.198617
0.198623
0.198630
0.198636
0.198643
0.198650
0.198656
0.198663
0.198669
0.198676
0.198682
0.198689
0.198695
0.198702
0.198708
0.198715
0.198721
0.198728
0.198735
0.198741
0.198748
0.198754
0.198761
0.198767
0.198774
0.198780
0.198787
0.198793
0.198800
0.198807
0.198813
0.198820
0.198826
0.198833
0.198839
0.198846
0.198852
0.198859
0.198866
0.198872
0.198879
0.198885
0.198892
0.198898
0.198905
0.198911
0.198918
0.198924
0.198931
0.198938
0.198944
0.198951
0.198957
0.198964
0.198970
0.198977
0.198983
0.198990
0.198997
0.199003
0.199010
0.199016
0.199023
0.199029
0.199036
0.199042
0.199049
0.199056
0.199062
0.199069
0.199075
0.199082
0.199088
0.199095
0.199101
0.199108
0.199115
0.199121
0.199128
0.199134
0.199141
0.199147
0.199154
0.199160
0.199167
0.199174
0.199180
0.199187
0.199193
0.199200
0.199206
0.199213
0.199220
0.199226
0.199233
0.199239
0.199246
0.199252
0.199259
0.199265
0.199272
0.199279
0.199285
0.199292
0.199298
0.199305
0.199311
0.199318
0.199325
0.199331
0.199338
0.199344
0.199351
0.199357
0.199364
0.199370
0.199377
0.199384
0.199390
0.199397
0.199403
0.199410
0.199416
0.199423
0.199430
0.199436
0.199443
0.199449
0.199456
0.199462
0.199469
0.199476
0.199482
0.199489
0.199495
0.199502
0.199508
0.199515
0.199521
0.199528
0.199535
0.199541
0.199548
0.199554
0.199561
0.199567
0.199574
0.199581
0.199587
0.199594
0.199600
0.199607
0.199613
0.199620
0.199627
0.199633
0.199640
0.199646
0.199653
0.199660
0.199666
0.199673
0.199679
0.199686
0.199692
0.199699
0.199706
0.199712
0.199719
0.199725
0.199732
0.199738
0.199745
0.199752
0.199758
0.199765
0.199771
0.199778
0.199784
0.199791
0.199798
0.199804
0.199811
0.199817
0.199824
0.199830
0.199837
0.199844
0.199850
0.199857
0.199863
0.199870
0.199877
0.199883
0.199890
0.199896
0.199903
0.199909
0.199916
0.199923
0.199929
0.199936
0.199942
0.199949
0.199956
0.199962
0.199969
0.199975
0.199982
0.199988
0.199995
0.200002
0.200008
0.200015
0.200021
0.200028
0.200035
0.200041
0.200048
0.200054
0.200061
0.200067
0.200074
0.200081
0.200087
0.200094
0.200100
0.200107
0.200114
0.200120
0.200127
0.200133
0.200140
0.200147
0.200153
0.200160
0.200166
0.200173
0.200180
0.200186
0.200193
0.200199
0.200206
0.200212
0.200219
0.200226
0.200232
0.200239
0.200245
0.200252
0.200259
0.200265
0.200272
0.200278
0.200285
0.200292
0.200298
0.200305
0.200311
0.200318
0.200325
0.200331
0.200338
0.200344
0.200351
0.200358
0.200364
0.200371
0.200377
0.200384
0.200391
0.200397
0.200404
0.200410
0.200417
0.200423
0.200430
0.200437
0.200443
0.200450
0.200456
0.200463
0.200470
0.200476
0.200483
0.200489
0.200496
0.200503
0.200509
0.200516
0.200523
0.200529
0.200536
0.200542
0.200549
0.200555
0.200562
0.200569
0.200575
0.200582
0.200589
0.200595
0.200602
0.200608
0.200615
0.200622
0.200628
0.200635
0.200641
0.200648
0.200655
0.200661
0.200668
0.200674
0.200681
0.200688
0.200694
0.200701
0.200707
0.200714
0.200721
0.200727
0.200734
0.200740
0.200747
0.200754
0.200760
0.200767
0.200773
0.200780
0.200787
0.200793
0.200800
0.200807
0.200813
0.200820
0.200826
0.200833
0.200840
0.200846
0.200853
0.200859
0.200866
0.200873
0.200879
0.200886
0.200892
0.200899
0.200906
0.200912
0.200919
0.200926
0.200932
0.200939
0.200945
0.200952
0.200959
0.200965
0.200972
0.200978
0.200985
0.200992
0.200998
0.201005
0.201012
0.201018
0.201025
0.201031
0.201038
0.201045
0.201051
0.201058
0.201064
0.201071
0.201078
0.201084
0.201091
0.201098
0.201104
0.201111
0.201117
0.201124
0.201131
0.201137
0.201144
0.201151
0.201157
0.201164
0.201170
0.201177
0.201184
0.201190
0.201197
0.201204
0.201210
0.201217
0.201223
0.201230
0.201237
0.201243
0.201250
0.201257
0.201263
0.201270
0.201276
0.201283
0.201290
0.201296
0.201303
0.201310
0.201316
0.201323
0.201329
0.201336
0.201343
0.201349
0.201356
0.201362
0.201369
0.201376
0.201382
0.201389
0.201396
0.201402
0.201409
0.201416
0.201422
0.201429
0.201435
0.201442
0.201449
0.201455
0.201462
0.201469
0.201475
0.201482
0.201488
0.201495
0.201502
0.201508
0.201515
0.201522
0.201528
0.201535
0.201542
0.201548
0.201555
0.201561
0.201568
0.201575
0.201581
0.201588
0.201595
0.201601
0.201608
0.201614
0.201621
0.201628
0.201634
0.201641
0.201648
0.201654
0.201661
0.201668
0.201674
0.201681
0.201688
0.201694
0.201701
0.201707
0.201714
0.201721
0.201727
0.201734
0.201741
0.201747
0.201754
0.201761
0.201767
0.201774
0.201780
0.201787
0.201794
0.201800
0.201807
0.201814
0.201820
0.201827
0.201834
0.201840
0.201847
0.201854
0.201860
0.201867
0.201873
0.201880
0.201887
0.201893
0.201900
0.201907
0.201913
0.201920
0.201927
0.201933
0.201940
0.201947
0.201953
0.201960
0.201966
0.201973
0.201980
0.201986
0.201993
0.202000
0.202006
0.202013
0.202020
0.202026
0.202033
0.202040
0.202046
0.202053
0.202060
0.202066
0.202073
0.202079
0.202086
0.202093
0.202099
0.202106
0.202113
0.202119
0.202126
0.202133
0.202139
0.202146
0.202153
0.202159
0.202166
0.202173
0.202179
0.202186
0.202193
0.202199
0.202206
0.202213
0.202219
0.202226
0.202232
0.202239
0.202246
0.202252
0.202259
0.202266
0.202272
0.202279
0.202286
0.202292
0.202299
0.202306
0.202312
0.202319
0.202326
0.202332
0.202339
0.202346
0.202352
0.202359
0.202366
0.202372
0.202379
0.202386
0.202392
0.202399
0.202406
0.202412
0.202419
0.202426
0.202432
0.202439
0.202446
0.202452
0.202459
0.202466
0.202472
0.202479
0.202486
0.202492
0.202499
0.202506
0.202512
0.202519
0.202525
0.202532
0.202539
0.202545
0.202552
0.202559
0.202565
0.202572
0.202579
0.202585
0.202592
0.202599
0.202605
0.202612
0.202619
0.202625
0.202632
0.202639
0.202645
0.202652
0.202659
0.202665
0.202672
0.202679
0.202685
0.202692
0.202699
0.202706
0.202712
0.202719
0.202725
0.202732
0.202739
0.202746
0.202752
0.202759
0.202766
0.202772
0.202779
0.202786
0.202792
0.202799
0.202806
0.202812
0.202819
0.202826
0.202832
0.202839
0.202846
0.202852
0.202859
0.202866
0.202872
0.202879
0.202886
0.202892
0.202899
0.202906
0.202912
0.202919
0.202926
0.202932
0.202939
0.202946
0.202952
0.202959
0.202966
0.202972
0.202979
0.202986
0.202992
0.202999
0.203006
0.203013
0.203019
0.203026
0.203033
0.203039
0.203046
0.203053
0.203059
0.203066
0.203073
0.203079
0.203086
0.203093
0.203099
0.203106
0.203113
0.203119
0.203126
0.203133
0.203139
0.203146
0.203153
0.203160
0.203166
0.203173
0.203180
0.203186
0.203193
0.203200
0.203206
0.203213
0.203220
0.203226
0.203233
0.203240
0.203246
0.203253
0.203260
0.203266
0.203273
0.203280
0.203287
0.203293
0.203300
0.203307
0.203313
0.203320
0.203327
0.203333
0.203340
0.203347
0.203353
0.203360
0.203367
0.203373
0.203380
0.203387
0.203394
0.203400
0.203407
0.203414
0.203420
0.203427
0.203434
0.203440
0.203447
0.203454
0.203460
0.203467
0.203474
0.203481
0.203487
0.203494
0.203501
0.203507
0.203514
0.203521
0.203527
0.203534
0.203541
0.203548
0.203554
0.203561
0.203568
0.203574
0.203581
0.203588
0.203594
0.203601
0.203608
0.203614
0.203621
0.203628
0.203635
0.203641
0.203648
0.203655
0.203661
0.203668
0.203675
0.203681
0.203688
0.203695
0.203702
0.203708
0.203715
0.203722
0.203728
0.203735
0.203742
0.203748
0.203755
0.203762
0.203769
0.203775
0.203782
0.203789
0.203795
0.203802
0.203809
0.203816
0.203822
0.203829
0.203836
0.203842
0.203849
0.203856
0.203862
0.203869
0.203876
0.203883
0.203889
0.203896
0.203903
0.203909
0.203916
0.203923
0.203930
0.203936
0.203943
0.203950
0.203956
0.203963
0.203970
0.203976
0.203983
0.203990
0.203997
0.204003
0.204010
0.204017
0.204023
0.204030
0.204037
0.204044
0.204050
0.204057
0.204064
0.204070
0.204077
0.204084
0.204091
0.204097
0.204104
0.204111
0.204117
0.204124
0.204131
0.204138
0.204144
0.204151
0.204158
0.204164
0.204171
0.204178
0.204185
0.204191
0.204198
0.204205
0.204211
0.204218
0.204225
0.204232
0.204238
0.204245
0.204252
0.204258
0.204265
0.204272
0.204279
0.204285
0.204292
0.204299
0.204305
0.204312
0.204319
0.204326
0.204332
0.204339
0.204346
0.204353
0.204359
0.204366
0.204373
0.204379
0.204386
0.204393
0.204400
0.204406
0.204413
0.204420
0.204426
0.204433
0.204440
0.204447
0.204453
0.204460
0.204467
0.204474
0.204480
0.204487
0.204494
0.204500
0.204507
0.204514
0.204521
0.204527
0.204534
0.204541
0.204548
0.204554
0.204561
0.204568
0.204574
0.204581
0.204588
0.204595
0.204601
0.204608
0.204615
0.204622
0.204628
0.204635
0.204642
0.204648
0.204655
0.204662
0.204669
0.204675
0.204682
0.204689
0.204696
0.204702
0.204709
0.204716
0.204722
0.204729
0.204736
0.204743
0.204749
0.204756
0.204763
0.204770
0.204776
0.204783
0.204790
0.204797
0.204803
0.204810
0.204817
0.204823
0.204830
0.204837
0.204844
0.204850
0.204857
0.204864
0.204871
0.204877
0.204884
0.204891
0.204898
0.204904
0.204911
0.204918
0.204925
0.204931
0.204938
0.204945
0.204952
0.204958
0.204965
0.204972
0.204978
0.204985
0.204992
0.204999
0.205005
0.205012
0.205019
0.205026
0.205032
0.205039
0.205046
0.205053
0.205059
0.205066
0.205073
0.205080
0.205086
0.205093
0.205100
0.205107
0.205113
0.205120
0.205127
0.205134
0.205140
0.205147
0.205154
0.205161
0.205167
0.205174
0.205181
0.205188
0.205194
0.205201
0.205208
0.205215
0.205221
0.205228
0.205235
0.205242
0.205248
0.205255
0.205262
0.205269
0.205275
0.205282
0.205289
0.205296
0.205302
0.205309
0.205316
0.205322
0.205329
0.205336
0.205343
0.205350
0.205356
0.205363
0.205370
0.205377
0.205383
0.205390
0.205397
0.205404
0.205410
0.205417
0.205424
0.205431
0.205437
0.205444
0.205451
0.205458
0.205464
0.205471
0.205478
0.205485
0.205491
0.205498
0.205505
0.205512
0.205518
0.205525
0.205532
0.205539
0.205545
0.205552
0.205559
0.205566
0.205572
0.205579
0.205586
0.205593
0.205599
0.205606
0.205613
0.205620
0.205627
0.205633
0.205640
0.205647
0.205654
0.205660
0.205667
0.205674
0.205681
0.205687
0.205694
0.205701
0.205708
0.205714
0.205721
0.205728
0.205735
0.205741
0.205748
0.205755
0.205762
0.205769
0.205775
0.205782
0.205789
0.205796
0.205802
0.205809
0.205816
0.205823
0.205829
0.205836
0.205843
0.205850
0.205857
0.205863
0.205870
0.205877
0.205884
0.205890
0.205897
0.205904
0.205911
0.205917
0.205924
0.205931
0.205938
0.205945
0.205951
0.205958
0.205965
0.205972
0.205978
0.205985
0.205992
0.205999
0.206005
0.206012
0.206019
0.206026
0.206033
0.206039
0.206046
0.206053
0.206060
0.206066
0.206073
0.206080
0.206087
0.206094
0.206100
0.206107
0.206114
0.206121
0.206127
0.206134
0.206141
0.206148
0.206155
0.206161
0.206168
0.206175
0.206182
0.206188
0.206195
0.206202
0.206209
0.206216
0.206222
0.206229
0.206236
0.206243
0.206249
0.206256
0.206263
0.206270
0.206277
0.206283
0.206290
0.206297
0.206304
0.206310
0.206317
0.206324
0.206331
0.206338
0.206344
0.206351
0.206358
0.206365
0.206371
0.206378
0.206385
0.206392
0.206399
0.206405
0.206412
0.206419
0.206426
0.206433
0.206439
0.206446
0.206453
0.206460
0.206466
0.206473
0.206480
0.206487
0.206494
0.206500
0.206507
0.206514
0.206521
0.206528
0.206534
0.206541
0.206548
0.206555
0.206562
0.206568
0.206575
0.206582
0.206589
0.206595
0.206602
0.206609
0.206616
0.206623
0.206629
0.206636
0.206643
0.206650
0.206657
0.206663
0.206670
0.206677
0.206684
0.206691
0.206697
0.206704
0.206711
0.206718
0.206725
0.206731
0.206738
0.206745
0.206752
0.206759
0.206765
0.206772
0.206779
0.206786
0.206793
0.206799
0.206806
0.206813
0.206820
0.206826
0.206833
0.206840
0.206847
0.206854
0.206860
0.206867
0.206874
0.206881
0.206888
0.206894
0.206901
0.206908
0.206915
0.206922
0.206928
0.206935
0.206942
0.206949
0.206956
0.206963
0.206969
0.206976
0.206983
0.206990
0.206997
0.207003
0.207010
0.207017
0.207024
0.207031
0.207037
0.207044
0.207051
0.207058
0.207065
0.207071
0.207078
0.207085
0.207092
0.207099
0.207105
0.207112
0.207119
0.207126
0.207133
0.207139
0.207146
0.207153
0.207160
0.207167
0.207173
0.207180
0.207187
0.207194
0.207201
0.207208
0.207214
0.207221
0.207228
0.207235
0.207242
0.207248
0.207255
0.207262
0.207269
0.207276
0.207282
0.207289
0.207296
0.207303
0.207310
0.207317
0.207323
0.207330
0.207337
0.207344
0.207351
0.207357
0.207364
0.207371
0.207378
0.207385
0.207391
0.207398
0.207405
0.207412
0.207419
0.207426
0.207432
0.207439
0.207446
0.207453
0.207460
0.207466
0.207473
0.207480
0.207487
0.207494
0.207501
0.207507
0.207514
0.207521
0.207528
0.207535
0.207541
0.207548
0.207555
0.207562
0.207569
0.207576
0.207582
0.207589
0.207596
0.207603
0.207610
0.207617
0.207623
0.207630
0.207637
0.207644
0.207651
0.207657
0.207664
0.207671
0.207678
0.207685
0.207692
0.207698
0.207705
0.207712
0.207719
0.207726
0.207733
0.207739
0.207746
0.207753
0.207760
0.207767
0.207773
0.207780
0.207787
0.207794
0.207801
0.207808
0.207814
0.207821
0.207828
0.207835
0.207842
0.207849
0.207855
0.207862
0.207869
0.207876
0.207883
0.207890
0.207896
0.207903
0.207910
0.207917
0.207924
0.207931
0.207937
0.207944
0.207951
0.207958
0.207965
0.207972
0.207978
0.207985
0.207992
0.207999
0.208006
0.208013
0.208019
0.208026
0.208033
0.208040
0.208047
0.208054
0.208060
0.208067
0.208074
0.208081
0.208088
0.208095
0.208101
0.208108
0.208115
0.208122
0.208129
0.208136
0.208142
0.208149
0.208156
0.208163
0.208170
0.208177
0.208184
0.208190
0.208197
0.208204
0.208211
0.208218
0.208225
0.208231
0.208238
0.208245
0.208252
0.208259
0.208266
0.208272
0.208279
0.208286
0.208293
0.208300
0.208307
0.208314
0.208320
0.208327
0.208334
0.208341
0.208348
0.208355
0.208361
0.208368
0.208375
0.208382
0.208389
0.208396
0.208403
0.208409
0.208416
0.208423
0.208430
0.208437
0.208444
0.208450
0.208457
0.208464
0.208471
0.208478
0.208485
0.208492
0.208498
0.208505
0.208512
0.208519
0.208526
0.208533
0.208540
0.208546
0.208553
0.208560
0.208567
0.208574
0.208581
0.208587
0.208594
0.208601
0.208608
0.208615
0.208622
0.208629
0.208635
0.208642
0.208649
0.208656
0.208663
0.208670
0.208677
0.208683
0.208690
0.208697
0.208704
0.208711
0.208718
0.208725
0.208731
0.208738
0.208745
0.208752
0.208759
0.208766
0.208773
0.208779
0.208786
0.208793
0.208800
0.208807
0.208814
0.208821
0.208827
0.208834
0.208841
0.208848
0.208855
0.208862
0.208869
0.208876
0.208882
0.208889
0.208896
0.208903
0.208910
0.208917
0.208924
0.208930
0.208937
0.208944
0.208951
0.208958
0.208965
0.208972
0.208978
0.208985
0.208992
0.208999
0.209006
0.209013
0.209020
0.209027
0.209033
0.209040
0.209047
0.209054
0.209061
0.209068
0.209075
0.209081
0.209088
0.209095
0.209102
0.209109
0.209116
0.209123
0.209130
0.209136
0.209143
0.209150
0.209157
0.209164
0.209171
0.209178
0.209185
0.209191
0.209198
0.209205
0.209212
0.209219
0.209226
0.209233
0.209239
0.209246
0.209253
0.209260
0.209267
0.209274
0.209281
0.209288
0.209295
0.209301
0.209308
0.209315
0.209322
0.209329
0.209336
0.209343
0.209350
0.209356
0.209363
0.209370
0.209377
0.209384
0.209391
0.209398
0.209405
0.209411
0.209418
0.209425
0.209432
0.209439
0.209446
0.209453
0.209460
0.209466
0.209473
0.209480
0.209487
0.209494
0.209501
0.209508
0.209515
0.209521
0.209528
0.209535
0.209542
0.209549
0.209556
0.209563
0.209570
0.209577
0.209583
0.209590
0.209597
0.209604
0.209611
0.209618
0.209625
0.209632
0.209639
0.209645
0.209652
0.209659
0.209666
0.209673
0.209680
0.209687
0.209694
0.209700
0.209707
0.209714
0.209721
0.209728
0.209735
0.209742
0.209749
0.209756
0.209762
0.209769
0.209776
0.209783
0.209790
0.209797
0.209804
0.209811
0.209818
0.209825
0.209831
0.209838
0.209845
0.209852
0.209859
0.209866
0.209873
0.209880
0.209887
0.209893
0.209900
0.209907
0.209914
0.209921
0.209928
0.209935
0.209942
0.209949
0.209955
0.209962
0.209969
0.209976
0.209983
0.209990
0.209997
0.210004
0.210011
0.210018
0.210024
0.210031
0.210038
0.210045
0.210052
0.210059
0.210066
0.210073
0.210080
0.210087
0.210093
0.210100
0.210107
0.210114
0.210121
0.210128
0.210135
0.210142
0.210149
0.210156
0.210162
0.210169
0.210176
0.210183
0.210190
0.210197
0.210204
0.210211
0.210218
0.210225
0.210231
0.210238
0.210245
0.210252
0.210259
0.210266
0.210273
0.210280
0.210287
0.210294
0.210301
0.210307
0.210314
0.210321
0.210328
0.210335
0.210342
0.210349
0.210356
0.210363
0.210370
0.210377
0.210383
0.210390
0.210397
0.210404
0.210411
0.210418
0.210425
0.210432
0.210439
0.210446
0.210453
0.210459
0.210466
0.210473
0.210480
0.210487
0.210494
0.210501
0.210508
0.210515
0.210522
0.210529
0.210535
0.210542
0.210549
0.210556
0.210563
0.210570
0.210577
0.210584
0.210591
0.210598
0.210605
0.210612
0.210618
0.210625
0.210632
0.210639
0.210646
0.210653
0.210660
0.210667
0.210674
0.210681
0.210688
0.210695
0.210701
0.210708
0.210715
0.210722
0.210729
0.210736
0.210743
0.210750
0.210757
0.210764
0.210771
0.210778
0.210785
0.210791
0.210798
0.210805
0.210812
0.210819
0.210826
0.210833
0.210840
0.210847
0.210854
0.210861
0.210868
0.210875
0.210881
0.210888
0.210895
0.210902
0.210909
0.210916
0.210923
0.210930
0.210937
0.210944
0.210951
0.210958
0.210965
0.210971
0.210978
0.210985
0.210992
0.210999
0.211006
0.211013
0.211020
0.211027
0.211034
0.211041
0.211048
0.211055
0.211062
0.211068
0.211075
0.211082
0.211089
0.211096
0.211103
0.211110
0.211117
0.211124
0.211131
0.211138
0.211145
0.211152
0.211159
0.211166
0.211172
0.211179
0.211186
0.211193
0.211200
0.211207
0.211214
0.211221
0.211228
0.211235
0.211242
0.211249
0.211256
0.211263
0.211270
0.211277
0.211283
0.211290
0.211297
0.211304
0.211311
0.211318
0.211325
0.211332
0.211339
0.211346
0.211353
0.211360
0.211367
0.211374
0.211381
0.211388
0.211394
0.211401
0.211408
0.211415
0.211422
0.211429
0.211436
0.211443
0.211450
0.211457
0.211464
0.211471
0.211478
0.211485
0.211492
0.211499
0.211506
0.211512
0.211519
0.211526
0.211533
0.211540
0.211547
0.211554
0.211561
0.211568
0.211575
0.211582
0.211589
0.211596
0.211603
0.211610
0.211617
0.211624
0.211631
0.211638
0.211644
0.211651
0.211658
0.211665
0.211672
0.211679
0.211686
0.211693
0.211700
0.211707
0.211714
0.211721
0.211728
0.211735
0.211742
0.211749
0.211756
0.211763
0.211770
0.211777
0.211783
0.211790
0.211797
0.211804
0.211811
0.211818
0.211825
0.211832
0.211839
0.211846
0.211853
0.211860
0.211867
0.211874
0.211881
0.211888
0.211895
0.211902
0.211909
0.211916
0.211923
0.211930
0.211936
0.211943
0.211950
0.211957
0.211964
0.211971
0.211978
0.211985
0.211992
0.211999
0.212006
0.212013
0.212020
0.212027
0.212034
0.212041
0.212048
0.212055
0.212062
0.212069
0.212076
0.212083
0.212090
0.212097
0.212104
0.212110
0.212117
0.212124
0.212131
0.212138
0.212145
0.212152
0.212159
0.212166
0.212173
0.212180
0.212187
0.212194
0.212201
0.212208
0.212215
0.212222
0.212229
0.212236
0.212243
0.212250
0.212257
0.212264
0.212271
0.212278
0.212285
0.212292
0.212299
0.212306
0.212313
0.212319
0.212326
0.212333
0.212340
0.212347
0.212354
0.212361
0.212368
0.212375
0.212382
0.212389
0.212396
0.212403
0.212410
0.212417
0.212424
0.212431
0.212438
0.212445
0.212452
0.212459
0.212466
0.212473
0.212480
0.212487
0.212494
0.212501
0.212508
0.212515
0.212522
0.212529
0.212536
0.212543
0.212550
0.212557
0.212564
0.212571
0.212577
0.212584
0.212591
0.212598
0.212605
0.212612
0.212619
0.212626
0.212633
0.212640
0.212647
0.212654
0.212661
0.212668
0.212675
0.212682
0.212689
0.212696
0.212703
0.212710
0.212717
0.212724
0.212731
0.212738
0.212745
0.212752
0.212759
0.212766
0.212773
0.212780
0.212787
0.212794
0.212801
0.212808
0.212815
0.212822
0.212829
0.212836
0.212843
0.212850
0.212857
0.212864
0.212871
0.212878
0.212885
0.212892
0.212899
0.212906
0.212913
0.212920
0.212927
0.212934
0.212941
0.212948
0.212955
0.212962
0.212969
0.212976
0.212983
0.212990
0.212997
0.213003
0.213010
0.213017
0.213024
0.213031
0.213038
0.213045
0.213052
0.213059
0.213066
0.213073
0.213080
0.213087
0.213094
0.213101
0.213108
0.213115
0.213122
0.213129
0.213136
0.213143
0.213150
0.213157
0.213164
0.213171
0.213178
0.213185
0.213192
0.213199
0.213206
0.213213
0.213220
0.213227
0.213234
0.213241
0.213248
0.213255
0.213262
0.213269
0.213276
0.213283
0.213290
0.213297
0.213304
0.213311
0.213318
0.213325
0.213332
0.213339
0.213346
0.213353
0.213360
0.213367
0.213374
0.213381
0.213388
0.213395
0.213402
0.213409
0.213416
0.213423
0.213430
0.213437
0.213444
0.213451
0.213458
0.213465
0.213472
0.213479
0.213486
0.213493
0.213500
0.213507
0.213514
0.213521
0.213528
0.213535
0.213542
0.213549
0.213556
0.213563
0.213570
0.213577
0.213584
0.213591
0.213598
0.213605
0.213612
0.213620
0.213627
0.213634
0.213641
0.213648
0.213655
0.213662
0.213669
0.213676
0.213683
0.213690
0.213697
0.213704
0.213711
0.213718
0.213725
0.213732
0.213739
0.213746
0.213753
0.213760
0.213767
0.213774
0.213781
0.213788
0.213795
0.213802
0.213809
0.213816
0.213823
0.213830
0.213837
0.213844
0.213851
0.213858
0.213865
0.213872
0.213879
0.213886
0.213893
0.213900
0.213907
0.213914
0.213921
0.213928
0.213935
0.213942
0.213949
0.213956
0.213963
0.213970
0.213977
0.213984
0.213991
0.213998
0.214005
0.214012
0.214019
0.214026
0.214033
0.214040
0.214048
0.214055
0.214062
0.214069
0.214076
0.214083
0.214090
0.214097
0.214104
0.214111
0.214118
0.214125
0.214132
0.214139
0.214146
0.214153
0.214160
0.214167
0.214174
0.214181
0.214188
0.214195
0.214202
0.214209
0.214216
0.214223
0.214230
0.214237
0.214244
0.214251
0.214258
0.214265
0.214272
0.214279
0.214286
0.214293
0.214300
0.214308
0.214315
0.214322
0.214329
0.214336
0.214343
0.214350
0.214357
0.214364
0.214371
0.214378
0.214385
0.214392
0.214399
0.214406
0.214413
0.214420
0.214427
0.214434
0.214441
0.214448
0.214455
0.214462
0.214469
0.214476
0.214483
0.214490
0.214497
0.214504
0.214512
0.214519
0.214526
0.214533
0.214540
0.214547
0.214554
0.214561
0.214568
0.214575
0.214582
0.214589
0.214596
0.214603
0.214610
0.214617
0.214624
0.214631
0.214638
0.214645
0.214652
0.214659
0.214666
0.214673
0.214680
0.214688
0.214695
0.214702
0.214709
0.214716
0.214723
0.214730
0.214737
0.214744
0.214751
0.214758
0.214765
0.214772
0.214779
0.214786
0.214793
0.214800
0.214807
0.214814
0.214821
0.214828
0.214835
0.214843
0.214850
0.214857
0.214864
0.214871
0.214878
0.214885
0.214892
0.214899
0.214906
0.214913
0.214920
0.214927
0.214934
0.214941
0.214948
0.214955
0.214962
0.214969
0.214976
0.214983
0.214991
0.214998
0.215005
0.215012
0.215019
0.215026
0.215033
0.215040
0.215047
0.215054
0.215061
0.215068
0.215075
0.215082
0.215089
0.215096
0.215103
0.215110
0.215118
0.215125
0.215132
0.215139
0.215146
0.215153
0.215160
0.215167
0.215174
0.215181
0.215188
0.215195
0.215202
0.215209
0.215216
0.215223
0.215230
0.215238
0.215245
0.215252
0.215259
0.215266
0.215273
0.215280
0.215287
0.215294
0.215301
0.215308
0.215315
0.215322
0.215329
0.215336
0.215343
0.215351
0.215358
0.215365
0.215372
0.215379
0.215386
0.215393
0.215400
0.215407
0.215414
0.215421
0.215428
0.215435
0.215442
0.215449
0.215456
0.215464
0.215471
0.215478
0.215485
0.215492
0.215499
0.215506
0.215513
0.215520
0.215527
0.215534
0.215541
0.215548
0.215555
0.215563
0.215570
0.215577
0.215584
0.215591
0.215598
0.215605
0.215612
0.215619
0.215626
0.215633
0.215640
0.215647
0.215654
0.215662
0.215669
0.215676
0.215683
0.215690
0.215697
0.215704
0.215711
0.215718
0.215725
0.215732
0.215739
0.215746
0.215754
0.215761
0.215768
0.215775
0.215782
0.215789
0.215796
0.215803
0.215810
0.215817
0.215824
0.215831
0.215838
0.215846
0.215853
0.215860
0.215867
0.215874
0.215881
0.215888
0.215895
0.215902
0.215909
0.215916
0.215923
0.215930
0.215938
0.215945
0.215952
0.215959
0.215966
0.215973
0.215980
0.215987
0.215994
0.216001
0.216008
0.216015
0.216023
0.216030
0.216037
0.216044
0.216051
0.216058
0.216065
0.216072
0.216079
0.216086
0.216093
0.216100
0.216108
0.216115
0.216122
0.216129
0.216136
0.216143
0.216150
0.216157
0.216164
0.216171
0.216178
0.216186
0.216193
0.216200
0.216207
0.216214
0.216221
0.216228
0.216235
0.216242
0.216249
0.216256
0.216264
0.216271
0.216278
0.216285
0.216292
0.216299
0.216306
0.216313
0.216320
0.216327
0.216334
0.216342
0.216349
0.216356
0.216363
0.216370
0.216377
0.216384
0.216391
0.216398
0.216405
0.216413
0.216420
0.216427
0.216434
0.216441
0.216448
0.216455
0.216462
0.216469
0.216476
0.216483
0.216491
0.216498
0.216505
0.216512
0.216519
0.216526
0.216533
0.216540
0.216547
0.216554
0.216562
0.216569
0.216576
0.216583
0.216590
0.216597
0.216604
0.216611
0.216618
0.216626
0.216633
0.216640
0.216647
0.216654
0.216661
0.216668
0.216675
0.216682
0.216689
0.216697
0.216704
0.216711
0.216718
0.216725
0.216732
0.216739
0.216746
0.216753
0.216761
0.216768
0.216775
0.216782
0.216789
0.216796
0.216803
0.216810
0.216817
0.216824
0.216832
0.216839
0.216846
0.216853
0.216860
0.216867
0.216874
0.216881
0.216888
0.216896
0.216903
0.216910
0.216917
0.216924
0.216931
0.216938
0.216945
0.216952
0.216960
0.216967
0.216974
0.216981
0.216988
0.216995
0.217002
0.217009
0.217017
0.217024
0.217031
0.217038
0.217045
0.217052
0.217059
0.217066
0.217073
0.217081
0.217088
0.217095
0.217102
0.217109
0.217116
0.217123
0.217130
0.217138
0.217145
0.217152
0.217159
0.217166
0.217173
0.217180
0.217187
0.217194
0.217202
0.217209
0.217216
0.217223
0.217230
0.217237
0.217244
0.217251
0.217259
0.217266
0.217273
0.217280
0.217287
0.217294
0.217301
0.217308
0.217316
0.217323
0.217330
0.217337
0.217344
0.217351
0.217358
0.217365
0.217373
0.217380
0.217387
0.217394
0.217401
0.217408
0.217415
0.217422
0.217430
0.217437
0.217444
0.217451
0.217458
0.217465
0.217472
0.217479
0.217487
0.217494
0.217501
0.217508
0.217515
0.217522
0.217529
0.217537
0.217544
0.217551
0.217558
0.217565
0.217572
0.217579
0.217586
0.217594
0.217601
0.217608
0.217615
0.217622
0.217629
0.217636
0.217643
0.217651
0.217658
0.217665
0.217672
0.217679
0.217686
0.217693
0.217701
0.217708
0.217715
0.217722
0.217729
0.217736
0.217743
0.217751
0.217758
0.217765
0.217772
0.217779
0.217786
0.217793
0.217801
0.217808
0.217815
0.217822
0.217829
0.217836
0.217843
0.217851
0.217858
0.217865
0.217872
0.217879
0.217886
0.217893
0.217900
0.217908
0.217915
0.217922
0.217929
0.217936
0.217943
0.217951
0.217958
0.217965
0.217972
0.217979
0.217986
0.217993
0.218001
0.218008
0.218015
0.218022
0.218029
0.218036
0.218043
0.218051
0.218058
0.218065
0.218072
0.218079
0.218086
0.218093
0.218101
0.218108
0.218115
0.218122
0.218129
0.218136
0.218143
0.218151
0.218158
0.218165
0.218172
0.218179
0.218186
0.218194
0.218201
0.218208
0.218215
0.218222
0.218229
0.218236
0.218244
0.218251
0.218258
0.218265
0.218272
0.218279
0.218287
0.218294
0.218301
0.218308
0.218315
0.218322
0.218329
0.218337
0.218344
0.218351
0.218358
0.218365
0.218372
0.218380
0.218387
0.218394
0.218401
0.218408
0.218415
0.218423
0.218430
0.218437
0.218444
0.218451
0.218458
0.218465
0.218473
0.218480
0.218487
0.218494
0.218501
0.218508
0.218516
0.218523
0.218530
0.218537
0.218544
0.218551
0.218559
0.218566
0.218573
0.218580
0.218587
0.218594
0.218602
0.218609
0.218616
0.218623
0.218630
0.218637
0.218645
0.218652
0.218659
0.218666
0.218673
0.218680
0.218688
0.218695
0.218702
0.218709
0.218716
0.218723
0.218731
0.218738
0.218745
0.218752
0.218759
0.218766
0.218774
0.218781
0.218788
0.218795
0.218802
0.218809
0.218817
0.218824
0.218831
0.218838
0.218845
0.218852
0.218860
0.218867
0.218874
0.218881
0.218888
0.218895
0.218903
0.218910
0.218917
0.218924
0.218931
0.218939
0.218946
0.218953
0.218960
0.218967
0.218974
0.218982
0.218989
0.218996
0.219003
0.219010
0.219017
0.219025
0.219032
0.219039
0.219046
0.219053
0.219061
0.219068
0.219075
0.219082
0.219089
0.219096
0.219104
0.219111
0.219118
0.219125
0.219132
0.219139
0.219147
0.219154
0.219161
0.219168
0.219175
0.219183
0.219190
0.219197
0.219204
0.219211
0.219219
0.219226
0.219233
0.219240
0.219247
0.219254
0.219262
0.219269
0.219276
0.219283
0.219290
0.219298
0.219305
0.219312
0.219319
0.219326
0.219333
0.219341
0.219348
0.219355
0.219362
0.219369
0.219377
0.219384
0.219391
0.219398
0.219405
0.219413
0.219420
0.219427
0.219434
0.219441
0.219449
0.219456
0.219463
0.219470
0.219477
0.219484
0.219492
0.219499
0.219506
0.219513
0.219520
0.219528
0.219535
0.219542
0.219549
0.219556
0.219564
0.219571
0.219578
0.219585
0.219592
0.219600
0.219607
0.219614
0.219621
0.219628
0.219636
0.219643
0.219650
0.219657
0.219664
0.219672
0.219679
0.219686
0.219693
0.219700
0.219707
0.219715
0.219722
0.219729
0.219736
0.219744
0.219751
0.219758
0.219765
0.219772
0.219780
0.219787
0.219794
0.219801
0.219808
0.219816
0.219823
0.219830
0.219837
0.219844
0.219852
0.219859
0.219866
0.219873
0.219880
0.219888
0.219895
0.219902
0.219909
0.219916
0.219924
0.219931
0.219938
0.219945
0.219952
0.219960
0.219967
0.219974
0.219981
0.219988
0.219996
0.220003
0.220010
0.220017
0.220024
0.220032
0.220039
0.220046
0.220053
0.220061
0.220068
0.220075
0.220082
0.220089
0.220097
0.220104
0.220111
0.220118
0.220125
0.220133
0.220140
0.220147
0.220154
0.220161
0.220169
0.220176
0.220183
0.220190
0.220198
0.220205
0.220212
0.220219
0.220226
0.220234
0.220241
0.220248
0.220255
0.220262
0.220270
0.220277
0.220284
0.220291
0.220299
0.220306
0.220313
0.220320
0.220327
0.220335
0.220342
0.220349
0.220356
0.220364
0.220371
0.220378
0.220385
0.220392
0.220400
0.220407
0.220414
0.220421
0.220429
0.220436
0.220443
0.220450
0.220457
0.220465
0.220472
0.220479
0.220486
0.220493
0.220501
0.220508
0.220515
0.220522
0.220530
0.220537
0.220544
0.220551
0.220558
0.220566
0.220573
0.220580
0.220587
0.220595
0.220602
0.220609
0.220616
0.220624
0.220631
0.220638
0.220645
0.220652
0.220660
0.220667
0.220674
0.220681
0.220689
0.220696
0.220703
0.220710
0.220718
0.220725
0.220732
0.220739
0.220746
0.220754
0.220761
0.220768
0.220775
0.220783
0.220790
0.220797
0.220804
0.220812
0.220819
0.220826
0.220833
0.220840
0.220848
0.220855
0.220862
0.220869
0.220877
0.220884
0.220891
0.220898
0.220906
0.220913
0.220920
0.220927
0.220935
0.220942
0.220949
0.220956
0.220963
0.220971
0.220978
0.220985
0.220992
0.221000
0.221007
0.221014
0.221021
0.221029
0.221036
0.221043
0.221050
0.221058
0.221065
0.221072
0.221079
0.221087
0.221094
0.221101
0.221108
0.221116
0.221123
0.221130
0.221137
0.221144
0.221152
0.221159
0.221166
0.221173
0.221181
0.221188
0.221195
0.221202
0.221210
0.221217
0.221224
0.221231
0.221239
0.221246
0.221253
0.221260
0.221268
0.221275
0.221282
0.221289
0.221297
0.221304
0.221311
0.221318
0.221326
0.221333
0.221340
0.221347
0.221355
0.221362
0.221369
0.221376
0.221384
0.221391
0.221398
0.221405
0.221413
0.221420
0.221427
0.221434
0.221442
0.221449
0.221456
0.221463
0.221471
0.221478
0.221485
0.221492
0.221500
0.221507
0.221514
0.221521
0.221529
0.221536
0.221543
0.221550
0.221558
0.221565
0.221572
0.221579
0.221587
0.221594
0.221601
0.221608
0.221616
0.221623
0.221630
0.221638
0.221645
0.221652
0.221659
0.221667
0.221674
0.221681
0.221688
0.221696
0.221703
0.221710
0.221717
0.221725
0.221732
0.221739
0.221746
0.221754
0.221761
0.221768
0.221775
0.221783
0.221790
0.221797
0.221805
0.221812
0.221819
0.221826
0.221834
0.221841
0.221848
0.221855
0.221863
0.221870
0.221877
0.221884
0.221892
0.221899
0.221906
0.221914
0.221921
0.221928
0.221935
0.221943
0.221950
0.221957
0.221964
0.221972
0.221979
0.221986
0.221993
0.222001
0.222008
0.222015
0.222023
0.222030
0.222037
0.222044
0.222052
0.222059
0.222066
0.222073
0.222081
0.222088
0.222095
0.222103
0.222110
0.222117
0.222124
0.222132
0.222139
0.222146
0.222153
0.222161
0.222168
0.222175
0.222183
0.222190
0.222197
0.222204
0.222212
0.222219
0.222226
0.222233
0.222241
0.222248
0.222255
0.222263
0.222270
0.222277
0.222284
0.222292
0.222299
0.222306
0.222314
0.222321
0.222328
0.222335
0.222343
0.222350
0.222357
0.222365
0.222372
0.222379
0.222386
0.222394
0.222401
0.222408
0.222415
0.222423
0.222430
0.222437
0.222445
0.222452
0.222459
0.222466
0.222474
0.222481
0.222488
0.222496
0.222503
0.222510
0.222517
0.222525
0.222532
0.222539
0.222547
0.222554
0.222561
0.222568
0.222576
0.222583
0.222590
0.222598
0.222605
0.222612
0.222619
0.222627
0.222634
0.222641
0.222649
0.222656
0.222663
0.222670
0.222678
0.222685
0.222692
0.222700
0.222707
0.222714
0.222722
0.222729
0.222736
0.222743
0.222751
0.222758
0.222765
0.222773
0.222780
0.222787
0.222794
0.222802
0.222809
0.222816
0.222824
0.222831
0.222838
0.222846
0.222853
0.222860
0.222867
0.222875
0.222882
0.222889
0.222897
0.222904
0.222911
0.222918
0.222926
0.222933
0.222940
0.222948
0.222955
0.222962
0.222970
0.222977
0.222984
0.222991
0.222999
0.223006
0.223013
0.223021
0.223028
0.223035
0.223043
0.223050
0.223057
0.223065
0.223072
0.223079
0.223086
0.223094
0.223101
0.223108
0.223116
0.223123
0.223130
0.223138
0.223145
0.223152
0.223159
0.223167
0.223174
0.223181
0.223189
0.223196
0.223203
0.223211
0.223218
0.223225
0.223233
0.223240
0.223247
0.223254
0.223262
0.223269
0.223276
0.223284
0.223291
0.223298
0.223306
0.223313
0.223320
0.223328
0.223335
0.223342
0.223349
0.223357
0.223364
0.223371
0.223379
0.223386
0.223393
0.223401
0.223408
0.223415
0.223423
0.223430
0.223437
0.223445
0.223452
0.223459
0.223467
0.223474
0.223481
0.223488
0.223496
0.223503
0.223510
0.223518
0.223525
0.223532
0.223540
0.223547
0.223554
0.223562
0.223569
0.223576
0.223584
0.223591
0.223598
0.223606
0.223613
0.223620
0.223627
0.223635
0.223642
0.223649
0.223657
0.223664
0.223671
0.223679
0.223686
0.223693
0.223701
0.223708
0.223715
0.223723
0.223730
0.223737
0.223745
0.223752
0.223759
0.223767
0.223774
0.223781
0.223789
0.223796
0.223803
0.223811
0.223818
0.223825
0.223833
0.223840
0.223847
0.223855
0.223862
0.223869
0.223877
0.223884
0.223891
0.223898
0.223906
0.223913
0.223920
0.223928
0.223935
0.223942
0.223950
0.223957
0.223964
0.223972
0.223979
0.223986
0.223994
0.224001
0.224008
0.224016
0.224023
0.224030
0.224038
0.224045
0.224052
0.224060
0.224067
0.224074
0.224082
0.224089
0.224096
0.224104
0.224111
0.224118
0.224126
0.224133
0.224140
0.224148
0.224155
0.224162
0.224170
0.224177
0.224184
0.224192
0.224199
0.224206
0.224214
0.224221
0.224228
0.224236
0.224243
0.224251
0.224258
0.224265
0.224273
0.224280
0.224287
0.224295
0.224302
0.224309
0.224317
0.224324
0.224331
0.224339
0.224346
0.224353
0.224361
0.224368
0.224375
0.224383
0.224390
0.224397
0.224405
0.224412
0.224419
0.224427
0.224434
0.224441
0.224449
0.224456
0.224463
0.224471
0.224478
0.224485
0.224493
0.224500
0.224508
0.224515
0.224522
0.224530
0.224537
0.224544
0.224552
0.224559
0.224566
0.224574
0.224581
0.224588
0.224596
0.224603
0.224610
0.224618
0.224625
0.224632
0.224640
0.224647
0.224655
0.224662
0.224669
0.224677
0.224684
0.224691
0.224699
0.224706
0.224713
0.224721
0.224728
0.224735
0.224743
0.224750
0.224757
0.224765
0.224772
0.224780
0.224787
0.224794
0.224802
0.224809
0.224816
0.224824
0.224831
0.224838
0.224846
0.224853
0.224860
0.224868
0.224875
0.224883
0.224890
0.224897
0.224905
0.224912
0.224919
0.224927
0.224934
0.224941
0.224949
0.224956
0.224963
0.224971
0.224978
0.224986
0.224993
0.225000
0.225008
0.225015
0.225022
0.225030
0.225037
0.225044
0.225052
0.225059
0.225067
0.225074
0.225081
0.225089
0.225096
0.225103
0.225111
0.225118
0.225125
0.225133
0.225140
0.225148
0.225155
0.225162
0.225170
0.225177
0.225184
0.225192
0.225199
0.225207
0.225214
0.225221
0.225229
0.225236
0.225243
0.225251
0.225258
0.225265
0.225273
0.225280
0.225288
0.225295
0.225302
0.225310
0.225317
0.225324
0.225332
0.225339
0.225347
0.225354
0.225361
0.225369
0.225376
0.225383
0.225391
0.225398
0.225406
0.225413
0.225420
0.225428
0.225435
0.225442
0.225450
0.225457
0.225465
0.225472
0.225479
0.225487
0.225494
0.225501
0.225509
0.225516
0.225524
0.225531
0.225538
0.225546
0.225553
0.225561
0.225568
0.225575
0.225583
0.225590
0.225597
0.225605
0.225612
0.225620
0.225627
0.225634
0.225642
0.225649
0.225656
0.225664
0.225671
0.225679
0.225686
0.225693
0.225701
0.225708
0.225716
0.225723
0.225730
0.225738
0.225745
0.225752
0.225760
0.225767
0.225775
0.225782
0.225789
0.225797
0.225804
0.225812
0.225819
0.225826
0.225834
0.225841
0.225848
0.225856
0.225863
0.225871
0.225878
0.225885
0.225893
0.225900
0.225908
0.225915
0.225922
0.225930
0.225937
0.225945
0.225952
0.225959
0.225967
0.225974
0.225982
0.225989
0.225996
0.226004
0.226011
0.226018
0.226026
0.226033
0.226041
0.226048
0.226055
0.226063
0.226070
0.226078
0.226085
0.226092
0.226100
0.226107
0.226115
0.226122
0.226129
0.226137
0.226144
0.226152
0.226159
0.226166
0.226174
0.226181
0.226189
0.226196
0.226203
0.226211
0.226218
0.226226
0.226233
0.226240
0.226248
0.226255
0.226263
0.226270
0.226277
0.226285
0.226292
0.226300
0.226307
0.226314
0.226322
0.226329
0.226337
0.226344
0.226351
0.226359
0.226366
0.226374
0.226381
0.226388
0.226396
0.226403
0.226411
0.226418
0.226426
0.226433
0.226440
0.226448
0.226455
0.226463
0.226470
0.226477
0.226485
0.226492
0.226500
0.226507
0.226514
0.226522
0.226529
0.226537
0.226544
0.226551
0.226559
0.226566
0.226574
0.226581
0.226589
0.226596
0.226603
0.226611
0.226618
0.226626
0.226633
0.226640
0.226648
0.226655
0.226663
0.226670
0.226677
0.226685
0.226692
0.226700
0.226707
0.226715
0.226722
0.226729
0.226737
0.226744
0.226752
0.226759
0.226766
0.226774
0.226781
0.226789
0.226796
0.226804
0.226811
0.226818
0.226826
0.226833
0.226841
0.226848
0.226855
0.226863
0.226870
0.226878
0.226885
0.226893
0.226900
0.226907
0.226915
0.226922
0.226930
0.226937
0.226945
0.226952
0.226959
0.226967
0.226974
0.226982
0.226989
0.226996
0.227004
0.227011
0.227019
0.227026
0.227034
0.227041
0.227048
0.227056
0.227063
0.227071
0.227078
0.227086
0.227093
0.227100
0.227108
0.227115
0.227123
0.227130
0.227138
0.227145
0.227152
0.227160
0.227167
0.227175
0.227182
0.227190
0.227197
0.227204
0.227212
0.227219
0.227227
0.227234
0.227242
0.227249
0.227256
0.227264
0.227271
0.227279
0.227286
0.227294
0.227301
0.227309
0.227316
0.227323
0.227331
0.227338
0.227346
0.227353
0.227361
0.227368
0.227375
0.227383
0.227390
0.227398
0.227405
0.227413
0.227420
0.227427
0.227435
0.227442
0.227450
0.227457
0.227465
0.227472
0.227480
0.227487
0.227494
0.227502
0.227509
0.227517
0.227524
0.227532
0.227539
0.227546
0.227554
0.227561
0.227569
0.227576
0.227584
0.227591
0.227599
0.227606
0.227613
0.227621
0.227628
0.227636
0.227643
0.227651
0.227658
0.227666
0.227673
0.227680
0.227688
0.227695
0.227703
0.227710
0.227718
0.227725
0.227733
0.227740
0.227747
0.227755
0.227762
0.227770
0.227777
0.227785
0.227792
0.227800
0.227807
0.227815
0.227822
0.227829
0.227837
0.227844
0.227852
0.227859
0.227867
0.227874
0.227882
0.227889
0.227896
0.227904
0.227911
0.227919
0.227926
0.227934
0.227941
0.227949
0.227956
0.227964
0.227971
0.227978
0.227986
0.227993
0.228001
0.228008
0.228016
0.228023
0.228031
0.228038
0.228046
0.228053
0.228060
0.228068
0.228075
0.228083
0.228090
0.228098
0.228105
0.228113
0.228120
0.228128
0.228135
0.228143
0.228150
0.228157
0.228165
0.228172
0.228180
0.228187
0.228195
0.228202
0.228210
0.228217
0.228225
0.228232
0.228240
0.228247
0.228254
0.228262
0.228269
0.228277
0.228284
0.228292
0.228299
0.228307
0.228314
0.228322
0.228329
0.228337
0.228344
0.228351
0.228359
0.228366
0.228374
0.228381
0.228389
0.228396
0.228404
0.228411
0.228419
0.228426
0.228434
0.228441
0.228449
0.228456
0.228463
0.228471
0.228478
0.228486
0.228493
0.228501
0.228508
0.228516
0.228523
0.228531
0.228538
0.228546
0.228553
0.228561
0.228568
0.228576
0.228583
0.228591
0.228598
0.228605
0.228613
0.228620
0.228628
0.228635
0.228643
0.228650
0.228658
0.228665
0.228673
0.228680
0.228688
0.228695
0.228703
0.228710
0.228718
0.228725
0.228733
0.228740
0.228748
0.228755
0.228762
0.228770
0.228777
0.228785
0.228792
0.228800
0.228807
0.228815
0.228822
0.228830
0.228837
0.228845
0.228852
0.228860
0.228867
0.228875
0.228882
0.228890
0.228897
0.228905
0.228912
0.228920
0.228927
0.228935
0.228942
0.228949
0.228957
0.228964
0.228972
0.228979
0.228987
0.228994
0.229002
0.229009
0.229017
0.229024
0.229032
0.229039
0.229047
0.229054
0.229062
0.229069
0.229077
0.229084
0.229092
0.229099
0.229107
0.229114
0.229122
0.229129
0.229137
0.229144
0.229152
0.229159
0.229167
0.229174
0.229182
0.229189
0.229197
0.229204
0.229212
0.229219
0.229227
0.229234
0.229242
0.229249
0.229257
0.229264
0.229272
0.229279
0.229287
0.229294
0.229302
0.229309
0.229317
0.229324
0.229331
0.229339
0.229346
0.229354
0.229361
0.229369
0.229376
0.229384
0.229391
0.229399
0.229406
0.229414
0.229421
0.229429
0.229436
0.229444
0.229451
0.229459
0.229466
0.229474
0.229481
0.229489
0.229496
0.229504
0.229511
0.229519
0.229526
0.229534
0.229541
0.229549
0.229556
0.229564
0.229572
0.229579
0.229587
0.229594
0.229602
0.229609
0.229617
0.229624
0.229632
0.229639
0.229647
0.229654
0.229662
0.229669
0.229677
0.229684
0.229692
0.229699
0.229707
0.229714
0.229722
0.229729
0.229737
0.229744
0.229752
0.229759
0.229767
0.229774
0.229782
0.229789
0.229797
0.229804
0.229812
0.229819
0.229827
0.229834
0.229842
0.229849
0.229857
0.229864
0.229872
0.229879
0.229887
0.229894
0.229902
0.229909
0.229917
0.229924
0.229932
0.229939
0.229947
0.229954
0.229962
0.229969
0.229977
0.229985
0.229992
0.230000
0.230007
0.230015
0.230022
0.230030
0.230037
0.230045
0.230052
0.230060
0.230067
0.230075
0.230082
0.230090
0.230097
0.230105
0.230112
0.230120
0.230127
0.230135
0.230142
0.230150
0.230157
0.230165
0.230173
0.230180
0.230188
0.230195
0.230203
0.230210
0.230218
0.230225
0.230233
0.230240
0.230248
0.230255
0.230263
0.230270
0.230278
0.230285
0.230293
0.230300
0.230308
0.230315
0.230323
0.230331
0.230338
0.230346
0.230353
0.230361
0.230368
0.230376
0.230383
0.230391
0.230398
0.230406
0.230413
0.230421
0.230428
0.230436
0.230443
0.230451
0.230459
0.230466
0.230474
0.230481
0.230489
0.230496
0.230504
0.230511
0.230519
0.230526
0.230534
0.230541
0.230549
0.230556
0.230564
0.230572
0.230579
0.230587
0.230594
0.230602
0.230609
0.230617
0.230624
0.230632
0.230639
0.230647
0.230654
0.230662
0.230669
0.230677
0.230685
0.230692
0.230700
0.230707
0.230715
0.230722
0.230730
0.230737
0.230745
0.230752
0.230760
0.230767
0.230775
0.230783
0.230790
0.230798
0.230805
0.230813
0.230820
0.230828
0.230835
0.230843
0.230850
0.230858
0.230866
0.230873
0.230881
0.230888
0.230896
0.230903
0.230911
0.230918
0.230926
0.230933
0.230941
0.230949
0.230956
0.230964
0.230971
0.230979
0.230986
0.230994
0.231001
0.231009
0.231016
0.231024
0.231032
0.231039
0.231047
0.231054
0.231062
0.231069
0.231077
0.231084
0.231092
0.231099
0.231107
0.231115
0.231122
0.231130
0.231137
0.231145
0.231152
0.231160
0.231167
0.231175
0.231183
0.231190
0.231198
0.231205
0.231213
0.231220
0.231228
0.231235
0.231243
0.231251
0.231258
0.231266
0.231273
0.231281
0.231288
0.231296
0.231303
0.231311
0.231319
0.231326
0.231334
0.231341
0.231349
0.231356
0.231364
0.231371
0.231379
0.231387
0.231394
0.231402
0.231409
0.231417
0.231424
0.231432
0.231440
0.231447
0.231455
0.231462
0.231470
0.231477
0.231485
0.231492
0.231500
0.231508
0.231515
0.231523
0.231530
0.231538
0.231545
0.231553
0.231561
0.231568
0.231576
0.231583
0.231591
0.231598
0.231606
0.231613
0.231621
0.231629
0.231636
0.231644
0.231651
0.231659
0.231666
0.231674
0.231682
0.231689
0.231697
0.231704
0.231712
0.231719
0.231727
0.231735
0.231742
0.231750
0.231757
0.231765
0.231772
0.231780
0.231788
0.231795
0.231803
0.231810
0.231818
0.231825
0.231833
0.231841
0.231848
0.231856
0.231863
0.231871
0.231878
0.231886
0.231894
0.231901
0.231909
0.231916
0.231924
0.231931
0.231939
0.231947
0.231954
0.231962
0.231969
0.231977
0.231985
0.231992
0.232000
0.232007
0.232015
0.232022
0.232030
0.232038
0.232045
0.232053
0.232060
0.232068
0.232075
0.232083
0.232091
0.232098
0.232106
0.232113
0.232121
0.232129
0.232136
0.232144
0.232151
0.232159
0.232166
0.232174
0.232182
0.232189
0.232197
0.232204
0.232212
0.232220
0.232227
0.232235
0.232242
0.232250
0.232257
0.232265
0.232273
0.232280
0.232288
0.232295
0.232303
0.232311
0.232318
0.232326
0.232333
0.232341
0.232349
0.232356
0.232364
0.232371
0.232379
0.232386
0.232394
0.232402
0.232409
0.232417
0.232424
0.232432
0.232440
0.232447
0.232455
0.232462
0.232470
0.232478
0.232485
0.232493
0.232500
0.232508
0.232516
0.232523
0.232531
0.232538
0.232546
0.232554
0.232561
0.232569
0.232576
0.232584
0.232591
0.232599
0.232607
0.232614
0.232622
0.232629
0.232637
0.232645
0.232652
0.232660
0.232667
0.232675
0.232683
0.232690
0.232698
0.232705
0.232713
0.232721
0.232728
0.232736
0.232743
0.232751
0.232759
0.232766
0.232774
0.232781
0.232789
0.232797
0.232804
0.232812
0.232820
0.232827
0.232835
0.232842
0.232850
0.232858
0.232865
0.232873
0.232880
0.232888
0.232896
0.232903
0.232911
0.232918
0.232926
0.232934
0.232941
0.232949
0.232956
0.232964
0.232972
0.232979
0.232987
0.232994
0.233002
0.233010
0.233017
0.233025
0.233032
0.233040
0.233048
0.233055
0.233063
0.233071
0.233078
0.233086
0.233093
0.233101
0.233109
0.233116
0.233124
0.233131
0.233139
0.233147
0.233154
0.233162
0.233170
0.233177
0.233185
0.233192
0.233200
0.233208
0.233215
0.233223
0.233230
0.233238
0.233246
0.233253
0.233261
0.233269
0.233276
0.233284
0.233291
0.233299
0.233307
0.233314
0.233322
0.233329
0.233337
0.233345
0.233352
0.233360
0.233368
0.233375
0.233383
0.233390
0.233398
0.233406
0.233413
0.233421
0.233429
0.233436
0.233444
0.233451
0.233459
0.233467
0.233474
0.233482
0.233490
0.233497
0.233505
0.233512
0.233520
0.233528
0.233535
0.233543
0.233551
0.233558
0.233566
0.233573
0.233581
0.233589
0.233596
0.233604
0.233612
0.233619
0.233627
0.233634
0.233642
0.233650
0.233657
0.233665
0.233673
0.233680
0.233688
0.233695
0.233703
0.233711
0.233718
0.233726
0.233734
0.233741
0.233749
0.233757
0.233764
0.233772
0.233779
0.233787
0.233795
0.233802
0.233810
0.233818
0.233825
0.233833
0.233840
0.233848
0.233856
0.233863
0.233871
0.233879
0.233886
0.233894
0.233902
0.233909
0.233917
0.233924
0.233932
0.233940
0.233947
0.233955
0.233963
0.233970
0.233978
0.233986
0.233993
0.234001
0.234009
0.234016
0.234024
0.234031
0.234039
0.234047
0.234054
0.234062
0.234070
0.234077
0.234085
0.234093
0.234100
0.234108
0.234116
0.234123
0.234131
0.234138
0.234146
0.234154
0.234161
0.234169
0.234177
0.234184
0.234192
0.234200
0.234207
0.234215
0.234223
0.234230
0.234238
0.234245
0.234253
0.234261
0.234268
0.234276
0.234284
0.234291
0.234299
0.234307
0.234314
0.234322
0.234330
0.234337
0.234345
0.234353
0.234360
0.234368
0.234376
0.234383
0.234391
0.234398
0.234406
0.234414
0.234421
0.234429
0.234437
0.234444
0.234452
0.234460
0.234467
0.234475
0.234483
0.234490
0.234498
0.234506
0.234513
0.234521
0.234529
0.234536
0.234544
0.234552
0.234559
0.234567
0.234575
0.234582
0.234590
0.234598
0.234605
0.234613
0.234620
0.234628
0.234636
0.234643
0.234651
0.234659
0.234666
0.234674
0.234682
0.234689
0.234697
0.234705
0.234712
0.234720
0.234728
0.234735
0.234743
0.234751
0.234758
0.234766
0.234774
0.234781
0.234789
0.234797
0.234804
0.234812
0.234820
0.234827
0.234835
0.234843
0.234850
0.234858
0.234866
0.234873
0.234881
0.234889
0.234896
0.234904
0.234912
0.234919
0.234927
0.234935
0.234942
0.234950
0.234958
0.234965
0.234973
0.234981
0.234988
0.234996
0.235004
0.235011
0.235019
0.235027
0.235034
0.235042
0.235050
0.235057
0.235065
0.235073
0.235080
0.235088
0.235096
0.235103
0.235111
0.235119
0.235126
0.235134
0.235142
0.235150
0.235157
0.235165
0.235173
0.235180
0.235188
0.235196
0.235203
0.235211
0.235219
0.235226
0.235234
0.235242
0.235249
0.235257
0.235265
0.235272
0.235280
0.235288
0.235295
0.235303
0.235311
0.235318
0.235326
0.235334
0.235341
0.235349
0.235357
0.235365
0.235372
0.235380
0.235388
0.235395
0.235403
0.235411
0.235418
0.235426
0.235434
0.235441
0.235449
0.235457
0.235464
0.235472
0.235480
0.235487
0.235495
0.235503
0.235511
0.235518
0.235526
0.235534
0.235541
0.235549
0.235557
0.235564
0.235572
0.235580
0.235587
0.235595
0.235603
0.235610
0.235618
0.235626
0.235634
0.235641
0.235649
0.235657
0.235664
0.235672
0.235680
0.235687
0.235695
0.235703
0.235710
0.235718
0.235726
0.235734
0.235741
0.235749
0.235757
0.235764
0.235772
0.235780
0.235787
0.235795
0.235803
0.235810
0.235818
0.235826
0.235834
0.235841
0.235849
0.235857
0.235864
0.235872
0.235880
0.235887
0.235895
0.235903
0.235911
0.235918
0.235926
0.235934
0.235941
0.235949
0.235957
0.235964
0.235972
0.235980
0.235988
0.235995
0.236003
0.236011
0.236018
0.236026
0.236034
0.236041
0.236049
0.236057
0.236065
0.236072
0.236080
0.236088
0.236095
0.236103
0.236111
0.236118
0.236126
0.236134
0.236142
0.236149
0.236157
0.236165
0.236172
0.236180
0.236188
0.236196
0.236203
0.236211
0.236219
0.236226
0.236234
0.236242
0.236250
0.236257
0.236265
0.236273
0.236280
0.236288
0.236296
0.236303
0.236311
0.236319
0.236327
0.236334
0.236342
0.236350
0.236357
0.236365
0.236373
0.236381
0.236388
0.236396
0.236404
0.236411
0.236419
0.236427
0.236435
0.236442
0.236450
0.236458
0.236465
0.236473
0.236481
0.236489
0.236496
0.236504
0.236512
0.236519
0.236527
0.236535
0.236543
0.236550
0.236558
0.236566
0.236573
0.236581
0.236589
0.236597
0.236604
0.236612
0.236620
0.236628
0.236635
0.236643
0.236651
0.236658
0.236666
0.236674
0.236682
0.236689
0.236697
0.236705
0.236712
0.236720
0.236728
0.236736
0.236743
0.236751
0.236759
0.236767
0.236774
0.236782
0.236790
0.236797
0.236805
0.236813
0.236821
0.236828
0.236836
0.236844
0.236852
0.236859
0.236867
0.236875
0.236882
0.236890
0.236898
0.236906
0.236913
0.236921
0.236929
0.236937
0.236944
0.236952
0.236960
0.236967
0.236975
0.236983
0.236991
0.236998
0.237006
0.237014
0.237022
0.237029
0.237037
0.237045
0.237053
0.237060
0.237068
0.237076
0.237083
0.237091
0.237099
0.237107
0.237114
0.237122
0.237130
0.237138
0.237145
0.237153
0.237161
0.237169
0.237176
0.237184
0.237192
0.237200
0.237207
0.237215
0.237223
0.237230
0.237238
0.237246
0.237254
0.237261
0.237269
0.237277
0.237285
0.237292
0.237300
0.237308
0.237316
0.237323
0.237331
0.237339
0.237347
0.237354
0.237362
0.237370
0.237378
0.237385
0.237393
0.237401
0.237409
0.237416
0.237424
0.237432
0.237440
0.237447
0.237455
0.237463
0.237471
0.237478
0.237486
0.237494
0.237501
0.237509
0.237517
0.237525
0.237532
0.237540
0.237548
0.237556
0.237563
0.237571
0.237579
0.237587
0.237594
0.237602
0.237610
0.237618
0.237625
0.237633
0.237641
0.237649
0.237656
0.237664
0.237672
0.237680
0.237688
0.237695
0.237703
0.237711
0.237719
0.237726
0.237734
0.237742
0.237750
0.237757
0.237765
0.237773
0.237781
0.237788
0.237796
0.237804
0.237812
0.237819
0.237827
0.237835
0.237843
0.237850
0.237858
0.237866
0.237874
0.237881
0.237889
0.237897
0.237905
0.237912
0.237920
0.237928
0.237936
0.237943
0.237951
0.237959
0.237967
0.237975
0.237982
0.237990
0.237998
0.238006
0.238013
0.238021
0.238029
0.238037
0.238044
0.238052
0.238060
0.238068
0.238075
0.238083
0.238091
0.238099
0.238107
0.238114
0.238122
0.238130
0.238138
0.238145
0.238153
0.238161
0.238169
0.238176
0.238184
0.238192
0.238200
0.238207
0.238215
0.238223
0.238231
0.238239
0.238246
0.238254
0.238262
0.238270
0.238277
0.238285
0.238293
0.238301
0.238309
0.238316
0.238324
0.238332
0.238340
0.238347
0.238355
0.238363
0.238371
0.238378
0.238386
0.238394
0.238402
0.238410
0.238417
0.238425
0.238433
0.238441
0.238448
0.238456
0.238464
0.238472
0.238480
0.238487
0.238495
0.238503
0.238511
0.238518
0.238526
0.238534
0.238542
0.238550
0.238557
0.238565
0.238573
0.238581
0.238588
0.238596
0.238604
0.238612
0.238620
0.238627
0.238635
0.238643
0.238651
0.238659
0.238666
0.238674
0.238682
0.238690
0.238697
0.238705
0.238713
0.238721
0.238729
0.238736
0.238744
0.238752
0.238760
0.238767
0.238775
0.238783
0.238791
0.238799
0.238806
0.238814
0.238822
0.238830
0.238838
0.238845
0.238853
0.238861
0.238869
0.238877
0.238884
0.238892
0.238900
0.238908
0.238915
0.238923
0.238931
0.238939
0.238947
0.238954
0.238962
0.238970
0.238978
0.238986
0.238993
0.239001
0.239009
0.239017
0.239025
0.239032
0.239040
0.239048
0.239056
0.239064
0.239071
0.239079
0.239087
0.239095
0.239103
0.239110
0.239118
0.239126
0.239134
0.239142
0.239149
0.239157
0.239165
0.239173
0.239181
0.239188
0.239196
0.239204
0.239212
0.239220
0.239227
0.239235
0.239243
0.239251
0.239259
0.239266
0.239274
0.239282
0.239290
0.239298
0.239305
0.239313
0.239321
0.239329
0.239337
0.239344
0.239352
0.239360
0.239368
0.239376
0.239383
0.239391
0.239399
0.239407
0.239415
0.239422
0.239430
0.239438
0.239446
0.239454
0.239461
0.239469
0.239477
0.239485
0.239493
0.239500
0.239508
0.239516
0.239524
0.239532
0.239540
0.239547
0.239555
0.239563
0.239571
0.239579
0.239586
0.239594
0.239602
0.239610
0.239618
0.239625
0.239633
0.239641
0.239649
0.239657
0.239665
0.239672
0.239680
0.239688
0.239696
0.239704
0.239711
0.239719
0.239727
0.239735
0.239743
0.239750
0.239758
0.239766
0.239774
0.239782
0.239790
0.239797
0.239805
0.239813
0.239821
0.239829
0.239836
0.239844
0.239852
0.239860
0.239868
0.239876
0.239883
0.239891
0.239899
0.239907
0.239915
0.239923
0.239930
0.239938
0.239946
0.239954
0.239962
0.239969
0.239977
0.239985
0.239993
0.240001
0.240009
0.240016
0.240024
0.240032
0.240040
0.240048
0.240056
0.240063
0.240071
0.240079
0.240087
0.240095
0.240102
0.240110
0.240118
0.240126
0.240134
0.240142
0.240149
0.240157
0.240165
0.240173
0.240181
0.240189
0.240196
0.240204
0.240212
0.240220
0.240228
0.240236
0.240243
0.240251
0.240259
0.240267
0.240275
0.240283
0.240290
0.240298
0.240306
0.240314
0.240322
0.240330
0.240337
0.240345
0.240353
0.240361
0.240369
0.240377
0.240384
0.240392
0.240400
0.240408
0.240416
0.240424
0.240431
0.240439
0.240447
0.240455
0.240463
0.240471
0.240478
0.240486
0.240494
0.240502
0.240510
0.240518
0.240525
0.240533
0.240541
0.240549
0.240557
0.240565
0.240573
0.240580
0.240588
0.240596
0.240604
0.240612
0.240620
0.240627
0.240635
0.240643
0.240651
0.240659
0.240667
0.240674
0.240682
0.240690
0.240698
0.240706
0.240714
0.240722
0.240729
0.240737
0.240745
0.240753
0.240761
0.240769
0.240777
0.240784
0.240792
0.240800
0.240808
0.240816
0.240824
0.240831
0.240839
0.240847
0.240855
0.240863
0.240871
0.240879
0.240886
0.240894
0.240902
0.240910
0.240918
0.240926
0.240934
0.240941
0.240949
0.240957
0.240965
0.240973
0.240981
0.240988
0.240996
0.241004
0.241012
0.241020
0.241028
0.241036
0.241043
0.241051
0.241059
0.241067
0.241075
0.241083
0.241091
0.241098
0.241106
0.241114
0.241122
0.241130
0.241138
0.241146
0.241153
0.241161
0.241169
0.241177
0.241185
0.241193
0.241201
0.241209
0.241216
0.241224
0.241232
0.241240
0.241248
0.241256
0.241264
0.241271
0.241279
0.241287
0.241295
0.241303
0.241311
0.241319
0.241326
0.241334
0.241342
0.241350
0.241358
0.241366
0.241374
0.241382
0.241389
0.241397
0.241405
0.241413
0.241421
0.241429
0.241437
0.241444
0.241452
0.241460
0.241468
0.241476
0.241484
0.241492
0.241500
0.241507
0.241515
0.241523
0.241531
0.241539
0.241547
0.241555
0.241563
0.241570
0.241578
0.241586
0.241594
0.241602
0.241610
0.241618
0.241625
0.241633
0.241641
0.241649
0.241657
0.241665
0.241673
0.241681
0.241688
0.241696
0.241704
0.241712
0.241720
0.241728
0.241736
0.241744
0.241752
0.241759
0.241767
0.241775
0.241783
0.241791
0.241799
0.241807
0.241815
0.241822
0.241830
0.241838
0.241846
0.241854
0.241862
0.241870
0.241878
0.241885
0.241893
0.241901
0.241909
0.241917
0.241925
0.241933
0.241941
0.241949
0.241956
0.241964
0.241972
0.241980
0.241988
0.241996
0.242004
0.242012
0.242019
0.242027
0.242035
0.242043
0.242051
0.242059
0.242067
0.242075
0.242083
0.242090
0.242098
0.242106
0.242114
0.242122
0.242130
0.242138
0.242146
0.242154
0.242161
0.242169
0.242177
0.242185
0.242193
0.242201
0.242209
0.242217
0.242225
0.242233
0.242240
0.242248
0.242256
0.242264
0.242272
0.242280
0.242288
0.242296
0.242304
0.242311
0.242319
0.242327
0.242335
0.242343
0.242351
0.242359
0.242367
0.242375
0.242382
0.242390
0.242398
0.242406
0.242414
0.242422
0.242430
0.242438
0.242446
0.242454
0.242462
0.242469
0.242477
0.242485
0.242493
0.242501
0.242509
0.242517
0.242525
0.242533
0.242541
0.242548
0.242556
0.242564
0.242572
0.242580
0.242588
0.242596
0.242604
0.242612
0.242620
0.242627
0.242635
0.242643
0.242651
0.242659
0.242667
0.242675
0.242683
0.242691
0.242699
0.242707
0.242714
0.242722
0.242730
0.242738
0.242746
0.242754
0.242762
0.242770
0.242778
0.242786
0.242793
0.242801
0.242809
0.242817
0.242825
0.242833
0.242841
0.242849
0.242857
0.242865
0.242873
0.242881
0.242888
0.242896
0.242904
0.242912
0.242920
0.242928
0.242936
0.242944
0.242952
0.242960
0.242968
0.242975
0.242983
0.242991
0.242999
0.243007
0.243015
0.243023
0.243031
0.243039
0.243047
0.243055
0.243063
0.243070
0.243078
0.243086
0.243094
0.243102
0.243110
0.243118
0.243126
0.243134
0.243142
0.243150
0.243158
0.243166
0.243173
0.243181
0.243189
0.243197
0.243205
0.243213
0.243221
0.243229
0.243237
0.243245
0.243253
0.243261
0.243269
0.243276
0.243284
0.243292
0.243300
0.243308
0.243316
0.243324
0.243332
0.243340
0.243348
0.243356
0.243364
0.243372
0.243379
0.243387
0.243395
0.243403
0.243411
0.243419
0.243427
0.243435
0.243443
0.243451
0.243459
0.243467
0.243475
0.243483
0.243490
0.243498
0.243506
0.243514
0.243522
0.243530
0.243538
0.243546
0.243554
0.243562
0.243570
0.243578
0.243586
0.243594
0.243602
0.243609
0.243617
0.243625
0.243633
0.243641
0.243649
0.243657
0.243665
0.243673
0.243681
0.243689
0.243697
0.243705
0.243713
0.243721
0.243729
0.243736
0.243744
0.243752
0.243760
0.243768
0.243776
0.243784
0.243792
0.243800
0.243808
0.243816
0.243824
0.243832
0.243840
0.243848
0.243856
0.243864
0.243871
0.243879
0.243887
0.243895
0.243903
0.243911
0.243919
0.243927
0.243935
0.243943
0.243951
0.243959
0.243967
0.243975
0.243983
0.243991
0.243999
0.244007
0.244014
0.244022
0.244030
0.244038
0.244046
0.244054
0.244062
0.244070
0.244078
0.244086
0.244094
0.244102
0.244110
0.244118
0.244126
0.244134
0.244142
0.244150
0.244158
0.244166
0.244173
0.244181
0.244189
0.244197
0.244205
0.244213
0.244221
0.244229
0.244237
0.244245
0.244253
0.244261
0.244269
0.244277
0.244285
0.244293
0.244301
0.244309
0.244317
0.244325
0.244333
0.244341
0.244348
0.244356
0.244364
0.244372
0.244380
0.244388
0.244396
0.244404
0.244412
0.244420
0.244428
0.244436
0.244444
0.244452
0.244460
0.244468
0.244476
0.244484
0.244492
0.244500
0.244508
0.244516
0.244524
0.244532
0.244540
0.244547
0.244555
0.244563
0.244571
0.244579
0.244587
0.244595
0.244603
0.244611
0.244619
0.244627
0.244635
0.244643
0.244651
0.244659
0.244667
0.244675
0.244683
0.244691
0.244699
0.244707
0.244715
0.244723
0.244731
0.244739
0.244747
0.244755
0.244763
0.244771
0.244779
0.244786
0.244794
0.244802
0.244810
0.244818
0.244826
0.244834
0.244842
0.244850
0.244858
0.244866
0.244874
0.244882
0.244890
0.244898
0.244906
0.244914
0.244922
0.244930
0.244938
0.244946
0.244954
0.244962
0.244970
0.244978
0.244986
0.244994
0.245002
0.245010
0.245018
0.245026
0.245034
0.245042
0.245050
0.245058
0.245066
0.245074
0.245082
0.245090
0.245098
0.245106
0.245114
0.245121
0.245129
0.245137
0.245145
0.245153
0.245161
0.245169
0.245177
0.245185
0.245193
0.245201
0.245209
0.245217
0.245225
0.245233
0.245241
0.245249
0.245257
0.245265
0.245273
0.245281
0.245289
0.245297
0.245305
0.245313
0.245321
0.245329
0.245337
0.245345
0.245353
0.245361
0.245369
0.245377
0.245385
0.245393
0.245401
0.245409
0.245417
0.245425
0.245433
0.245441
0.245449
0.245457
0.245465
0.245473
0.245481
0.245489
0.245497
0.245505
0.245513
0.245521
0.245529
0.245537
0.245545
0.245553
0.245561
0.245569
0.245577
0.245585
0.245593
0.245601
0.245609
0.245617
0.245625
0.245633
0.245641
0.245649
0.245657
0.245665
0.245673
0.245681
0.245689
0.245697
0.245705
0.245713
0.245721
0.245729
0.245737
0.245745
0.245753
0.245761
0.245769
0.245777
0.245785
0.245793
0.245801
0.245809
0.245817
0.245825
0.245833
0.245841
0.245849
0.245857
0.245865
0.245873
0.245881
0.245889
0.245897
0.245905
0.245913
0.245921
0.245929
0.245937
0.245945
0.245953
0.245961
0.245969
0.245977
0.245985
0.245993
0.246001
0.246009
0.246017
0.246025
0.246033
0.246041
0.246049
0.246057
0.246065
0.246073
0.246081
0.246089
0.246097
0.246105
0.246113
0.246121
0.246129
0.246137
0.246145
0.246153
0.246161
0.246169
0.246177
0.246185
0.246193
0.246201
0.246209
0.246217
0.246225
0.246233
0.246241
0.246249
0.246257
0.246265
0.246273
0.246281
0.246289
0.246297
0.246305
0.246313
0.246321
0.246329
0.246337
0.246345
0.246353
0.246361
0.246369
0.246378
0.246386
0.246394
0.246402
0.246410
0.246418
0.246426
0.246434
0.246442
0.246450
0.246458
0.246466
0.246474
0.246482
0.246490
0.246498
0.246506
0.246514
0.246522
0.246530
0.246538
0.246546
0.246554
0.246562
0.246570
0.246578
0.246586
0.246594
0.246602
0.246610
0.246618
0.246626
0.246634
0.246642
0.246650
0.246658
0.246666
0.246674
0.246682
0.246690
0.246698
0.246707
0.246715
0.246723
0.246731
0.246739
0.246747
0.246755
0.246763
0.246771
0.246779
0.246787
0.246795
0.246803
0.246811
0.246819
0.246827
0.246835
0.246843
0.246851
0.246859
0.246867
0.246875
0.246883
0.246891
0.246899
0.246907
0.246915
0.246923
0.246931
0.246939
0.246948
0.246956
0.246964
0.246972
0.246980
0.246988
0.246996
0.247004
0.247012
0.247020
0.247028
0.247036
0.247044
0.247052
0.247060
0.247068
0.247076
0.247084
0.247092
0.247100
0.247108
0.247116
0.247124
0.247132
0.247140
0.247149
0.247157
0.247165
0.247173
0.247181
0.247189
0.247197
0.247205
0.247213
0.247221
0.247229
0.247237
0.247245
0.247253
0.247261
0.247269
0.247277
0.247285
0.247293
0.247301
0.247309
0.247317
0.247326
0.247334
0.247342
0.247350
0.247358
0.247366
0.247374
0.247382
0.247390
0.247398
0.247406
0.247414
0.247422
0.247430
0.247438
0.247446
0.247454
0.247462
0.247470
0.247478
0.247487
0.247495
0.247503
0.247511
0.247519
0.247527
0.247535
0.247543
0.247551
0.247559
0.247567
0.247575
0.247583
0.247591
0.247599
0.247607
0.247615
0.247623
0.247632
0.247640
0.247648
0.247656
0.247664
0.247672
0.247680
0.247688
0.247696
0.247704
0.247712
0.247720
0.247728
0.247736
0.247744
0.247752
0.247760
0.247769
0.247777
0.247785
0.247793
0.247801
0.247809
0.247817
0.247825
0.247833
0.247841
0.247849
0.247857
0.247865
0.247873
0.247881
0.247889
0.247898
0.247906
0.247914
0.247922
0.247930
0.247938
0.247946
0.247954
0.247962
0.247970
0.247978
0.247986
0.247994
0.248002
0.248011
0.248019
0.248027
0.248035
0.248043
0.248051
0.248059
0.248067
0.248075
0.248083
0.248091
0.248099
0.248107
0.248115
0.248124
0.248132
0.248140
0.248148
0.248156
0.248164
0.248172
0.248180
0.248188
0.248196
0.248204
0.248212
0.248220
0.248228
0.248237
0.248245
0.248253
0.248261
0.248269
0.248277
0.248285
0.248293
0.248301
0.248309
0.248317
0.248325
0.248333
0.248342
0.248350
0.248358
0.248366
0.248374
0.248382
0.248390
0.248398
0.248406
0.248414
0.248422
0.248430
0.248439
0.248447
0.248455
0.248463
0.248471
0.248479
0.248487
0.248495
0.248503
0.248511
0.248519
0.248527
0.248536
0.248544
0.248552
0.248560
0.248568
0.248576
0.248584
0.248592
0.248600
0.248608
0.248616
0.248624
0.248633
0.248641
0.248649
0.248657
0.248665
0.248673
0.248681
0.248689
0.248697
0.248705
0.248713
0.248722
0.248730
0.248738
0.248746
0.248754
0.248762
0.248770
0.248778
0.248786
0.248794
0.248802
0.248811
0.248819
0.248827
0.248835
0.248843
0.248851
0.248859
0.248867
0.248875
0.248883
0.248892
0.248900
0.248908
0.248916
0.248924
0.248932
0.248940
0.248948
0.248956
0.248964
0.248972
0.248981
0.248989
0.248997
0.249005
0.249013
0.249021
0.249029
0.249037
0.249045
0.249053
0.249062
0.249070
0.249078
0.249086
0.249094
0.249102
0.249110
0.249118
0.249126
0.249135
0.249143
0.249151
0.249159
0.249167
0.249175
0.249183
0.249191
0.249199
0.249207
0.249216
0.249224
0.249232
0.249240
0.249248
0.249256
0.249264
0.249272
0.249280
0.249289
0.249297
0.249305
0.249313
0.249321
0.249329
0.249337
0.249345
0.249353
0.249362
0.249370
0.249378
0.249386
0.249394
0.249402
0.249410
0.249418
0.249426
0.249435
0.249443
0.249451
0.249459
0.249467
0.249475
0.249483
0.249491
0.249499
0.249508
0.249516
0.249524
0.249532
0.249540
0.249548
0.249556
0.249564
0.249572
0.249581
0.249589
0.249597
0.249605
0.249613
0.249621
0.249629
0.249637
0.249646
0.249654
0.249662
0.249670
0.249678
0.249686
0.249694
0.249702
0.249710
0.249719
0.249727
0.249735
0.249743
0.249751
0.249759
0.249767
0.249775
0.249784
0.249792
0.249800
0.249808
0.249816
0.249824
0.249832
0.249840
0.249849
0.249857
0.249865
0.249873
0.249881
0.249889
0.249897
0.249905
0.249914
0.249922
0.249930
0.249938
0.249946
0.249954
0.249962
0.249971
0.249979
0.249987
0.249995
0.250003
0.250011
0.250019
0.250027
0.250036
0.250044
0.250052
0.250060
0.250068
0.250076
0.250084
0.250092
0.250101
0.250109
0.250117
0.250125
0.250133
0.250141
0.250149
0.250158
0.250166
0.250174
0.250182
0.250190
0.250198
0.250206
0.250214
0.250223
0.250231
0.250239
0.250247
0.250255
0.250263
0.250271
0.250280
0.250288
0.250296
0.250304
0.250312
0.250320
0.250328
0.250337
0.250345
0.250353
0.250361
0.250369
0.250377
0.250385
0.250394
0.250402
0.250410
0.250418
0.250426
0.250434
0.250442
0.250451
0.250459
0.250467
0.250475
0.250483
0.250491
0.250499
0.250508
0.250516
0.250524
0.250532
0.250540
0.250548
0.250556
0.250565
0.250573
0.250581
0.250589
0.250597
0.250605
0.250613
0.250622
0.250630
0.250638
0.250646
0.250654
0.250662
0.250671
0.250679
0.250687
0.250695
0.250703
0.250711
0.250719
0.250728
0.250736
0.250744
0.250752
0.250760
0.250768
0.250777
0.250785
0.250793
0.250801
0.250809
0.250817
0.250825
0.250834
0.250842
0.250850
0.250858
0.250866
0.250874
0.250883
0.250891
0.250899
0.250907
0.250915
0.250923
0.250931
0.250940
0.250948
0.250956
0.250964
0.250972
0.250980
0.250989
0.250997
0.251005
0.251013
0.251021
0.251029
0.251038
0.251046
0.251054
0.251062
0.251070
0.251078
0.251086
0.251095
0.251103
0.251111
0.251119
0.251127
0.251136
0.251144
0.251152
0.251160
0.251168
0.251176
0.251184
0.251193
0.251201
0.251209
0.251217
0.251225
0.251233
0.251242
0.251250
0.251258
0.251266
0.251274
0.251282
0.251291
0.251299
0.251307
0.251315
0.251323
0.251332
0.251340
0.251348
0.251356
0.251364
0.251372
0.251381
0.251389
0.251397
0.251405
0.251413
0.251421
0.251430
0.251438
0.251446
0.251454
0.251462
0.251470
0.251479
0.251487
0.251495
0.251503
0.251511
0.251519
0.251528
0.251536
0.251544
0.251552
0.251560
0.251569
0.251577
0.251585
0.251593
0.251601
0.251609
0.251618
0.251626
0.251634
0.251642
0.251650
0.251659
0.251667
0.251675
0.251683
0.251691
0.251699
0.251708
0.251716
0.251724
0.251732
0.251740
0.251749
0.251757
0.251765
0.251773
0.251781
0.251789
0.251798
0.251806
0.251814
0.251822
0.251830
0.251839
0.251847
0.251855
0.251863
0.251871
0.251880
0.251888
0.251896
0.251904
0.251912
0.251920
0.251929
0.251937
0.251945
0.251953
0.251961
0.251970
0.251978
0.251986
0.251994
0.252002
0.252011
0.252019
0.252027
0.252035
0.252043
0.252052
0.252060
0.252068
0.252076
0.252084
0.252092
0.252101
0.252109
0.252117
0.252125
0.252133
0.252142
0.252150
0.252158
0.252166
0.252174
0.252183
0.252191
0.252199
0.252207
0.252215
0.252224
0.252232
0.252240
0.252248
0.252256
0.252265
0.252273
0.252281
0.252289
0.252297
0.252306
0.252314
0.252322
0.252330
0.252338
0.252347
0.252355
0.252363
0.252371
0.252379
0.252388
0.252396
0.252404
0.252412
0.252420
0.252429
0.252437
0.252445
0.252453
0.252461
0.252470
0.252478
0.252486
0.252494
0.252502
0.252511
0.252519
0.252527
0.252535
0.252543
0.252552
0.252560
0.252568
0.252576
0.252585
0.252593
0.252601
0.252609
0.252617
0.252626
0.252634
0.252642
0.252650
0.252658
0.252667
0.252675
0.252683
0.252691
0.252699
0.252708
0.252716
0.252724
0.252732
0.252741
0.252749
0.252757
0.252765
0.252773
0.252782
0.252790
0.252798
0.252806
0.252814
0.252823
0.252831
0.252839
0.252847
0.252856
0.252864
0.252872
0.252880
0.252888
0.252897
0.252905
0.252913
0.252921
0.252930
0.252938
0.252946
0.252954
0.252962
0.252971
0.252979
0.252987
0.252995
0.253004
0.253012
0.253020
0.253028
0.253036
0.253045
0.253053
0.253061
0.253069
0.253078
0.253086
0.253094
0.253102
0.253110
0.253119
0.253127
0.253135
0.253143
0.253152
0.253160
0.253168
0.253176
0.253184
0.253193
0.253201
0.253209
0.253217
0.253226
0.253234
0.253242
0.253250
0.253259
0.253267
0.253275
0.253283
0.253291
0.253300
0.253308
0.253316
0.253324
0.253333
0.253341
0.253349
0.253357
0.253366
0.253374
0.253382
0.253390
0.253398
0.253407
0.253415
0.253423
0.253431
0.253440
0.253448
0.253456
0.253464
0.253473
0.253481
0.253489
0.253497
0.253505
0.253514
0.253522
0.253530
0.253538
0.253547
0.253555
0.253563
0.253571
0.253580
0.253588
0.253596
0.253604
0.253613
0.253621
0.253629
0.253637
0.253646
0.253654
0.253662
0.253670
0.253678
0.253687
0.253695
0.253703
0.253711
0.253720
0.253728
0.253736
0.253744
0.253753
0.253761
0.253769
0.253777
0.253786
0.253794
0.253802
0.253810
0.253819
0.253827
0.253835
0.253843
0.253852
0.253860
0.253868
0.253876
0.253885
0.253893
0.253901
0.253909
0.253918
0.253926
0.253934
0.253942
0.253951
0.253959
0.253967
0.253975
0.253984
0.253992
0.254000
0.254008
0.254017
0.254025
0.254033
0.254041
0.254050
0.254058
0.254066
0.254074
0.254083
0.254091
0.254099
0.254107
0.254116
0.254124
0.254132
0.254140
0.254149
0.254157
0.254165
0.254173
0.254182
0.254190
0.254198
0.254207
0.254215
0.254223
0.254231
0.254240
0.254248
0.254256
0.254264
0.254273
0.254281
0.254289
0.254297
0.254306
0.254314
0.254322
0.254330
0.254339
0.254347
0.254355
0.254363
0.254372
0.254380
0.254388
0.254397
0.254405
0.254413
0.254421
0.254430
0.254438
0.254446
0.254454
0.254463
0.254471
0.254479
0.254487
0.254496
0.254504
0.254512
0.254521
0.254529
0.254537
0.254545
0.254554
0.254562
0.254570
0.254578
0.254587
0.254595
0.254603
0.254611
0.254620
0.254628
0.254636
0.254645
0.254653
0.254661
0.254669
0.254678
0.254686
0.254694
0.254702
0.254711
0.254719
0.254727
0.254736
0.254744
0.254752
0.254760
0.254769
0.254777
0.254785
0.254793
0.254802
0.254810
0.254818
0.254827
0.254835
0.254843
0.254851
0.254860
0.254868
0.254876
0.254885
0.254893
0.254901
0.254909
0.254918
0.254926
0.254934
0.254943
0.254951
0.254959
0.254967
0.254976
0.254984
0.254992
0.255000
0.255009
0.255017
0.255025
0.255034
0.255042
0.255050
0.255058
0.255067
0.255075
0.255083
0.255092
0.255100
0.255108
0.255116
0.255125
0.255133
0.255141
0.255150
0.255158
0.255166
0.255174
0.255183
0.255191
0.255199
0.255208
0.255216
0.255224
0.255232
0.255241
0.255249
0.255257
0.255266
0.255274
0.255282
0.255291
0.255299
0.255307
0.255315
0.255324
0.255332
0.255340
0.255349
0.255357
0.255365
0.255373
0.255382
0.255390
0.255398
0.255407
0.255415
0.255423
0.255431
0.255440
0.255448
0.255456
0.255465
0.255473
0.255481
0.255490
0.255498
0.255506
0.255514
0.255523
0.255531
0.255539
0.255548
0.255556
0.255564
0.255573
0.255581
0.255589
0.255597
0.255606
0.255614
0.255622
0.255631
0.255639
0.255647
0.255656
0.255664
0.255672
0.255680
0.255689
0.255697
0.255705
0.255714
0.255722
0.255730
0.255739
0.255747
0.255755
0.255764
0.255772
0.255780
0.255788
0.255797
0.255805
0.255813
0.255822
0.255830
0.255838
0.255847
0.255855
0.255863
0.255871
0.255880
0.255888
0.255896
0.255905
0.255913
0.255921
0.255930
0.255938
0.255946
0.255955
0.255963
0.255971
0.255980
0.255988
0.255996
0.256004
0.256013
0.256021
0.256029
0.256038
0.256046
0.256054
0.256063
0.256071
0.256079
0.256088
0.256096
0.256104
0.256113
0.256121
0.256129
0.256137
0.256146
0.256154
0.256162
0.256171
0.256179
0.256187
0.256196
0.256204
0.256212
0.256221
0.256229
0.256237
0.256246
0.256254
0.256262
0.256271
0.256279
0.256287
0.256296
0.256304
0.256312
0.256321
0.256329
0.256337
0.256346
0.256354
0.256362
0.256370
0.256379
0.256387
0.256395
0.256404
0.256412
0.256420
0.256429
0.256437
0.256445
0.256454
0.256462
0.256470
0.256479
0.256487
0.256495
0.256504
0.256512
0.256520
0.256529
0.256537
0.256545
0.256554
0.256562
0.256570
0.256579
0.256587
0.256595
0.256604
0.256612
0.256620
0.256629
0.256637
0.256645
0.256654
0.256662
0.256670
0.256679
0.256687
0.256695
0.256704
0.256712
0.256720
0.256729
0.256737
0.256745
0.256754
0.256762
0.256770
0.256779
0.256787
0.256795
0.256804
0.256812
0.256820
0.256829
0.256837
0.256845
0.256854
0.256862
0.256870
0.256879
0.256887
0.256895
0.256904
0.256912
0.256920
0.256929
0.256937
0.256945
0.256954
0.256962
0.256970
0.256979
0.256987
0.256995
0.257004
0.257012
0.257021
0.257029
0.257037
0.257046
0.257054
0.257062
0.257071
0.257079
0.257087
0.257096
0.257104
0.257112
0.257121
0.257129
0.257137
0.257146
0.257154
0.257162
0.257171
0.257179
0.257187
0.257196
0.257204
0.257212
0.257221
0.257229
0.257238
0.257246
0.257254
0.257263
0.257271
0.257279
0.257288
0.257296
0.257304
0.257313
0.257321
0.257329
0.257338
0.257346
0.257354
0.257363
0.257371
0.257379
0.257388
0.257396
0.257405
0.257413
0.257421
0.257430
0.257438
0.257446
0.257455
0.257463
0.257471
0.257480
0.257488
0.257496
0.257505
0.257513
0.257522
0.257530
0.257538
0.257547
0.257555
0.257563
0.257572
0.257580
0.257588
0.257597
0.257605
0.257614
0.257622
0.257630
0.257639
0.257647
0.257655
0.257664
0.257672
0.257680
0.257689
0.257697
0.257706
0.257714
0.257722
0.257731
0.257739
0.257747
0.257756
0.257764
0.257772
0.257781
0.257789
0.257798
0.257806
0.257814
0.257823
0.257831
0.257839
0.257848
0.257856
0.257865
0.257873
0.257881
0.257890
0.257898
0.257906
0.257915
0.257923
0.257931
0.257940
0.257948
0.257957
0.257965
0.257973
0.257982
0.257990
0.257998
0.258007
0.258015
0.258024
0.258032
0.258040
0.258049
0.258057
0.258065
0.258074
0.258082
0.258091
0.258099
0.258107
0.258116
0.258124
0.258132
0.258141
0.258149
0.258158
0.258166
0.258174
0.258183
0.258191
0.258199
0.258208
0.258216
0.258225
0.258233
0.258241
0.258250
0.258258
0.258267
0.258275
0.258283
0.258292
0.258300
0.258308
0.258317
0.258325
0.258334
0.258342
0.258350
0.258359
0.258367
0.258375
0.258384
0.258392
0.258401
0.258409
0.258417
0.258426
0.258434
0.258443
0.258451
0.258459
0.258468
0.258476
0.258485
0.258493
0.258501
0.258510
0.258518
0.258526
0.258535
0.258543
0.258552
0.258560
0.258568
0.258577
0.258585
0.258594
0.258602
0.258610
0.258619
0.258627
0.258636
0.258644
0.258652
0.258661
0.258669
0.258678
0.258686
0.258694
0.258703
0.258711
0.258719
0.258728
0.258736
0.258745
0.258753
0.258761
0.258770
0.258778
0.258787
0.258795
0.258803
0.258812
0.258820
0.258829
0.258837
0.258845
0.258854
0.258862
0.258871
0.258879
0.258887
0.258896
0.258904
0.258913
0.258921
0.258929
0.258938
0.258946
0.258955
0.258963
0.258971
0.258980
0.258988
0.258997
0.259005
0.259013
0.259022
0.259030
0.259039
0.259047
0.259056
0.259064
0.259072
0.259081
0.259089
0.259098
0.259106
0.259114
0.259123
0.259131
0.259140
0.259148
0.259156
0.259165
0.259173
0.259182
0.259190
0.259198
0.259207
0.259215
0.259224
0.259232
0.259241
0.259249
0.259257
0.259266
0.259274
0.259283
0.259291
0.259299
0.259308
0.259316
0.259325
0.259333
0.259341
0.259350
0.259358
0.259367
0.259375
0.259384
0.259392
0.259400
0.259409
0.259417
0.259426
0.259434
0.259442
0.259451
0.259459
0.259468
0.259476
0.259485
0.259493
0.259501
0.259510
0.259518
0.259527
0.259535
0.259543
0.259552
0.259560
0.259569
0.259577
0.259586
0.259594
0.259602
0.259611
0.259619
0.259628
0.259636
0.259645
0.259653
0.259661
0.259670
0.259678
0.259687
0.259695
0.259703
0.259712
0.259720
0.259729
0.259737
0.259746
0.259754
0.259763
0.259771
0.259779
0.259788
0.259796
0.259805
0.259813
0.259821
0.259830
0.259838
0.259847
0.259855
0.259864
0.259872
0.259880
0.259889
0.259897
0.259906
0.259914
0.259923
0.259931
0.259939
0.259948
0.259956
0.259965
0.259973
0.259982
0.259990
0.259999
0.260007
0.260015
0.260024
0.260032
0.260041
0.260049
0.260058
0.260066
0.260074
0.260083
0.260091
0.260100
0.260108
0.260117
0.260125
0.260134
0.260142
0.260150
0.260159
0.260167
0.260176
0.260184
0.260193
0.260201
0.260209
0.260218
0.260226
0.260235
0.260243
0.260252
0.260260
0.260269
0.260277
0.260285
0.260294
0.260302
0.260311
0.260319
0.260328
0.260336
0.260345
0.260353
0.260361
0.260370
0.260378
0.260387
0.260395
0.260404
0.260412
0.260421
0.260429
0.260437
0.260446
0.260454
0.260463
0.260471
0.260480
0.260488
0.260497
0.260505
0.260514
0.260522
0.260530
0.260539
0.260547
0.260556
0.260564
0.260573
0.260581
0.260590
0.260598
0.260606
0.260615
0.260623
0.260632
0.260640
0.260649
0.260657
0.260666
0.260674
0.260683
0.260691
0.260699
0.260708
0.260716
0.260725
0.260733
0.260742
0.260750
0.260759
0.260767
0.260776
0.260784
0.260792
0.260801
0.260809
0.260818
0.260826
0.260835
0.260843
0.260852
0.260860
0.260869
0.260877
0.260886
0.260894
0.260902
0.260911
0.260919
0.260928
0.260936
0.260945
0.260953
0.260962
0.260970
0.260979
0.260987
0.260996
0.261004
0.261012
0.261021
0.261029
0.261038
0.261046
0.261055
0.261063
0.261072
0.261080
0.261089
0.261097
0.261106
0.261114
0.261123
0.261131
0.261139
0.261148
0.261156
0.261165
0.261173
0.261182
0.261190
0.261199
0.261207
0.261216
0.261224
0.261233
0.261241
0.261250
0.261258
0.261267
0.261275
0.261283
0.261292
0.261300
0.261309
0.261317
0.261326
0.261334
0.261343
0.261351
0.261360
0.261368
0.261377
0.261385
0.261394
0.261402
0.261411
0.261419
0.261428
0.261436
0.261445
0.261453
0.261461
0.261470
0.261478
0.261487
0.261495
0.261504
0.261512
0.261521
0.261529
0.261538
0.261546
0.261555
0.261563
0.261572
0.261580
0.261589
0.261597
0.261606
0.261614
0.261623
0.261631
0.261640
0.261648
0.261657
0.261665
0.261674
0.261682
0.261690
0.261699
0.261707
0.261716
0.261724
0.261733
0.261741
0.261750
0.261758
0.261767
0.261775
0.261784
0.261792
0.261801
0.261809
0.261818
0.261826
0.261835
0.261843
0.261852
0.261860
0.261869
0.261877
0.261886
0.261894
0.261903
0.261911
0.261920
0.261928
0.261937
0.261945
0.261954
0.261962
0.261971
0.261979
0.261988
0.261996
0.262005
0.262013
0.262022
0.262030
0.262039
0.262047
0.262056
0.262064
0.262073
0.262081
0.262090
0.262098
0.262107
0.262115
0.262124
0.262132
0.262141
0.262149
0.262158
0.262166
0.262175
0.262183
0.262192
0.262200
0.262209
0.262217
0.262226
0.262234
0.262243
0.262251
0.262260
0.262268
0.262277
0.262285
0.262294
0.262302
0.262311
0.262319
0.262328
0.262336
0.262345
0.262353
0.262362
0.262370
0.262379
0.262387
0.262396
0.262404
0.262413
0.262421
0.262430
0.262438
0.262447
0.262455
0.262464
0.262472
0.262481
0.262489
0.262498
0.262506
0.262515
0.262523
0.262532
0.262540
0.262549
0.262557
0.262566
0.262574
0.262583
0.262591
0.262600
0.262608
0.262617
0.262625
0.262634
0.262642
0.262651
0.262659
0.262668
0.262677
0.262685
0.262694
0.262702
0.262711
0.262719
0.262728
0.262736
0.262745
0.262753
0.262762
0.262770
0.262779
0.262787
0.262796
0.262804
0.262813
0.262821
0.262830
0.262838
0.262847
0.262855
0.262864
0.262872
0.262881
0.262890
0.262898
0.262907
0.262915
0.262924
0.262932
0.262941
0.262949
0.262958
0.262966
0.262975
0.262983
0.262992
0.263000
0.263009
0.263017
0.263026
0.263034
0.263043
0.263051
0.263060
0.263069
0.263077
0.263086
0.263094
0.263103
0.263111
0.263120
0.263128
0.263137
0.263145
0.263154
0.263162
0.263171
0.263179
0.263188
0.263196
0.263205
0.263213
0.263222
0.263231
0.263239
0.263248
0.263256
0.263265
0.263273
0.263282
0.263290
0.263299
0.263307
0.263316
0.263324
0.263333
0.263341
0.263350
0.263359
0.263367
0.263376
0.263384
0.263393
0.263401
0.263410
0.263418
0.263427
0.263435
0.263444
0.263452
0.263461
0.263470
0.263478
0.263487
0.263495
0.263504
0.263512
0.263521
0.263529
0.263538
0.263546
0.263555
0.263564
0.263572
0.263581
0.263589
0.263598
0.263606
0.263615
0.263623
0.263632
0.263640
0.263649
0.263657
0.263666
0.263675
0.263683
0.263692
0.263700
0.263709
0.263717
0.263726
0.263734
0.263743
0.263752
0.263760
0.263769
0.263777
0.263786
0.263794
0.263803
0.263811
0.263820
0.263828
0.263837
0.263846
0.263854
0.263863
0.263871
0.263880
0.263888
0.263897
0.263905
0.263914
0.263922
0.263931
0.263940
0.263948
0.263957
0.263965
0.263974
0.263982
0.263991
0.263999
0.264008
0.264017
0.264025
0.264034
0.264042
0.264051
0.264059
0.264068
0.264076
0.264085
0.264094
0.264102
0.264111
0.264119
0.264128
0.264136
0.264145
0.264154
0.264162
0.264171
0.264179
0.264188
0.264196
0.264205
0.264213
0.264222
0.264231
0.264239
0.264248
0.264256
0.264265
0.264273
0.264282
0.264291
0.264299
0.264308
0.264316
0.264325
0.264333
0.264342
0.264351
0.264359
0.264368
0.264376
0.264385
0.264393
0.264402
0.264410
0.264419
0.264428
0.264436
0.264445
0.264453
0.264462
0.264470
0.264479
0.264488
0.264496
0.264505
0.264513
0.264522
0.264530
0.264539
0.264548
0.264556
0.264565
0.264573
0.264582
0.264590
0.264599
0.264608
0.264616
0.264625
0.264633
0.264642
0.264650
0.264659
0.264668
0.264676
0.264685
0.264693
0.264702
0.264710
0.264719
0.264728
0.264736
0.264745
0.264753
0.264762
0.264771
0.264779
0.264788
0.264796
0.264805
0.264813
0.264822
0.264831
0.264839
0.264848
0.264856
0.264865
0.264873
0.264882
0.264891
0.264899
0.264908
0.264916
0.264925
0.264934
0.264942
0.264951
0.264959
0.264968
0.264976
0.264985
0.264994
0.265002
0.265011
0.265019
0.265028
0.265037
0.265045
0.265054
0.265062
0.265071
0.265080
0.265088
0.265097
0.265105
0.265114
0.265122
0.265131
0.265140
0.265148
0.265157
0.265165
0.265174
0.265183
0.265191
0.265200
0.265208
0.265217
0.265226
0.265234
0.265243
0.265251
0.265260
0.265269
0.265277
0.265286
0.265294
0.265303
0.265312
0.265320
0.265329
0.265337
0.265346
0.265354
0.265363
0.265372
0.265380
0.265389
0.265397
0.265406
0.265415
0.265423
0.265432
0.265440
0.265449
0.265458
0.265466
0.265475
0.265483
0.265492
0.265501
0.265509
0.265518
0.265526
0.265535
0.265544
0.265552
0.265561
0.265569
0.265578
0.265587
0.265595
0.265604
0.265612
0.265621
0.265630
0.265638
0.265647
0.265655
0.265664
0.265673
0.265681
0.265690
0.265699
0.265707
0.265716
0.265724
0.265733
0.265742
0.265750
0.265759
0.265767
0.265776
0.265785
0.265793
0.265802
0.265810
0.265819
0.265828
0.265836
0.265845
0.265854
0.265862
0.265871
0.265879
0.265888
0.265897
0.265905
0.265914
0.265922
0.265931
0.265940
0.265948
0.265957
0.265965
0.265974
0.265983
0.265991
0.266000
0.266009
0.266017
0.266026
0.266034
0.266043
0.266052
0.266060
0.266069
0.266077
0.266086
0.266095
0.266103
0.266112
0.266121
0.266129
0.266138
0.266146
0.266155
0.266164
0.266172
0.266181
0.266190
0.266198
0.266207
0.266215
0.266224
0.266233
0.266241
0.266250
0.266259
0.266267
0.266276
0.266284
0.266293
0.266302
0.266310
0.266319
0.266328
0.266336
0.266345
0.266353
0.266362
0.266371
0.266379
0.266388
0.266397
0.266405
0.266414
0.266422
0.266431
0.266440
0.266448
0.266457
0.266466
0.266474
0.266483
0.266491
0.266500
0.266509
0.266517
0.266526
0.266535
0.266543
0.266552
0.266561
0.266569
0.266578
0.266586
0.266595
0.266604
0.266612
0.266621
0.266630
0.266638
0.266647
0.266655
0.266664
0.266673
0.266681
0.266690
0.266699
0.266707
0.266716
0.266725
0.266733
0.266742
0.266751
0.266759
0.266768
0.266776
0.266785
0.266794
0.266802
0.266811
0.266820
0.266828
0.266837
0.266846
0.266854
0.266863
0.266871
0.266880
0.266889
0.266897
0.266906
0.266915
0.266923
0.266932
0.266941
0.266949
0.266958
0.266967
0.266975
0.266984
0.266992
0.267001
0.267010
0.267018
0.267027
0.267036
0.267044
0.267053
0.267062
0.267070
0.267079
0.267088
0.267096
0.267105
0.267114
0.267122
0.267131
0.267139
0.267148
0.267157
0.267165
0.267174
0.267183
0.267191
0.267200
0.267209
0.267217
0.267226
0.267235
0.267243
0.267252
0.267261
0.267269
0.267278
0.267287
0.267295
0.267304
0.267313
0.267321
0.267330
0.267339
0.267347
0.267356
0.267364
0.267373
0.267382
0.267390
0.267399
0.267408
0.267416
0.267425
0.267434
0.267442
0.267451
0.267460
0.267468
0.267477
0.267486
0.267494
0.267503
0.267512
0.267520
0.267529
0.267538
0.267546
0.267555
0.267564
0.267572
0.267581
0.267590
0.267598
0.267607
0.267616
0.267624
0.267633
0.267642
0.267650
0.267659
0.267668
0.267676
0.267685
0.267694
0.267702
0.267711
0.267720
0.267728
0.267737
0.267746
0.267754
0.267763
0.267772
0.267780
0.267789
0.267798
0.267806
0.267815
0.267824
0.267832
0.267841
0.267850
0.267858
0.267867
0.267876
0.267884
0.267893
0.267902
0.267910
0.267919
0.267928
0.267936
0.267945
0.267954
0.267962
0.267971
0.267980
0.267988
0.267997
0.268006
0.268014
0.268023
0.268032
0.268041
0.268049
0.268058
0.268067
0.268075
0.268084
0.268093
0.268101
0.268110
0.268119
0.268127
0.268136
0.268145
0.268153
0.268162
0.268171
0.268179
0.268188
0.268197
0.268205
0.268214
0.268223
0.268232
0.268240
0.268249
0.268258
0.268266
0.268275
0.268284
0.268292
0.268301
0.268310
0.268318
0.268327
0.268336
0.268344
0.268353
0.268362
0.268370
0.268379
0.268388
0.268397
0.268405
0.268414
0.268423
0.268431
0.268440
0.268449
0.268457
0.268466
0.268475
0.268483
0.268492
0.268501
0.268510
0.268518
0.268527
0.268536
0.268544
0.268553
0.268562
0.268570
0.268579
0.268588
0.268596
0.268605
0.268614
0.268623
0.268631
0.268640
0.268649
0.268657
0.268666
0.268675
0.268683
0.268692
0.268701
0.268709
0.268718
0.268727
0.268736
0.268744
0.268753
0.268762
0.268770
0.268779
0.268788
0.268796
0.268805
0.268814
0.268823
0.268831
0.268840
0.268849
0.268857
0.268866
0.268875
0.268883
0.268892
0.268901
0.268910
0.268918
0.268927
0.268936
0.268944
0.268953
0.268962
0.268971
0.268979
0.268988
0.268997
0.269005
0.269014
0.269023
0.269031
0.269040
0.269049
0.269058
0.269066
0.269075
0.269084
0.269092
0.269101
0.269110
0.269119
0.269127
0.269136
0.269145
0.269153
0.269162
0.269171
0.269180
0.269188
0.269197
0.269206
0.269214
0.269223
0.269232
0.269241
0.269249
0.269258
0.269267
0.269275
0.269284
0.269293
0.269302
0.269310
0.269319
0.269328
0.269336
0.269345
0.269354
0.269363
0.269371
0.269380
0.269389
0.269397
0.269406
0.269415
0.269424
0.269432
0.269441
0.269450
0.269458
0.269467
0.269476
0.269485
0.269493
0.269502
0.269511
0.269520
0.269528
0.269537
0.269546
0.269554
0.269563
0.269572
0.269581
0.269589
0.269598
0.269607
0.269615
0.269624
0.269633
0.269642
0.269650
0.269659
0.269668
0.269677
0.269685
0.269694
0.269703
0.269711
0.269720
0.269729
0.269738
0.269746
0.269755
0.269764
0.269773
0.269781
0.269790
0.269799
0.269807
0.269816
0.269825
0.269834
0.269842
0.269851
0.269860
0.269869
0.269877
0.269886
0.269895
0.269904
0.269912
0.269921
0.269930
0.269938
0.269947
0.269956
0.269965
0.269973
0.269982
0.269991
0.270000
0.270008
0.270017
0.270026
0.270035
0.270043
0.270052
0.270061
0.270070
0.270078
0.270087
0.270096
0.270104
0.270113
0.270122
0.270131
0.270139
0.270148
0.270157
0.270166
0.270174
0.270183
0.270192
0.270201
0.270209
0.270218
0.270227
0.270236
0.270244
0.270253
0.270262
0.270271
0.270279
0.270288
0.270297
0.270306
0.270314
0.270323
0.270332
0.270341
0.270349
0.270358
0.270367
0.270376
0.270384
0.270393
0.270402
0.270411
0.270419
0.270428
0.270437
0.270446
0.270454
0.270463
0.270472
0.270481
0.270489
0.270498
0.270507
0.270516
0.270524
0.270533
0.270542
0.270551
0.270559
0.270568
0.270577
0.270586
0.270594
0.270603
0.270612
0.270621
0.270629
0.270638
0.270647
0.270656
0.270664
0.270673
0.270682
0.270691
0.270699
0.270708
0.270717
0.270726
0.270734
0.270743
0.270752
0.270761
0.270769
0.270778
0.270787
0.270796
0.270805
0.270813
0.270822
0.270831
0.270840
0.270848
0.270857
0.270866
0.270875
0.270883
0.270892
0.270901
0.270910
0.270918
0.270927
0.270936
0.270945
0.270953
0.270962
0.270971
0.270980
0.270989
0.270997
0.271006
0.271015
0.271024
0.271032
0.271041
0.271050
0.271059
0.271067
0.271076
0.271085
0.271094
0.271103
0.271111
0.271120
0.271129
0.271138
0.271146
0.271155
0.271164
0.271173
0.271182
0.271190
0.271199
0.271208
0.271217
0.271225
0.271234
0.271243
0.271252
0.271260
0.271269
0.271278
0.271287
0.271296
0.271304
0.271313
0.271322
0.271331
0.271339
0.271348
0.271357
0.271366
0.271375
0.271383
0.271392
0.271401
0.271410
0.271418
0.271427
0.271436
0.271445
0.271454
0.271462
0.271471
0.271480
0.271489
0.271497
0.271506
0.271515
0.271524
0.271533
0.271541
0.271550
0.271559
0.271568
0.271576
0.271585
0.271594
0.271603
0.271612
0.271620
0.271629
0.271638
0.271647
0.271656
0.271664
0.271673
0.271682
0.271691
0.271700
0.271708
0.271717
0.271726
0.271735
0.271743
0.271752
0.271761
0.271770
0.271779
0.271787
0.271796
0.271805
0.271814
0.271823
0.271831
0.271840
0.271849
0.271858
0.271867
0.271875
0.271884
0.271893
0.271902
0.271911
0.271919
0.271928
0.271937
0.271946
0.271954
0.271963
0.271972
0.271981
0.271990
0.271998
0.272007
0.272016
0.272025
0.272034
0.272042
0.272051
0.272060
0.272069
0.272078
0.272086
0.272095
0.272104
0.272113
0.272122
0.272130
0.272139
0.272148
0.272157
0.272166
0.272174
0.272183
0.272192
0.272201
0.272210
0.272218
0.272227
0.272236
0.272245
0.272254
0.272262
0.272271
0.272280
0.272289
0.272298
0.272306
0.272315
0.272324
0.272333
0.272342
0.272351
0.272359
0.272368
0.272377
0.272386
0.272395
0.272403
0.272412
0.272421
0.272430
0.272439
0.272447
0.272456
0.272465
0.272474
0.272483
0.272492
0.272500
0.272509
0.272518
0.272527
0.272536
0.272544
0.272553
0.272562
0.272571
0.272580
0.272588
0.272597
0.272606
0.272615
0.272624
0.272633
0.272641
0.272650
0.272659
0.272668
0.272677
0.272685
0.272694
0.272703
0.272712
0.272721
0.272729
0.272738
0.272747
0.272756
0.272765
0.272774
0.272782
0.272791
0.272800
0.272809
0.272818
0.272827
0.272835
0.272844
0.272853
0.272862
0.272871
0.272879
0.272888
0.272897
0.272906
0.272915
0.272924
0.272932
0.272941
0.272950
0.272959
0.272968
0.272977
0.272985
0.272994
0.273003
0.273012
0.273021
0.273030
0.273038
0.273047
0.273056
0.273065
0.273074
0.273082
0.273091
0.273100
0.273109
0.273118
0.273127
0.273135
0.273144
0.273153
0.273162
0.273171
0.273180
0.273188
0.273197
0.273206
0.273215
0.273224
0.273233
0.273241
0.273250
0.273259
0.273268
0.273277
0.273286
0.273294
0.273303
0.273312
0.273321
0.273330
0.273339
0.273348
0.273356
0.273365
0.273374
0.273383
0.273392
0.273401
0.273409
0.273418
0.273427
0.273436
0.273445
0.273454
0.273462
0.273471
0.273480
0.273489
0.273498
0.273507
0.273515
0.273524
0.273533
0.273542
0.273551
0.273560
0.273569
0.273577
0.273586
0.273595
0.273604
0.273613
0.273622
0.273630
0.273639
0.273648
0.273657
0.273666
0.273675
0.273684
0.273692
0.273701
0.273710
0.273719
0.273728
0.273737
0.273745
0.273754
0.273763
0.273772
0.273781
0.273790
0.273799
0.273807
0.273816
0.273825
0.273834
0.273843
0.273852
0.273861
0.273869
0.273878
0.273887
0.273896
0.273905
0.273914
0.273922
0.273931
0.273940
0.273949
0.273958
0.273967
0.273976
0.273984
0.273993
0.274002
0.274011
0.274020
0.274029
0.274038
0.274047
0.274055
0.274064
0.274073
0.274082
0.274091
0.274100
0.274109
0.274117
0.274126
0.274135
0.274144
0.274153
0.274162
0.274171
0.274179
0.274188
0.274197
0.274206
0.274215
0.274224
0.274233
0.274241
0.274250
0.274259
0.274268
0.274277
0.274286
0.274295
0.274304
0.274312
0.274321
0.274330
0.274339
0.274348
0.274357
0.274366
0.274374
0.274383
0.274392
0.274401
0.274410
0.274419
0.274428
0.274437
0.274445
0.274454
0.274463
0.274472
0.274481
0.274490
0.274499
0.274508
0.274516
0.274525
0.274534
0.274543
0.274552
0.274561
0.274570
0.274579
0.274587
0.274596
0.274605
0.274614
0.274623
0.274632
0.274641
0.274649
0.274658
0.274667
0.274676
0.274685
0.274694
0.274703
0.274712
0.274721
0.274729
0.274738
0.274747
0.274756
0.274765
0.274774
0.274783
0.274792
0.274800
0.274809
0.274818
0.274827
0.274836
0.274845
0.274854
0.274863
0.274872
0.274880
0.274889
0.274898
0.274907
0.274916
0.274925
0.274934
0.274943
0.274951
0.274960
0.274969
0.274978
0.274987
0.274996
0.275005
0.275014
0.275023
0.275031
0.275040
0.275049
0.275058
0.275067
0.275076
0.275085
0.275094
0.275103
0.275111
0.275120
0.275129
0.275138
0.275147
0.275156
0.275165
0.275174
0.275183
0.275191
0.275200
0.275209
0.275218
0.275227
0.275236
0.275245
0.275254
0.275263
0.275272
0.275280
0.275289
0.275298
0.275307
0.275316
0.275325
0.275334
0.275343
0.275352
0.275361
0.275369
0.275378
0.275387
0.275396
0.275405
0.275414
0.275423
0.275432
0.275441
0.275449
0.275458
0.275467
0.275476
0.275485
0.275494
0.275503
0.275512
0.275521
0.275530
0.275539
0.275547
0.275556
0.275565
0.275574
0.275583
0.275592
0.275601
0.275610
0.275619
0.275628
0.275636
0.275645
0.275654
0.275663
0.275672
0.275681
0.275690
0.275699
0.275708
0.275717
0.275726
0.275734
0.275743
0.275752
0.275761
0.275770
0.275779
0.275788
0.275797
0.275806
0.275815
0.275824
0.275832
0.275841
0.275850
0.275859
0.275868
0.275877
0.275886
0.275895
0.275904
0.275913
0.275922
0.275931
0.275939
0.275948
0.275957
0.275966
0.275975
0.275984
0.275993
0.276002
0.276011
0.276020
0.276029
0.276038
0.276046
0.276055
0.276064
0.276073
0.276082
0.276091
0.276100
0.276109
0.276118
0.276127
0.276136
0.276145
0.276154
0.276162
0.276171
0.276180
0.276189
0.276198
0.276207
0.276216
0.276225
0.276234
0.276243
0.276252
0.276261
0.276270
0.276278
0.276287
0.276296
0.276305
0.276314
0.276323
0.276332
0.276341
0.276350
0.276359
0.276368
0.276377
0.276386
0.276394
0.276403
0.276412
0.276421
0.276430
0.276439
0.276448
0.276457
0.276466
0.276475
0.276484
0.276493
0.276502
0.276511
0.276520
0.276528
0.276537
0.276546
0.276555
0.276564
0.276573
0.276582
0.276591
0.276600
0.276609
0.276618
0.276627
0.276636
0.276645
0.276654
0.276663
0.276671
0.276680
0.276689
0.276698
0.276707
0.276716
0.276725
0.276734
0.276743
0.276752
0.276761
0.276770
0.276779
0.276788
0.276797
0.276806
0.276814
0.276823
0.276832
0.276841
0.276850
0.276859
0.276868
0.276877
0.276886
0.276895
0.276904
0.276913
0.276922
0.276931
0.276940
0.276949
0.276958
0.276967
0.276975
0.276984
0.276993
0.277002
0.277011
0.277020
0.277029
0.277038
0.277047
0.277056
0.277065
0.277074
0.277083
0.277092
0.277101
0.277110
0.277119
0.277128
0.277137
0.277145
0.277154
0.277163
0.277172
0.277181
0.277190
0.277199
0.277208
0.277217
0.277226
0.277235
0.277244
0.277253
0.277262
0.277271
0.277280
0.277289
0.277298
0.277307
0.277316
0.277325
0.277334
0.277343
0.277351
0.277360
0.277369
0.277378
0.277387
0.277396
0.277405
0.277414
0.277423
0.277432
0.277441
0.277450
0.277459
0.277468
0.277477
0.277486
0.277495
0.277504
0.277513
0.277522
0.277531
0.277540
0.277549
0.277558
0.277567
0.277575
0.277584
0.277593
0.277602
0.277611
0.277620
0.277629
0.277638
0.277647
0.277656
0.277665
0.277674
0.277683
0.277692
0.277701
0.277710
0.277719
0.277728
0.277737
0.277746
0.277755
0.277764
0.277773
0.277782
0.277791
0.277800
0.277809
0.277818
0.277827
0.277836
0.277845
0.277854
0.277863
0.277871
0.277880
0.277889
0.277898
0.277907
0.277916
0.277925
0.277934
0.277943
0.277952
0.277961
0.277970
0.277979
0.277988
0.277997
0.278006
0.278015
0.278024
0.278033
0.278042
0.278051
0.278060
0.278069
0.278078
0.278087
0.278096
0.278105
0.278114
0.278123
0.278132
0.278141
0.278150
0.278159
0.278168
0.278177
0.278186
0.278195
0.278204
0.278213
0.278222
0.278231
0.278240
0.278249
0.278258
0.278267
0.278276
0.278285
0.278294
0.278303
0.278312
0.278321
0.278330
0.278338
0.278347
0.278356
0.278365
0.278374
0.278383
0.278392
0.278401
0.278410
0.278419
0.278428
0.278437
0.278446
0.278455
0.278464
0.278473
0.278482
0.278491
0.278500
0.278509
0.278518
0.278527
0.278536
0.278545
0.278554
0.278563
0.278572
0.278581
0.278590
0.278599
0.278608
0.278617
0.278626
0.278635
0.278644
0.278653
0.278662
0.278671
0.278680
0.278689
0.278698
0.278707
0.278716
0.278725
0.278734
0.278743
0.278752
0.278761
0.278770
0.278779
0.278788
0.278797
0.278806
0.278815
0.278824
0.278833
0.278842
0.278851
0.278860
0.278869
0.278878
0.278887
0.278896
0.278905
0.278914
0.278923
0.278932
0.278941
0.278950
0.278959
0.278968
0.278977
0.278986
0.278995
0.279004
0.279013
0.279022
0.279031
0.279040
0.279049
0.279058
0.279067
0.279076
0.279085
0.279094
0.279103
0.279112
0.279121
0.279130
0.279139
0.279148
0.279157
0.279166
0.279176
0.279185
0.279194
0.279203
0.279212
0.279221
0.279230
0.279239
0.279248
0.279257
0.279266
0.279275
0.279284
0.279293
0.279302
0.279311
0.279320
0.279329
0.279338
0.279347
0.279356
0.279365
0.279374
0.279383
0.279392
0.279401
0.279410
0.279419
0.279428
0.279437
0.279446
0.279455
0.279464
0.279473
0.279482
0.279491
0.279500
0.279509
0.279518
0.279527
0.279536
0.279545
0.279554
0.279563
0.279572
0.279581
0.279590
0.279599
0.279608
0.279617
0.279627
0.279636
0.279645
0.279654
0.279663
0.279672
0.279681
0.279690
0.279699
0.279708
0.279717
0.279726
0.279735
0.279744
0.279753
0.279762
0.279771
0.279780
0.279789
0.279798
0.279807
0.279816
0.279825
0.279834
0.279843
0.279852
0.279861
0.279870
0.279879
0.279888
0.279897
0.279906
0.279915
0.279925
0.279934
0.279943
0.279952
0.279961
0.279970
0.279979
0.279988
0.279997
0.280006
0.280015
0.280024
0.280033
0.280042
0.280051
0.280060
0.280069
0.280078
0.280087
0.280096
0.280105
0.280114
0.280123
0.280132
0.280141
0.280150
0.280160
0.280169
0.280178
0.280187
0.280196
0.280205
0.280214
0.280223
0.280232
0.280241
0.280250
0.280259
0.280268
0.280277
0.280286
0.280295
0.280304
0.280313
0.280322
0.280331
0.280340
0.280349
0.280359
0.280368
0.280377
0.280386
0.280395
0.280404
0.280413
0.280422
0.280431
0.280440
0.280449
0.280458
0.280467
0.280476
0.280485
0.280494
0.280503
0.280512
0.280521
0.280531
0.280540
0.280549
0.280558
0.280567
0.280576
0.280585
0.280594
0.280603
0.280612
0.280621
0.280630
0.280639
0.280648
0.280657
0.280666
0.280675
0.280684
0.280693
0.280703
0.280712
0.280721
0.280730
0.280739
0.280748
0.280757
0.280766
0.280775
0.280784
0.280793
0.280802
0.280811
0.280820
0.280829
0.280838
0.280848
0.280857
0.280866
0.280875
0.280884
0.280893
0.280902
0.280911
0.280920
0.280929
0.280938
0.280947
0.280956
0.280965
0.280974
0.280984
0.280993
0.281002
0.281011
0.281020
0.281029
0.281038
0.281047
0.281056
0.281065
0.281074
0.281083
0.281092
0.281101
0.281110
0.281120
0.281129
0.281138
0.281147
0.281156
0.281165
0.281174
0.281183
0.281192
0.281201
0.281210
0.281219
0.281228
0.281237
0.281247
0.281256
0.281265
0.281274
0.281283
0.281292
0.281301
0.281310
0.281319
0.281328
0.281337
0.281346
0.281355
0.281365
0.281374
0.281383
0.281392
0.281401
0.281410
0.281419
0.281428
0.281437
0.281446
0.281455
0.281464
0.281474
0.281483
0.281492
0.281501
0.281510
0.281519
0.281528
0.281537
0.281546
0.281555
0.281564
0.281573
0.281583
0.281592
0.281601
0.281610
0.281619
0.281628
0.281637
0.281646
0.281655
0.281664
0.281673
0.281682
0.281692
0.281701
0.281710
0.281719
0.281728
0.281737
0.281746
0.281755
0.281764
0.281773
0.281782
0.281792
0.281801
0.281810
0.281819
0.281828
0.281837
0.281846
0.281855
0.281864
0.281873
0.281882
0.281892
0.281901
0.281910
0.281919
0.281928
0.281937
0.281946
0.281955
0.281964
0.281973
0.281983
0.281992
0.282001
0.282010
0.282019
0.282028
0.282037
0.282046
0.282055
0.282064
0.282074
0.282083
0.282092
0.282101
0.282110
0.282119
0.282128
0.282137
0.282146
0.282155
0.282165
0.282174
0.282183
0.282192
0.282201
0.282210
0.282219
0.282228
0.282237
0.282246
0.282256
0.282265
0.282274
0.282283
0.282292
0.282301
0.282310
0.282319
0.282328
0.282338
0.282347
0.282356
0.282365
0.282374
0.282383
0.282392
0.282401
0.282410
0.282419
0.282429
0.282438
0.282447
0.282456
0.282465
0.282474
0.282483
0.282492
0.282501
0.282511
0.282520
0.282529
0.282538
0.282547
0.282556
0.282565
0.282574
0.282584
0.282593
0.282602
0.282611
0.282620
0.282629
0.282638
0.282647
0.282656
0.282666
0.282675
0.282684
0.282693
0.282702
0.282711
0.282720
0.282729
0.282739
0.282748
0.282757
0.282766
0.282775
0.282784
0.282793
0.282802
0.282811
0.282821
0.282830
0.282839
0.282848
0.282857
0.282866
0.282875
0.282884
0.282894
0.282903
0.282912
0.282921
0.282930
0.282939
0.282948
0.282957
0.282967
0.282976
0.282985
0.282994
0.283003
0.283012
0.283021
0.283031
0.283040
0.283049
0.283058
0.283067
0.283076
0.283085
0.283094
0.283104
0.283113
0.283122
0.283131
0.283140
0.283149
0.283158
0.283167
0.283177
0.283186
0.283195
0.283204
0.283213
0.283222
0.283231
0.283241
0.283250
0.283259
0.283268
0.283277
0.283286
0.283295
0.283304
0.283314
0.283323
0.283332
0.283341
0.283350
0.283359
0.283368
0.283378
0.283387
0.283396
0.283405
0.283414
0.283423
0.283432
0.283442
0.283451
0.283460
0.283469
0.283478
0.283487
0.283496
0.283506
0.283515
0.283524
0.283533
0.283542
0.283551
0.283560
0.283570
0.283579
0.283588
0.283597
0.283606
0.283615
0.283624
0.283634
0.283643
0.283652
0.283661
0.283670
0.283679
0.283688
0.283698
0.283707
0.283716
0.283725
0.283734
0.283743
0.283752
0.283762
0.283771
0.283780
0.283789
0.283798
0.283807
0.283817
0.283826
0.283835
0.283844
0.283853
0.283862
0.283871
0.283881
0.283890
0.283899
0.283908
0.283917
0.283926
0.283936
0.283945
0.283954
0.283963
0.283972
0.283981
0.283990
0.284000
0.284009
0.284018
0.284027
0.284036
0.284045
0.284055
0.284064
0.284073
0.284082
0.284091
0.284100
0.284110
0.284119
0.284128
0.284137
0.284146
0.284155
0.284165
0.284174
0.284183
0.284192
0.284201
0.284210
0.284220
0.284229
0.284238
0.284247
0.284256
0.284265
0.284274
0.284284
0.284293
0.284302
0.284311
0.284320
0.284330
0.284339
0.284348
0.284357
0.284366
0.284375
0.284385
0.284394
0.284403
0.284412
0.284421
0.284430
0.284440
0.284449
0.284458
0.284467
0.284476
0.284485
0.284495
0.284504
0.284513
0.284522
0.284531
0.284540
0.284550
0.284559
0.284568
0.284577
0.284586
0.284595
0.284605
0.284614
0.284623
0.284632
0.284641
0.284651
0.284660
0.284669
0.284678
0.284687
0.284696
0.284706
0.284715
0.284724
0.284733
0.284742
0.284752
0.284761
0.284770
0.284779
0.284788
0.284797
0.284807
0.284816
0.284825
0.284834
0.284843
0.284853
0.284862
0.284871
0.284880
0.284889
0.284898
0.284908
0.284917
0.284926
0.284935
0.284944
0.284954
0.284963
0.284972
0.284981
0.284990
0.284999
0.285009
0.285018
0.285027
0.285036
0.285045
0.285055
0.285064
0.285073
0.285082
0.285091
0.285101
0.285110
0.285119
0.285128
0.285137
0.285147
0.285156
0.285165
0.285174
0.285183
0.285192
0.285202
0.285211
0.285220
0.285229
0.285238
0.285248
0.285257
0.285266
0.285275
0.285284
0.285294
0.285303
0.285312
0.285321
0.285330
0.285340
0.285349
0.285358
0.285367
0.285376
0.285386
0.285395
0.285404
0.285413
0.285422
0.285432
0.285441
0.285450
0.285459
0.285468
0.285478
0.285487
0.285496
0.285505
0.285514
0.285524
0.285533
0.285542
0.285551
0.285560
0.285570
0.285579
0.285588
0.285597
0.285606
0.285616
0.285625
0.285634
0.285643
0.285652
0.285662
0.285671
0.285680
0.285689
0.285698
0.285708
0.285717
0.285726
0.285735
0.285745
0.285754
0.285763
0.285772
0.285781
0.285791
0.285800
0.285809
0.285818
0.285827
0.285837
0.285846
0.285855
0.285864
0.285874
0.285883
0.285892
0.285901
0.285910
0.285920
0.285929
0.285938
0.285947
0.285956
0.285966
0.285975
0.285984
0.285993
0.286003
0.286012
0.286021
0.286030
0.286039
0.286049
0.286058
0.286067
0.286076
0.286086
0.286095
0.286104
0.286113
0.286122
0.286132
0.286141
0.286150
0.286159
0.286168
0.286178
0.286187
0.286196
0.286205
0.286215
0.286224
0.286233
0.286242
0.286251
0.286261
0.286270
0.286279
0.286288
0.286298
0.286307
0.286316
0.286325
0.286335
0.286344
0.286353
0.286362
0.286371
0.286381
0.286390
0.286399
0.286408
0.286418
0.286427
0.286436
0.286445
0.286454
0.286464
0.286473
0.286482
0.286491
0.286501
0.286510
0.286519
0.286528
0.286538
0.286547
0.286556
0.286565
0.286575
0.286584
0.286593
0.286602
0.286611
0.286621
0.286630
0.286639
0.286648
0.286658
0.286667
0.286676
0.286685
0.286695
0.286704
0.286713
0.286722
0.286732
0.286741
0.286750
0.286759
0.286769
0.286778
0.286787
0.286796
0.286805
0.286815
0.286824
0.286833
0.286842
0.286852
0.286861
0.286870
0.286879
0.286889
0.286898
0.286907
0.286916
0.286926
0.286935
0.286944
0.286953
0.286963
0.286972
0.286981
0.286990
0.287000
0.287009
0.287018
0.287027
0.287037
0.287046
0.287055
0.287064
0.287074
0.287083
0.287092
0.287101
0.287111
0.287120
0.287129
0.287138
0.287148
0.287157
0.287166
0.287175
0.287185
0.287194
0.287203
0.287212
0.287222
0.287231
0.287240
0.287249
0.287259
0.287268
0.287277
0.287286
0.287296
0.287305
0.287314
0.287323
0.287333
0.287342
0.287351
0.287360
0.287370
0.287379
0.287388
0.287398
0.287407
0.287416
0.287425
0.287435
0.287444
0.287453
0.287462
0.287472
0.287481
0.287490
0.287499
0.287509
0.287518
0.287527
0.287536
0.287546
0.287555
0.287564
0.287573
0.287583
0.287592
0.287601
0.287611
0.287620
0.287629
0.287638
0.287648
0.287657
0.287666
0.287675
0.287685
0.287694
0.287703
0.287712
0.287722
0.287731
0.287740
0.287750
0.287759
0.287768
0.287777
0.287787
0.287796
0.287805
0.287814
0.287824
0.287833
0.287842
0.287852
0.287861
0.287870
0.287879
0.287889
0.287898
0.287907
0.287916
0.287926
0.287935
0.287944
0.287954
0.287963
0.287972
0.287981
0.287991
0.288000
0.288009
0.288018
0.288028
0.288037
0.288046
0.288056
0.288065
0.288074
0.288083
0.288093
0.288102
0.288111
0.288121
0.288130
0.288139
0.288148
0.288158
0.288167
0.288176
0.288186
0.288195
0.288204
0.288213
0.288223
0.288232
0.288241
0.288251
0.288260
0.288269
0.288278
0.288288
0.288297
0.288306
0.288316
0.288325
0.288334
0.288343
0.288353
0.288362
0.288371
0.288381
0.288390
0.288399
0.288408
0.288418
0.288427
0.288436
0.288446
0.288455
0.288464
0.288473
0.288483
0.288492
0.288501
0.288511
0.288520
0.288529
0.288538
0.288548
0.288557
0.288566
0.288576
0.288585
0.288594
0.288604
0.288613
0.288622
0.288631
0.288641
0.288650
0.288659
0.288669
0.288678
0.288687
0.288696
0.288706
0.288715
0.288724
0.288734
0.288743
0.288752
0.288762
0.288771
0.288780
0.288790
0.288799
0.288808
0.288817
0.288827
0.288836
0.288845
0.288855
0.288864
0.288873
0.288883
0.288892
0.288901
0.288910
0.288920
0.288929
0.288938
0.288948
0.288957
0.288966
0.288976
0.288985
0.288994
0.289003
0.289013
0.289022
0.289031
0.289041
0.289050
0.289059
0.289069
0.289078
0.289087
0.289097
0.289106
0.289115
0.289124
0.289134
0.289143
0.289152
0.289162
0.289171
0.289180
0.289190
0.289199
0.289208
0.289218
0.289227
0.289236
0.289246
0.289255
0.289264
0.289274
0.289283
0.289292
0.289301
0.289311
0.289320
0.289329
0.289339
0.289348
0.289357
0.289367
0.289376
0.289385
0.289395
0.289404
0.289413
0.289423
0.289432
0.289441
0.289451
0.289460
0.289469
0.289479
0.289488
0.289497
0.289506
0.289516
0.289525
0.289534
0.289544
0.289553
0.289562
0.289572
0.289581
0.289590
0.289600
0.289609
0.289618
0.289628
0.289637
0.289646
0.289656
0.289665
0.289674
0.289684
0.289693
0.289702
0.289712
0.289721
0.289730
0.289740
0.289749
0.289758
0.289768
0.289777
0.289786
0.289796
0.289805
0.289814
0.289824
0.289833
0.289842
0.289852
0.289861
0.289870
0.289880
0.289889
0.289898
0.289908
0.289917
0.289926
0.289936
0.289945
0.289954
0.289964
0.289973
0.289982
0.289992
0.290001
0.290010
0.290020
0.290029
0.290038
0.290048
0.290057
0.290066
0.290076
0.290085
0.290094
0.290104
0.290113
0.290122
0.290132
0.290141
0.290150
0.290160
0.290169
0.290178
0.290188
0.290197
0.290206
0.290216
0.290225
0.290234
0.290244
0.290253
0.290262
0.290272
0.290281
0.290291
0.290300
0.290309
0.290319
0.290328
0.290337
0.290347
0.290356
0.290365
0.290375
0.290384
0.290393
0.290403
0.290412
0.290421
0.290431
0.290440
0.290449
0.290459
0.290468
0.290477
0.290487
0.290496
0.290506
0.290515
0.290524
0.290534
0.290543
0.290552
0.290562
0.290571
0.290580
0.290590
0.290599
0.290608
0.290618
0.290627
0.290636
0.290646
0.290655
0.290665
0.290674
0.290683
0.290693
0.290702
0.290711
0.290721
0.290730
0.290739
0.290749
0.290758
0.290768
0.290777
0.290786
0.290796
0.290805
0.290814
0.290824
0.290833
0.290842
0.290852
0.290861
0.290870
0.290880
0.290889
0.290899
0.290908
0.290917
0.290927
0.290936
0.290945
0.290955
0.290964
0.290974
0.290983
0.290992
0.291002
0.291011
0.291020
0.291030
0.291039
0.291048
0.291058
0.291067
0.291077
0.291086
0.291095
0.291105
0.291114
0.291123
0.291133
0.291142
0.291151
0.291161
0.291170
0.291180
0.291189
0.291198
0.291208
0.291217
0.291226
0.291236
0.291245
0.291255
0.291264
0.291273
0.291283
0.291292
0.291301
0.291311
0.291320
0.291330
0.291339
0.291348
0.291358
0.291367
0.291376
0.291386
0.291395
0.291405
0.291414
0.291423
0.291433
0.291442
0.291452
0.291461
0.291470
0.291480
0.291489
0.291498
0.291508
0.291517
0.291527
0.291536
0.291545
0.291555
0.291564
0.291573
0.291583
0.291592
0.291602
0.291611
0.291620
0.291630
0.291639
0.291649
0.291658
0.291667
0.291677
0.291686
0.291695
0.291705
0.291714
0.291724
0.291733
0.291742
0.291752
0.291761
0.291771
0.291780
0.291789
0.291799
0.291808
0.291818
0.291827
0.291836
0.291846
0.291855
0.291865
0.291874
0.291883
0.291893
0.291902
0.291911
0.291921
0.291930
0.291940
0.291949
0.291958
0.291968
0.291977
0.291987
0.291996
0.292005
0.292015
0.292024
0.292034
0.292043
0.292052
0.292062
0.292071
0.292081
0.292090
0.292099
0.292109
0.292118
0.292128
0.292137
0.292146
0.292156
0.292165
0.292175
0.292184
0.292193
0.292203
0.292212
0.292222
0.292231
0.292240
0.292250
0.292259
0.292269
0.292278
0.292287
0.292297
0.292306
0.292316
0.292325
0.292335
0.292344
0.292353
0.292363
0.292372
0.292382
0.292391
0.292400
0.292410
0.292419
0.292429
0.292438
0.292447
0.292457
0.292466
0.292476
0.292485
0.292494
0.292504
0.292513
0.292523
0.292532
0.292542
0.292551
0.292560
0.292570
0.292579
0.292589
0.292598
0.292607
0.292617
0.292626
0.292636
0.292645
0.292654
0.292664
0.292673
0.292683
0.292692
0.292702
0.292711
0.292720
0.292730
0.292739
0.292749
0.292758
0.292767
0.292777
0.292786
0.292796
0.292805
0.292815
0.292824
0.292833
0.292843
0.292852
0.292862
0.292871
0.292881
0.292890
0.292899
0.292909
0.292918
0.292928
0.292937
0.292947
0.292956
0.292965
0.292975
0.292984
0.292994
0.293003
0.293012
0.293022
0.293031
0.293041
0.293050
0.293060
0.293069
0.293079
0.293088
0.293097
0.293107
0.293116
0.293126
0.293135
0.293145
0.293154
0.293163
0.293173
0.293182
0.293192
0.293201
0.293211
0.293220
0.293229
0.293239
0.293248
0.293258
0.293267
0.293277
0.293286
0.293295
0.293305
0.293314
0.293324
0.293333
0.293343
0.293352
0.293361
0.293371
0.293380
0.293390
0.293399
0.293409
0.293418
0.293428
0.293437
0.293446
0.293456
0.293465
0.293475
0.293484
0.293494
0.293503
0.293513
0.293522
0.293531
0.293541
0.293550
0.293560
0.293569
0.293579
0.293588
0.293598
0.293607
0.293616
0.293626
0.293635
0.293645
0.293654
0.293664
0.293673
0.293683
0.293692
0.293701
0.293711
0.293720
0.293730
0.293739
0.293749
0.293758
0.293768
0.293777
0.293786
0.293796
0.293805
0.293815
0.293824
0.293834
0.293843
0.293853
0.293862
0.293871
0.293881
0.293890
0.293900
0.293909
0.293919
0.293928
0.293938
0.293947
0.293957
0.293966
0.293975
0.293985
0.293994
0.294004
0.294013
0.294023
0.294032
0.294042
0.294051
0.294061
0.294070
0.294080
0.294089
0.294098
0.294108
0.294117
0.294127
0.294136
0.294146
0.294155
0.294165
0.294174
0.294184
0.294193
0.294203
0.294212
0.294221
0.294231
0.294240
0.294250
0.294259
0.294269
0.294278
0.294288
0.294297
0.294307
0.294316
0.294326
0.294335
0.294344
0.294354
0.294363
0.294373
0.294382
0.294392
0.294401
0.294411
0.294420
0.294430
0.294439
0.294449
0.294458
0.294468
0.294477
0.294486
0.294496
0.294505
0.294515
0.294524
0.294534
0.294543
0.294553
0.294562
0.294572
0.294581
0.294591
0.294600
0.294610
0.294619
0.294629
0.294638
0.294648
0.294657
0.294666
0.294676
0.294685
0.294695
0.294704
0.294714
0.294723
0.294733
0.294742
0.294752
0.294761
0.294771
0.294780
0.294790
0.294799
0.294809
0.294818
0.294828
0.294837
0.294847
0.294856
0.294866
0.294875
0.294885
0.294894
0.294903
0.294913
0.294922
0.294932
0.294941
0.294951
0.294960
0.294970
0.294979
0.294989
0.294998
0.295008
0.295017
0.295027
0.295036
0.295046
0.295055
0.295065
0.295074
0.295084
0.295093
0.295103
0.295112
0.295122
0.295131
0.295141
0.295150
0.295160
0.295169
0.295179
0.295188
0.295198
0.295207
0.295217
0.295226
0.295236
0.295245
0.295255
0.295264
0.295274
0.295283
0.295293
0.295302
0.295311
0.295321
0.295330
0.295340
0.295349
0.295359
0.295368
0.295378
0.295387
0.295397
0.295406
0.295416
0.295425
0.295435
0.295444
0.295454
0.295463
0.295473
0.295482
0.295492
0.295501
0.295511
0.295520
0.295530
0.295539
0.295549
0.295558
0.295568
0.295577
0.295587
0.295596
0.295606
0.295616
0.295625
0.295635
0.295644
0.295654
0.295663
0.295673
0.295682
0.295692
0.295701
0.295711
0.295720
0.295730
0.295739
0.295749
0.295758
0.295768
0.295777
0.295787
0.295796
0.295806
0.295815
0.295825
0.295834
0.295844
0.295853
0.295863
0.295872
0.295882
0.295891
0.295901
0.295910
0.295920
0.295929
0.295939
0.295948
0.295958
0.295967
0.295977
0.295986
0.295996
0.296005
0.296015
0.296024
0.296034
0.296043
0.296053
0.296063
0.296072
0.296082
0.296091
0.296101
0.296110
0.296120
0.296129
0.296139
0.296148
0.296158
0.296167
0.296177
0.296186
0.296196
0.296205
0.296215
0.296224
0.296234
0.296243
0.296253
0.296262
0.296272
0.296281
0.296291
0.296301
0.296310
0.296320
0.296329
0.296339
0.296348
0.296358
0.296367
0.296377
0.296386
0.296396
0.296405
0.296415
0.296424
0.296434
0.296443
0.296453
0.296462
0.296472
0.296482
0.296491
0.296501
0.296510
0.296520
0.296529
0.296539
0.296548
0.296558
0.296567
0.296577
0.296586
0.296596
0.296605
0.296615
0.296625
0.296634
0.296644
0.296653
0.296663
0.296672
0.296682
0.296691
0.296701
0.296710
0.296720
0.296729
0.296739
0.296748
0.296758
0.296768
0.296777
0.296787
0.296796
0.296806
0.296815
0.296825
0.296834
0.296844
0.296853
0.296863
0.296873
0.296882
0.296892
0.296901
0.296911
0.296920
0.296930
0.296939
0.296949
0.296958
0.296968
0.296978
0.296987
0.296997
0.297006
0.297016
0.297025
0.297035
0.297044
0.297054
0.297063
0.297073
0.297083
0.297092
0.297102
0.297111
0.297121
0.297130
0.297140
0.297149
0.297159
0.297168
0.297178
0.297188
0.297197
0.297207
0.297216
0.297226
0.297235
0.297245
0.297254
0.297264
0.297274
0.297283
0.297293
0.297302
0.297312
0.297321
0.297331
0.297340
0.297350
0.297359
0.297369
0.297379
0.297388
0.297398
0.297407
0.297417
0.297426
0.297436
0.297446
0.297455
0.297465
0.297474
0.297484
0.297493
0.297503
0.297512
0.297522
0.297532
0.297541
0.297551
0.297560
0.297570
0.297579
0.297589
0.297598
0.297608
0.297618
0.297627
0.297637
0.297646
0.297656
0.297665
0.297675
0.297685
0.297694
0.297704
0.297713
0.297723
0.297732
0.297742
0.297752
0.297761
0.297771
0.297780
0.297790
0.297799
0.297809
0.297819
0.297828
0.297838
0.297847
0.297857
0.297866
0.297876
0.297886
0.297895
0.297905
0.297914
0.297924
0.297933
0.297943
0.297953
0.297962
0.297972
0.297981
0.297991
0.298000
0.298010
0.298020
0.298029
0.298039
0.298048
0.298058
0.298067
0.298077
0.298087
0.298096
0.298106
0.298115
0.298125
0.298134
0.298144
0.298154
0.298163
0.298173
0.298182
0.298192
0.298202
0.298211
0.298221
0.298230
0.298240
0.298249
0.298259
0.298269
0.298278
0.298288
0.298297
0.298307
0.298317
0.298326
0.298336
0.298345
0.298355
0.298364
0.298374
0.298384
0.298393
0.298403
0.298412
0.298422
0.298432
0.298441
0.298451
0.298460
0.298470
0.298480
0.298489
0.298499
0.298508
0.298518
0.298527
0.298537
0.298547
0.298556
0.298566
0.298575
0.298585
0.298595
0.298604
0.298614
0.298623
0.298633
0.298643
0.298652
0.298662
0.298671
0.298681
0.298691
0.298700
0.298710
0.298719
0.298729
0.298739
0.298748
0.298758
0.298767
0.298777
0.298787
0.298796
0.298806
0.298815
0.298825
0.298835
0.298844
0.298854
0.298863
0.298873
0.298883
0.298892
0.298902
0.298911
0.298921
0.298931
0.298940
0.298950
0.298959
0.298969
0.298979
0.298988
0.298998
0.299007
0.299017
0.299027
0.299036
0.299046
0.299055
0.299065
0.299075
0.299084
0.299094
0.299103
0.299113
0.299123
0.299132
0.299142
0.299151
0.299161
0.299171
0.299180
0.299190
0.299200
0.299209
0.299219
0.299228
0.299238
0.299248
0.299257
0.299267
0.299276
0.299286
0.299296
0.299305
0.299315
0.299324
0.299334
0.299344
0.299353
0.299363
0.299373
0.299382
0.299392
0.299401
0.299411
0.299421
0.299430
0.299440
0.299450
0.299459
0.299469
0.299478
0.299488
0.299498
0.299507
0.299517
0.299526
0.299536
0.299546
0.299555
0.299565
0.299575
0.299584
0.299594
0.299603
0.299613
0.299623
0.299632
0.299642
0.299652
0.299661
0.299671
0.299680
0.299690
0.299700
0.299709
0.299719
0.299729
0.299738
0.299748
0.299757
0.299767
0.299777
0.299786
0.299796
0.299806
0.299815
0.299825
0.299834
0.299844
0.299854
0.299863
0.299873
0.299883
0.299892
0.299902
0.299912
0.299921
0.299931
0.299940
0.299950
0.299960
0.299969
0.299979
0.299989
0.299998
0.300008
0.300017
0.300027
0.300037
0.300046
0.300056
0.300066
0.300075
0.300085
0.300095
0.300104
0.300114
0.300123
0.300133
0.300143
0.300152
0.300162
0.300172
0.300181
0.300191
0.300201
0.300210
0.300220
0.300230
0.300239
0.300249
0.300258
0.300268
0.300278
0.300287
0.300297
0.300307
0.300316
0.300326
0.300336
0.300345
0.300355
0.300365
0.300374
0.300384
0.300393
0.300403
0.300413
0.300422
0.300432
0.300442
0.300451
0.300461
0.300471
0.300480
0.300490
0.300500
0.300509
0.300519
0.300529
0.300538
0.300548
0.300558
0.300567
0.300577
0.300586
0.300596
0.300606
0.300615
0.300625
0.300635
0.300644
0.300654
0.300664
0.300673
0.300683
0.300693
0.300702
0.300712
0.300722
0.300731
0.300741
0.300751
0.300760
0.300770
0.300780
0.300789
0.300799
0.300809
0.300818
0.300828
0.300837
0.300847
0.300857
0.300866
0.300876
0.300886
0.300895
0.300905
0.300915
0.300924
0.300934
0.300944
0.300953
0.300963
0.300973
0.300982
0.300992
0.301002
0.301011
0.301021
0.301031
0.301040
0.301050
0.301060
0.301069
0.301079
0.301089
0.301098
0.301108
0.301118
0.301127
0.301137
0.301147
0.301156
0.301166
0.301176
0.301185
0.301195
0.301205
0.301214
0.301224
0.301234
0.301243
0.301253
0.301263
0.301272
0.301282
0.301292
0.301301
0.301311
0.301321
0.301331
0.301340
0.301350
0.301360
0.301369
0.301379
0.301389
0.301398
0.301408
0.301418
0.301427
0.301437
0.301447
0.301456
0.301466
0.301476
0.301485
0.301495
0.301505
0.301514
0.301524
0.301534
0.301543
0.301553
0.301563
0.301572
0.301582
0.301592
0.301601
0.301611
0.301621
0.301631
0.301640
0.301650
0.301660
0.301669
0.301679
0.301689
0.301698
0.301708
0.301718
0.301727
0.301737
0.301747
0.301756
0.301766
0.301776
0.301785
0.301795
0.301805
0.301815
0.301824
0.301834
0.301844
0.301853
0.301863
0.301873
0.301882
0.301892
0.301902
0.301911
0.301921
0.301931
0.301941
0.301950
0.301960
0.301970
0.301979
0.301989
0.301999
0.302008
0.302018
0.302028
0.302037
0.302047
0.302057
0.302067
0.302076
0.302086
0.302096
0.302105
0.302115
0.302125
0.302134
0.302144
0.302154
0.302164
0.302173
0.302183
0.302193
0.302202
0.302212
0.302222
0.302231
0.302241
0.302251
0.302261
0.302270
0.302280
0.302290
0.302299
0.302309
0.302319
0.302328
0.302338
0.302348
0.302358
0.302367
0.302377
0.302387
0.302396
0.302406
0.302416
0.302426
0.302435
0.302445
0.302455
0.302464
0.302474
0.302484
0.302493
0.302503
0.302513
0.302523
0.302532
0.302542
0.302552
0.302561
0.302571
0.302581
0.302591
0.302600
0.302610
0.302620
0.302629
0.302639
0.302649
0.302659
0.302668
0.302678
0.302688
0.302697
0.302707
0.302717
0.302727
0.302736
0.302746
0.302756
0.302765
0.302775
0.302785
0.302795
0.302804
0.302814
0.302824
0.302833
0.302843
0.302853
0.302863
0.302872
0.302882
0.302892
0.302901
0.302911
0.302921
0.302931
0.302940
0.302950
0.302960
0.302970
0.302979
0.302989
0.302999
0.303008
0.303018
0.303028
0.303038
0.303047
0.303057
0.303067
0.303076
0.303086
0.303096
0.303106
0.303115
0.303125
0.303135
0.303145
0.303154
0.303164
0.303174
0.303183
0.303193
0.303203
0.303213
0.303222
0.303232
0.303242
0.303252
0.303261
0.303271
0.303281
0.303291
0.303300
0.303310
0.303320
0.303329
0.303339
0.303349
0.303359
0.303368
0.303378
0.303388
0.303398
0.303407
0.303417
0.303427
0.303437
0.303446
0.303456
0.303466
0.303475
0.303485
0.303495
0.303505
0.303514
0.303524
0.303534
0.303544
0.303553
0.303563
0.303573
0.303583
0.303592
0.303602
0.303612
0.303622
0.303631
0.303641
0.303651
0.303661
0.303670
0.303680
0.303690
0.303700
0.303709
0.303719
0.303729
0.303739
0.303748
0.303758
0.303768
0.303777
0.303787
0.303797
0.303807
0.303816
0.303826
0.303836
0.303846
0.303855
0.303865
0.303875
0.303885
0.303894
0.303904
0.303914
0.303924
0.303933
0.303943
0.303953
0.303963
0.303972
0.303982
0.303992
0.304002
0.304011
0.304021
0.304031
0.304041
0.304051
0.304060
0.304070
0.304080
0.304090
0.304099
0.304109
0.304119
0.304129
0.304138
0.304148
0.304158
0.304168
0.304177
0.304187
0.304197
0.304207
0.304216
0.304226
0.304236
0.304246
0.304255
0.304265
0.304275
0.304285
0.304294
0.304304
0.304314
0.304324
0.304334
0.304343
0.304353
0.304363
0.304373
0.304382
0.304392
0.304402
0.304412
0.304421
0.304431
0.304441
0.304451
0.304460
0.304470
0.304480
0.304490
0.304500
0.304509
0.304519
0.304529
0.304539
0.304548
0.304558
0.304568
0.304578
0.304587
0.304597
0.304607
0.304617
0.304627
0.304636
0.304646
0.304656
0.304666
0.304675
0.304685
0.304695
0.304705
0.304715
0.304724
0.304734
0.304744
0.304754
0.304763
0.304773
0.304783
0.304793
0.304802
0.304812
0.304822
0.304832
0.304842
0.304851
0.304861
0.304871
0.304881
0.304890
0.304900
0.304910
0.304920
0.304930
0.304939
0.304949
0.304959
0.304969
0.304978
0.304988
0.304998
0.305008
0.305018
0.305027
0.305037
0.305047
0.305057
0.305067
0.305076
0.305086
0.305096
0.305106
0.305115
0.305125
0.305135
0.305145
0.305155
0.305164
0.305174
0.305184
0.305194
0.305204
0.305213
0.305223
0.305233
0.305243
0.305253
0.305262
0.305272
0.305282
0.305292
0.305301
0.305311
0.305321
0.305331
0.305341
0.305350
0.305360
0.305370
0.305380
0.305390
0.305399
0.305409
0.305419
0.305429
0.305439
0.305448
0.305458
0.305468
0.305478
0.305488
0.305497
0.305507
0.305517
0.305527
0.305537
0.305546
0.305556
0.305566
0.305576
0.305586
0.305595
0.305605
0.305615
0.305625
0.305635
0.305644
0.305654
0.305664
0.305674
0.305684
0.305693
0.305703
0.305713
0.305723
0.305733
0.305742
0.305752
0.305762
0.305772
0.305782
0.305791
0.305801
0.305811
0.305821
0.305831
0.305840
0.305850
0.305860
0.305870
0.305880
0.305889
0.305899
0.305909
0.305919
0.305929
0.305939
0.305948
0.305958
0.305968
0.305978
0.305988
0.305997
0.306007
0.306017
0.306027
0.306037
0.306047
0.306056
0.306066
0.306076
0.306086
0.306096
0.306105
0.306115
0.306125
0.306135
0.306145
0.306154
0.306164
0.306174
0.306184
0.306194
0.306204
0.306213
0.306223
0.306233
0.306243
0.306253
0.306262
0.306272
0.306282
0.306292
0.306302
0.306312
0.306321
0.306331
0.306341
0.306351
0.306361
0.306371
0.306380
0.306390
0.306400
0.306410
0.306420
0.306429
0.306439
0.306449
0.306459
0.306469
0.306479
0.306488
0.306498
0.306508
0.306518
0.306528
0.306538
0.306547
0.306557
0.306567
0.306577
0.306587
0.306597
0.306606
0.306616
0.306626
0.306636
0.306646
0.306655
0.306665
0.306675
0.306685
0.306695
0.306705
0.306715
0.306724
0.306734
0.306744
0.306754
0.306764
0.306774
0.306783
0.306793
0.306803
0.306813
0.306823
0.306833
0.306842
0.306852
0.306862
0.306872
0.306882
0.306892
0.306901
0.306911
0.306921
0.306931
0.306941
0.306951
0.306960
0.306970
0.306980
0.306990
0.307000
0.307010
0.307019
0.307029
0.307039
0.307049
0.307059
0.307069
0.307079
0.307088
0.307098
0.307108
0.307118
0.307128
0.307138
0.307147
0.307157
0.307167
0.307177
0.307187
0.307197
0.307207
0.307216
0.307226
0.307236
0.307246
0.307256
0.307266
0.307275
0.307285
0.307295
0.307305
0.307315
0.307325
0.307335
0.307344
0.307354
0.307364
0.307374
0.307384
0.307394
0.307404
0.307413
0.307423
0.307433
0.307443
0.307453
0.307463
0.307473
0.307482
0.307492
0.307502
0.307512
0.307522
0.307532
0.307542
0.307551
0.307561
0.307571
0.307581
0.307591
0.307601
0.307611
0.307620
0.307630
0.307640
0.307650
0.307660
0.307670
0.307680
0.307689
0.307699
0.307709
0.307719
0.307729
0.307739
0.307749
0.307758
0.307768
0.307778
0.307788
0.307798
0.307808
0.307818
0.307828
0.307837
0.307847
0.307857
0.307867
0.307877
0.307887
0.307897
0.307906
0.307916
0.307926
0.307936
0.307946
0.307956
0.307966
0.307976
0.307985
0.307995
0.308005
0.308015
0.308025
0.308035
0.308045
0.308055
0.308064
0.308074
0.308084
0.308094
0.308104
0.308114
0.308124
0.308134
0.308143
0.308153
0.308163
0.308173
0.308183
0.308193
0.308203
0.308213
0.308222
0.308232
0.308242
0.308252
0.308262
0.308272
0.308282
0.308292
0.308301
0.308311
0.308321
0.308331
0.308341
0.308351
0.308361
0.308371
0.308381
0.308390
0.308400
0.308410
0.308420
0.308430
0.308440
0.308450
0.308460
0.308469
0.308479
0.308489
0.308499
0.308509
0.308519
0.308529
0.308539
0.308549
0.308558
0.308568
0.308578
0.308588
0.308598
0.308608
0.308618
0.308628
0.308638
0.308647
0.308657
0.308667
0.308677
0.308687
0.308697
0.308707
0.308717
0.308727
0.308737
0.308746
0.308756
0.308766
0.308776
0.308786
0.308796
0.308806
0.308816
0.308826
0.308835
0.308845
0.308855
0.308865
0.308875
0.308885
0.308895
0.308905
0.308915
0.308924
0.308934
0.308944
0.308954
0.308964
0.308974
0.308984
0.308994
0.309004
0.309014
0.309024
0.309033
0.309043
0.309053
0.309063
0.309073
0.309083
0.309093
0.309103
0.309113
0.309123
0.309132
0.309142
0.309152
0.309162
0.309172
0.309182
0.309192
0.309202
0.309212
0.309222
0.309232
0.309241
0.309251
0.309261
0.309271
0.309281
0.309291
0.309301
0.309311
0.309321
0.309331
0.309341
0.309350
0.309360
0.309370
0.309380
0.309390
0.309400
0.309410
0.309420
0.309430
0.309440
0.309450
0.309459
0.309469
0.309479
0.309489
0.309499
0.309509
0.309519
0.309529
0.309539
0.309549
0.309559
0.309569
0.309578
0.309588
0.309598
0.309608
0.309618
0.309628
0.309638
0.309648
0.309658
0.309668
0.309678
0.309688
0.309698
0.309707
0.309717
0.309727
0.309737
0.309747
0.309757
0.309767
0.309777
0.309787
0.309797
0.309807
0.309817
0.309827
0.309836
0.309846
0.309856
0.309866
0.309876
0.309886
0.309896
0.309906
0.309916
0.309926
0.309936
0.309946
0.309956
0.309966
0.309975
0.309985
0.309995
0.310005
0.310015
0.310025
0.310035
0.310045
0.310055
0.310065
0.310075
0.310085
0.310095
0.310105
0.310114
0.310124
0.310134
0.310144
0.310154
0.310164
0.310174
0.310184
0.310194
0.310204
0.310214
0.310224
0.310234
0.310244
0.310254
0.310264
0.310273
0.310283
0.310293
0.310303
0.310313
0.310323
0.310333
0.310343
0.310353
0.310363
0.310373
0.310383
0.310393
0.310403
0.310413
0.310423
0.310433
0.310442
0.310452
0.310462
0.310472
0.310482
0.310492
0.310502
0.310512
0.310522
0.310532
0.310542
0.310552
0.310562
0.310572
0.310582
0.310592
0.310602
0.310612
0.310622
0.310631
0.310641
0.310651
0.310661
0.310671
0.310681
0.310691
0.310701
0.310711
0.310721
0.310731
0.310741
0.310751
0.310761
0.310771
0.310781
0.310791
0.310801
0.310811
0.310821
0.310831
0.310840
0.310850
0.310860
0.310870
0.310880
0.310890
0.310900
0.310910
0.310920
0.310930
0.310940
0.310950
0.310960
0.310970
0.310980
0.310990
0.311000
0.311010
0.311020
0.311030
0.311040
0.311050
0.311060
0.311069
0.311079
0.311089
0.311099
0.311109
0.311119
0.311129
0.311139
0.311149
0.311159
0.311169
0.311179
0.311189
0.311199
0.311209
0.311219
0.311229
0.311239
0.311249
0.311259
0.311269
0.311279
0.311289
0.311299
0.311309
0.311319
0.311329
0.311339
0.311349
0.311359
0.311368
0.311378
0.311388
0.311398
0.311408
0.311418
0.311428
0.311438
0.311448
0.311458
0.311468
0.311478
0.311488
0.311498
0.311508
0.311518
0.311528
0.311538
0.311548
0.311558
0.311568
0.311578
0.311588
0.311598
0.311608
0.311618
0.311628
0.311638
0.311648
0.311658
0.311668
0.311678
0.311688
0.311698
0.311708
0.311718
0.311728
0.311738
0.311748
0.311758
0.311768
0.311778
0.311788
0.311798
0.311807
0.311817
0.311827
0.311837
0.311847
0.311857
0.311867
0.311877
0.311887
0.311897
0.311907
0.311917
0.311927
0.311937
0.311947
0.311957
0.311967
0.311977
0.311987
0.311997
0.312007
0.312017
0.312027
0.312037
0.312047
0.312057
0.312067
0.312077
0.312087
0.312097
0.312107
0.312117
0.312127
0.312137
0.312147
0.312157
0.312167
0.312177
0.312187
0.312197
0.312207
0.312217
0.312227
0.312237
0.312247
0.312257
0.312267
0.312277
0.312287
0.312297
0.312307
0.312317
0.312327
0.312337
0.312347
0.312357
0.312367
0.312377
0.312387
0.312397
0.312407
0.312417
0.312427
0.312437
0.312447
0.312457
0.312467
0.312477
0.312487
0.312497
0.312507
0.312517
0.312527
0.312537
0.312547
0.312557
0.312567
0.312577
0.312587
0.312597
0.312607
0.312617
0.312627
0.312637
0.312647
0.312657
0.312667
0.312677
0.312687
0.312697
0.312707
0.312717
0.312727
0.312737
0.312747
0.312757
0.312767
0.312777
0.312787
0.312797
0.312807
0.312817
0.312827
0.312837
0.312847
0.312857
0.312867
0.312877
0.312887
0.312898
0.312908
0.312918
0.312928
0.312938
0.312948
0.312958
0.312968
0.312978
0.312988
0.312998
0.313008
0.313018
0.313028
0.313038
0.313048
0.313058
0.313068
0.313078
0.313088
0.313098
0.313108
0.313118
0.313128
0.313138
0.313148
0.313158
0.313168
0.313178
0.313188
0.313198
0.313208
0.313218
0.313228
0.313238
0.313248
0.313258
0.313268
0.313278
0.313288
0.313298
0.313308
0.313318
0.313328
0.313339
0.313349
0.313359
0.313369
0.313379
0.313389
0.313399
0.313409
0.313419
0.313429
0.313439
0.313449
0.313459
0.313469
0.313479
0.313489
0.313499
0.313509
0.313519
0.313529
0.313539
0.313549
0.313559
0.313569
0.313579
0.313589
0.313599
0.313609
0.313619
0.313629
0.313640
0.313650
0.313660
0.313670
0.313680
0.313690
0.313700
0.313710
0.313720
0.313730
0.313740
0.313750
0.313760
0.313770
0.313780
0.313790
0.313800
0.313810
0.313820
0.313830
0.313840
0.313850
0.313860
0.313870
0.313881
0.313891
0.313901
0.313911
0.313921
0.313931
0.313941
0.313951
0.313961
0.313971
0.313981
0.313991
0.314001
0.314011
0.314021
0.314031
0.314041
0.314051
0.314061
0.314071
0.314081
0.314092
0.314102
0.314112
0.314122
0.314132
0.314142
0.314152
0.314162
0.314172
0.314182
0.314192
0.314202
0.314212
0.314222
0.314232
0.314242
0.314252
0.314262
0.314272
0.314283
0.314293
0.314303
0.314313
0.314323
0.314333
0.314343
0.314353
0.314363
0.314373
0.314383
0.314393
0.314403
0.314413
0.314423
0.314433
0.314443
0.314454
0.314464
0.314474
0.314484
0.314494
0.314504
0.314514
0.314524
0.314534
0.314544
0.314554
0.314564
0.314574
0.314584
0.314594
0.314605
0.314615
0.314625
0.314635
0.314645
0.314655
0.314665
0.314675
0.314685
0.314695
0.314705
0.314715
0.314725
0.314735
0.314745
0.314756
0.314766
0.314776
0.314786
0.314796
0.314806
0.314816
0.314826
0.314836
0.314846
0.314856
0.314866
0.314876
0.314886
0.314897
0.314907
0.314917
0.314927
0.314937
0.314947
0.314957
0.314967
0.314977
0.314987
0.314997
0.315007
0.315018
0.315028
0.315038
0.315048
0.315058
0.315068
0.315078
0.315088
0.315098
0.315108
0.315118
0.315128
0.315138
0.315149
0.315159
0.315169
0.315179
0.315189
0.315199
0.315209
0.315219
0.315229
0.315239
0.315249
0.315259
0.315270
0.315280
0.315290
0.315300
0.315310
0.315320
0.315330
0.315340
0.315350
0.315360
0.315370
0.315380
0.315391
0.315401
0.315411
0.315421
0.315431
0.315441
0.315451
0.315461
0.315471
0.315481
0.315492
0.315502
0.315512
0.315522
0.315532
0.315542
0.315552
0.315562
0.315572
0.315582
0.315592
0.315603
0.315613
0.315623
0.315633
0.315643
0.315653
0.315663
0.315673
0.315683
0.315693
0.315704
0.315714
0.315724
0.315734
0.315744
0.315754
0.315764
0.315774
0.315784
0.315794
0.315805
0.315815
0.315825
0.315835
0.315845
0.315855
0.315865
0.315875
0.315885
0.315895
0.315906
0.315916
0.315926
0.315936
0.315946
0.315956
0.315966
0.315976
0.315986
0.315996
0.316007
0.316017
0.316027
0.316037
0.316047
0.316057
0.316067
0.316077
0.316087
0.316098
0.316108
0.316118
0.316128
0.316138
0.316148
0.316158
0.316168
0.316179
0.316189
0.316199
0.316209
0.316219
0.316229
0.316239
0.316249
0.316259
0.316270
0.316280
0.316290
0.316300
0.316310
0.316320
0.316330
0.316340
0.316350
0.316361
0.316371
0.316381
0.316391
0.316401
0.316411
0.316421
0.316431
0.316442
0.316452
0.316462
0.316472
0.316482
0.316492
0.316502
0.316512
0.316523
0.316533
0.316543
0.316553
0.316563
0.316573
0.316583
0.316593
0.316603
0.316614
0.316624
0.316634
0.316644
0.316654
0.316664
0.316674
0.316685
0.316695
0.316705
0.316715
0.316725
0.316735
0.316745
0.316755
0.316766
0.316776
0.316786
0.316796
0.316806
0.316816
0.316826
0.316836
0.316847
0.316857
0.316867
0.316877
0.316887
0.316897
0.316907
0.316917
0.316928
0.316938
0.316948
0.316958
0.316968
0.316978
0.316988
0.316999
0.317009
0.317019
0.317029
0.317039
0.317049
0.317059
0.317070
0.317080
0.317090
0.317100
0.317110
0.317120
0.317130
0.317141
0.317151
0.317161
0.317171
0.317181
0.317191
0.317201
0.317212
0.317222
0.317232
0.317242
0.317252
0.317262
0.317272
0.317283
0.317293
0.317303
0.317313
0.317323
0.317333
0.317343
0.317354
0.317364
0.317374
0.317384
0.317394
0.317404
0.317414
0.317425
0.317435
0.317445
0.317455
0.317465
0.317475
0.317485
0.317496
0.317506
0.317516
0.317526
0.317536
0.317546
0.317557
0.317567
0.317577
0.317587
0.317597
0.317607
0.317617
0.317628
0.317638
0.317648
0.317658
0.317668
0.317678
0.317689
0.317699
0.317709
0.317719
0.317729
0.317739
0.317750
0.317760
0.317770
0.317780
0.317790
0.317800
0.317810
0.317821
0.317831
0.317841
0.317851
0.317861
0.317871
0.317882
0.317892
0.317902
0.317912
0.317922
0.317932
0.317943
0.317953
0.317963
0.317973
0.317983
0.317993
0.318004
0.318014
0.318024
0.318034
0.318044
0.318054
0.318065
0.318075
0.318085
0.318095
0.318105
0.318115
0.318126
0.318136
0.318146
0.318156
0.318166
0.318176
0.318187
0.318197
0.318207
0.318217
0.318227
0.318238
0.318248
0.318258
0.318268
0.318278
0.318288
0.318299
0.318309
0.318319
0.318329
0.318339
0.318349
0.318360
0.318370
0.318380
0.318390
0.318400
0.318411
0.318421
0.318431
0.318441
0.318451
0.318461
0.318472
0.318482
0.318492
0.318502
0.318512
0.318522
0.318533
0.318543
0.318553
0.318563
0.318573
0.318584
0.318594
0.318604
0.318614
0.318624
0.318635
0.318645
0.318655
0.318665
0.318675
0.318685
0.318696
0.318706
0.318716
0.318726
0.318736
0.318747
0.318757
0.318767
0.318777
0.318787
0.318797
0.318808
0.318818
0.318828
0.318838
0.318848
0.318859
0.318869
0.318879
0.318889
0.318899
0.318910
0.318920
0.318930
0.318940
0.318950
0.318961
0.318971
0.318981
0.318991
0.319001
0.319012
0.319022
0.319032
0.319042
0.319052
0.319063
0.319073
0.319083
0.319093
0.319103
0.319114
0.319124
0.319134
0.319144
0.319154
0.319165
0.319175
0.319185
0.319195
0.319205
0.319216
0.319226
0.319236
0.319246
0.319256
0.319267
0.319277
0.319287
0.319297
0.319307
0.319318
0.319328
0.319338
0.319348
0.319358
0.319369
0.319379
0.319389
0.319399
0.319409
0.319420
0.319430
0.319440
0.319450
0.319460
0.319471
0.319481
0.319491
0.319501
0.319512
0.319522
0.319532
0.319542
0.319552
0.319563
0.319573
0.319583
0.319593
0.319603
0.319614
0.319624
0.319634
0.319644
0.319654
0.319665
0.319675
0.319685
0.319695
0.319706
0.319716
0.319726
0.319736
0.319746
0.319757
0.319767
0.319777
0.319787
0.319798
0.319808
0.319818
0.319828
0.319838
0.319849
0.319859
0.319869
0.319879
0.319890
0.319900
0.319910
0.319920
0.319930
0.319941
0.319951
0.319961
0.319971
0.319982
0.319992
0.320002
0.320012
0.320022
0.320033
0.320043
0.320053
0.320063
0.320074
0.320084
0.320094
0.320104
0.320114
0.320125
0.320135
0.320145
0.320155
0.320166
0.320176
0.320186
0.320196
0.320207
0.320217
0.320227
0.320237
0.320247
0.320258
0.320268
0.320278
0.320288
0.320299
0.320309
0.320319
0.320329
0.320340
0.320350
0.320360
0.320370
0.320381
0.320391
0.320401
0.320411
0.320421
0.320432
0.320442
0.320452
0.320462
0.320473
0.320483
0.320493
0.320503
0.320514
0.320524
0.320534
0.320544
0.320555
0.320565
0.320575
0.320585
0.320596
0.320606
0.320616
0.320626
0.320637
0.320647
0.320657
0.320667
0.320677
0.320688
0.320698
0.320708
0.320718
0.320729
0.320739
0.320749
0.320759
0.320770
0.320780
0.320790
0.320800
0.320811
0.320821
0.320831
0.320841
0.320852
0.320862
0.320872
0.320882
0.320893
0.320903
0.320913
0.320923
0.320934
0.320944
0.320954
0.320964
0.320975
0.320985
0.320995
0.321005
0.321016
0.321026
0.321036
0.321046
0.321057
0.321067
0.321077
0.321087
0.321098
0.321108
0.321118
0.321129
0.321139
0.321149
0.321159
0.321170
0.321180
0.321190
0.321200
0.321211
0.321221
0.321231
0.321241
0.321252
0.321262
0.321272
0.321282
0.321293
0.321303
0.321313
0.321323
0.321334
0.321344
0.321354
0.321365
0.321375
0.321385
0.321395
0.321406
0.321416
0.321426
0.321436
0.321447
0.321457
0.321467
0.321478
0.321488
0.321498
0.321508
0.321519
0.321529
0.321539
0.321549
0.321560
0.321570
0.321580
0.321590
0.321601
0.321611
0.321621
0.321632
0.321642
0.321652
0.321662
0.321673
0.321683
0.321693
0.321703
0.321714
0.321724
0.321734
0.321745
0.321755
0.321765
0.321775
0.321786
0.321796
0.321806
0.321817
0.321827
0.321837
0.321847
0.321858
0.321868
0.321878
0.321888
0.321899
0.321909
0.321919
0.321930
0.321940
0.321950
0.321960
0.321971
0.321981
0.321991
0.322002
0.322012
0.322022
0.322032
0.322043
0.322053
0.322063
0.322074
0.322084
0.322094
0.322104
0.322115
0.322125
0.322135
0.322146
0.322156
0.322166
0.322176
0.322187
0.322197
0.322207
0.322218
0.322228
0.322238
0.322248
0.322259
0.322269
0.322279
0.322290
0.322300
0.322310
0.322321
0.322331
0.322341
0.322351
0.322362
0.322372
0.322382
0.322393
0.322403
0.322413
0.322423
0.322434
0.322444
0.322454
0.322465
0.322475
0.322485
0.322496
0.322506
0.322516
0.322526
0.322537
0.322547
0.322557
0.322568
0.322578
0.322588
0.322599
0.322609
0.322619
0.322629
0.322640
0.322650
0.322660
0.322671
0.322681
0.322691
0.322702
0.322712
0.322722
0.322732
0.322743
0.322753
0.322763
0.322774
0.322784
0.322794
0.322805
0.322815
0.322825
0.322836
0.322846
0.322856
0.322866
0.322877
0.322887
0.322897
0.322908
0.322918
0.322928
0.322939
0.322949
0.322959
0.322970
0.322980
0.322990
0.323001
0.323011
0.323021
0.323031
0.323042
0.323052
0.323062
0.323073
0.323083
0.323093
0.323104
0.323114
0.323124
0.323135
0.323145
0.323155
0.323166
0.323176
0.323186
0.323197
0.323207
0.323217
0.323227
0.323238
0.323248
0.323258
0.323269
0.323279
0.323289
0.323300
0.323310
0.323320
0.323331
0.323341
0.323351
0.323362
0.323372
0.323382
0.323393
0.323403
0.323413
0.323424
0.323434
0.323444
0.323455
0.323465
0.323475
0.323486
0.323496
0.323506
0.323517
0.323527
0.323537
0.323548
0.323558
0.323568
0.323579
0.323589
0.323599
0.323610
0.323620
0.323630
0.323641
0.323651
0.323661
0.323672
0.323682
0.323692
0.323703
0.323713
0.323723
0.323733
0.323744
0.323754
0.323765
0.323775
0.323785
0.323796
0.323806
0.323816
0.323827
0.323837
0.323847
0.323858
0.323868
0.323878
0.323889
0.323899
0.323909
0.323920
0.323930
0.323940
0.323951
0.323961
0.323971
0.323982
0.323992
0.324002
0.324013
0.324023
0.324033
0.324044
0.324054
0.324064
0.324075
0.324085
0.324095
0.324106
0.324116
0.324126
0.324137
0.324147
0.324157
0.324168
0.324178
0.324189
0.324199
0.324209
0.324220
0.324230
0.324240
0.324251
0.324261
0.324271
0.324282
0.324292
0.324302
0.324313
0.324323
0.324333
0.324344
0.324354
0.324364
0.324375
0.324385
0.324396
0.324406
0.324416
0.324427
0.324437
0.324447
0.324458
0.324468
0.324478
0.324489
0.324499
0.324509
0.324520
0.324530
0.324541
0.324551
0.324561
0.324572
0.324582
0.324592
0.324603
0.324613
0.324623
0.324634
0.324644
0.324655
0.324665
0.324675
0.324686
0.324696
0.324706
0.324717
0.324727
0.324737
0.324748
0.324758
0.324769
0.324779
0.324789
0.324800
0.324810
0.324820
0.324831
0.324841
0.324851
0.324862
0.324872
0.324883
0.324893
0.324903
0.324914
0.324924
0.324934
0.324945
0.324955
0.324965
0.324976
0.324986
0.324997
0.325007
0.325017
0.325028
0.325038
0.325048
0.325059
0.325069
0.325080
0.325090
0.325100
0.325111
0.325121
0.325131
0.325142
0.325152
0.325163
0.325173
0.325183
0.325194
0.325204
0.325214
0.325225
0.325235
0.325246
0.325256
0.325266
0.325277
0.325287
0.325298
0.325308
0.325318
0.325329
0.325339
0.325349
0.325360
0.325370
0.325381
0.325391
0.325401
0.325412
0.325422
0.325432
0.325443
0.325453
0.325464
0.325474
0.325484
0.325495
0.325505
0.325516
0.325526
0.325536
0.325547
0.325557
0.325567
0.325578
0.325588
0.325599
0.325609
0.325619
0.325630
0.325640
0.325651
0.325661
0.325671
0.325682
0.325692
0.325703
0.325713
0.325723
0.325734
0.325744
0.325755
0.325765
0.325775
0.325786
0.325796
0.325806
0.325817
0.325827
0.325838
0.325848
0.325858
0.325869
0.325879
0.325890
0.325900
0.325910
0.325921
0.325931
0.325942
0.325952
0.325962
0.325973
0.325983
0.325994
0.326004
0.326014
0.326025
0.326035
0.326046
0.326056
0.326066
0.326077
0.326087
0.326098
0.326108
0.326119
0.326129
0.326139
0.326150
0.326160
0.326170
0.326181
0.326191
0.326202
0.326212
0.326223
0.326233
0.326243
0.326254
0.326264
0.326275
0.326285
0.326295
0.326306
0.326316
0.326327
0.326337
0.326347
0.326358
0.326368
0.326379
0.326389
0.326400
0.326410
0.326420
0.326431
0.326441
0.326452
0.326462
0.326472
0.326483
0.326493
0.326504
0.326514
0.326524
0.326535
0.326545
0.326556
0.326566
0.326577
0.326587
0.326597
0.326608
0.326618
0.326629
0.326639
0.326649
0.326660
0.326670
0.326681
0.326691
0.326702
0.326712
0.326722
0.326733
0.326743
0.326754
0.326764
0.326775
0.326785
0.326795
0.326806
0.326816
0.326827
0.326837
0.326848
0.326858
0.326868
0.326879
0.326889
0.326900
0.326910
0.326921
0.326931
0.326941
0.326952
0.326962
0.326973
0.326983
0.326994
0.327004
0.327014
0.327025
0.327035
0.327046
0.327056
0.327067
0.327077
0.327087
0.327098
0.327108
0.327119
0.327129
0.327140
0.327150
0.327160
0.327171
0.327181
0.327192
0.327202
0.327213
0.327223
0.327233
0.327244
0.327254
0.327265
0.327275
0.327286
0.327296
0.327307
0.327317
0.327327
0.327338
0.327348
0.327359
0.327369
0.327380
0.327390
0.327401
0.327411
0.327421
0.327432
0.327442
0.327453
0.327463
0.327474
0.327484
0.327495
0.327505
0.327515
0.327526
0.327536
0.327547
0.327557
0.327568
0.327578
0.327589
0.327599
0.327609
0.327620
0.327630
0.327641
0.327651
0.327662
0.327672
0.327683
0.327693
0.327703
0.327714
0.327724
0.327735
0.327745
0.327756
0.327766
0.327777
0.327787
0.327798
0.327808
0.327818
0.327829
0.327839
0.327850
0.327860
0.327871
0.327881
0.327892
0.327902
0.327913
0.327923
0.327933
0.327944
0.327954
0.327965
0.327975
0.327986
0.327996
0.328007
0.328017
0.328028
0.328038
0.328048
0.328059
0.328069
0.328080
0.328090
0.328101
0.328111
0.328122
0.328132
0.328143
0.328153
0.328164
0.328174
0.328185
0.328195
0.328205
0.328216
0.328226
0.328237
0.328247
0.328258
0.328268
0.328279
0.328289
0.328300
0.328310
0.328321
0.328331
0.328342
0.328352
0.328362
0.328373
0.328383
0.328394
0.328404
0.328415
0.328425
0.328436
0.328446
0.328457
0.328467
0.328478
0.328488
0.328499
0.328509
0.328520
0.328530
0.328541
0.328551
0.328561
0.328572
0.328582
0.328593
0.328603
0.328614
0.328624
0.328635
0.328645
0.328656
0.328666
0.328677
0.328687
0.328698
0.328708
0.328719
0.328729
0.328740
0.328750
0.328761
0.328771
0.328782
0.328792
0.328802
0.328813
0.328823
0.328834
0.328844
0.328855
0.328865
0.328876
0.328886
0.328897
0.328907
0.328918
0.328928
0.328939
0.328949
0.328960
0.328970
0.328981
0.328991
0.329002
0.329012
0.329023
0.329033
0.329044
0.329054
0.329065
0.329075
0.329086
0.329096
0.329107
0.329117
0.329128
0.329138
0.329149
0.329159
0.329170
0.329180
0.329191
0.329201
0.329212
0.329222
0.329233
0.329243
0.329254
0.329264
0.329275
0.329285
0.329296
0.329306
0.329317
0.329327
0.329338
0.329348
0.329359
0.329369
0.329379
0.329390
0.329400
0.329411
0.329422
0.329432
0.329443
0.329453
0.329464
0.329474
0.329485
0.329495
0.329506
0.329516
0.329527
0.329537
0.329548
0.329558
0.329569
0.329579
0.329590
0.329600
0.329611
0.329621
0.329632
0.329642
0.329653
0.329663
0.329674
0.329684
0.329695
0.329705
0.329716
0.329726
0.329737
0.329747
0.329758
0.329768
0.329779
0.329789
0.329800
0.329810
0.329821
0.329831
0.329842
0.329852
0.329863
0.329873
0.329884
0.329894
0.329905
0.329915
0.329926
0.329936
0.329947
0.329957
0.329968
0.329978
0.329989
0.330000
0.330010
0.330021
0.330031
0.330042
0.330052
0.330063
0.330073
0.330084
0.330094
0.330105
0.330115
0.330126
0.330136
0.330147
0.330157
0.330168
0.330178
0.330189
0.330199
0.330210
0.330220
0.330231
0.330242
0.330252
0.330263
0.330273
0.330284
0.330294
0.330305
0.330315
0.330326
0.330336
0.330347
0.330357
0.330368
0.330378
0.330389
0.330399
0.330410
0.330420
0.330431
0.330442
0.330452
0.330463
0.330473
0.330484
0.330494
0.330505
0.330515
0.330526
0.330536
0.330547
0.330557
0.330568
0.330578
0.330589
0.330600
0.330610
0.330621
0.330631
0.330642
0.330652
0.330663
0.330673
0.330684
0.330694
0.330705
0.330715
0.330726
0.330737
0.330747
0.330758
0.330768
0.330779
0.330789
0.330800
0.330810
0.330821
0.330831
0.330842
0.330852
0.330863
0.330874
0.330884
0.330895
0.330905
0.330916
0.330926
0.330937
0.330947
0.330958
0.330968
0.330979
0.330990
0.331000
0.331011
0.331021
0.331032
0.331042
0.331053
0.331063
0.331074
0.331084
0.331095
0.331106
0.331116
0.331127
0.331137
0.331148
0.331158
0.331169
0.331179
0.331190
0.331201
0.331211
0.331222
0.331232
0.331243
0.331253
0.331264
0.331274
0.331285
0.331296
0.331306
0.331317
0.331327
0.331338
0.331348
0.331359
0.331369
0.331380
0.331391
0.331401
0.331412
0.331422
0.331433
0.331443
0.331454
0.331464
0.331475
0.331486
0.331496
0.331507
0.331517
0.331528
0.331538
0.331549
0.331560
0.331570
0.331581
0.331591
0.331602
0.331612
0.331623
0.331633
0.331644
0.331655
0.331665
0.331676
0.331686
0.331697
0.331707
0.331718
0.331729
0.331739
0.331750
0.331760
0.331771
0.331781
0.331792
0.331803
0.331813
0.331824
0.331834
0.331845
0.331855
0.331866
0.331877
0.331887
0.331898
0.331908
0.331919
0.331929
0.331940
0.331951
0.331961
0.331972
0.331982
0.331993
0.332003
0.332014
0.332025
0.332035
0.332046
0.332056
0.332067
0.332078
0.332088
0.332099
0.332109
0.332120
0.332130
0.332141
0.332152
0.332162
0.332173
0.332183
0.332194
0.332204
0.332215
0.332226
0.332236
0.332247
0.332257
0.332268
0.332279
0.332289
0.332300
0.332310
0.332321
0.332331
0.332342
0.332353
0.332363
0.332374
0.332384
0.332395
0.332406
0.332416
0.332427
0.332437
0.332448
0.332459
0.332469
0.332480
0.332490
0.332501
0.332511
0.332522
0.332533
0.332543
0.332554
0.332564
0.332575
0.332586
0.332596
0.332607
0.332617
0.332628
0.332639
0.332649
0.332660
0.332670
0.332681
0.332692
0.332702
0.332713
0.332723
0.332734
0.332745
0.332755
0.332766
0.332776
0.332787
0.332798
0.332808
0.332819
0.332829
0.332840
0.332851
0.332861
0.332872
0.332882
0.332893
0.332904
0.332914
0.332925
0.332935
0.332946
0.332957
0.332967
0.332978
0.332988
0.332999
0.333010
0.333020
0.333031
0.333041
0.333052
0.333063
0.333073
0.333084
0.333094
0.333105
0.333116
0.333126
0.333137
0.333148
0.333158
0.333169
0.333179
0.333190
0.333201
0.333211
0.333222
0.333232
0.333243
0.333254
0.333264
0.333275
0.333285
0.333296
0.333307
0.333317
0.333328
0.333339
0.333349
0.333360
0.333370
0.333381
0.333392
0.333402
0.333413
0.333423
0.333434
0.333445
0.333455
0.333466
0.333477
0.333487
0.333498
0.333508
0.333519
0.333530
0.333540
0.333551
0.333562
0.333572
0.333583
0.333593
0.333604
0.333615
0.333625
0.333636
0.333647
0.333657
0.333668
0.333678
0.333689
0.333700
0.333710
0.333721
0.333732
0.333742
0.333753
0.333763
0.333774
0.333785
0.333795
0.333806
0.333817
0.333827
0.333838
0.333848
0.333859
0.333870
0.333880
0.333891
0.333902
0.333912
0.333923
0.333933
0.333944
0.333955
0.333965
0.333976
0.333987
0.333997
0.334008
0.334019
0.334029
0.334040
0.334050
0.334061
0.334072
0.334082
0.334093
0.334104
0.334114
0.334125
0.334136
0.334146
0.334157
0.334167
0.334178
0.334189
0.334199
0.334210
0.334221
0.334231
0.334242
0.334253
0.334263
0.334274
0.334284
0.334295
0.334306
0.334316
0.334327
0.334338
0.334348
0.334359
0.334370
0.334380
0.334391
0.334402
0.334412
0.334423
0.334434
0.334444
0.334455
0.334465
0.334476
0.334487
0.334497
0.334508
0.334519
0.334529
0.334540
0.334551
0.334561
0.334572
0.334583
0.334593
0.334604
0.334615
0.334625
0.334636
0.334647
0.334657
0.334668
0.334679
0.334689
0.334700
0.334710
0.334721
0.334732
0.334742
0.334753
0.334764
0.334774
0.334785
0.334796
0.334806
0.334817
0.334828
0.334838
0.334849
0.334860
0.334870
0.334881
0.334892
0.334902
0.334913
0.334924
0.334934
0.334945
0.334956
0.334966
0.334977
0.334988
0.334998
0.335009
0.335020
0.335030
0.335041
0.335052
0.335062
0.335073
0.335084
0.335094
0.335105
0.335116
0.335126
0.335137
0.335148
0.335158
0.335169
0.335180
0.335190
0.335201
0.335212
0.335222
0.335233
0.335244
0.335254
0.335265
0.335276
0.335286
0.335297
0.335308
0.335318
0.335329
0.335340
0.335350
0.335361
0.335372
0.335382
0.335393
0.335404
0.335414
0.335425
0.335436
0.335446
0.335457
0.335468
0.335478
0.335489
0.335500
0.335510
0.335521
0.335532
0.335543
0.335553
0.335564
0.335575
0.335585
0.335596
0.335607
0.335617
0.335628
0.335639
0.335649
0.335660
0.335671
0.335681
0.335692
0.335703
0.335713
0.335724
0.335735
0.335746
0.335756
0.335767
0.335778
0.335788
0.335799
0.335810
0.335820
0.335831
0.335842
0.335852
0.335863
0.335874
0.335884
0.335895
0.335906
0.335916
0.335927
0.335938
0.335949
0.335959
0.335970
0.335981
0.335991
0.336002
0.336013
0.336023
0.336034
0.336045
0.336055
0.336066
0.336077
0.336088
0.336098
0.336109
0.336120
0.336130
0.336141
0.336152
0.336162
0.336173
0.336184
0.336195
0.336205
0.336216
0.336227
0.336237
0.336248
0.336259
0.336269
0.336280
0.336291
0.336302
0.336312
0.336323
0.336334
0.336344
0.336355
0.336366
0.336376
0.336387
0.336398
0.336409
0.336419
0.336430
0.336441
0.336451
0.336462
0.336473
0.336484
0.336494
0.336505
0.336516
0.336526
0.336537
0.336548
0.336558
0.336569
0.336580
0.336591
0.336601
0.336612
0.336623
0.336633
0.336644
0.336655
0.336666
0.336676
0.336687
0.336698
0.336708
0.336719
0.336730
0.336741
0.336751
0.336762
0.336773
0.336783
0.336794
0.336805
0.336816
0.336826
0.336837
0.336848
0.336858
0.336869
0.336880
0.336891
0.336901
0.336912
0.336923
0.336933
0.336944
0.336955
0.336966
0.336976
0.336987
0.336998
0.337009
0.337019
0.337030
0.337041
0.337051
0.337062
0.337073
0.337084
0.337094
0.337105
0.337116
0.337126
0.337137
0.337148
0.337159
0.337169
0.337180
0.337191
0.337202
0.337212
0.337223
0.337234
0.337244
0.337255
0.337266
0.337277
0.337287
0.337298
0.337309
0.337320
0.337330
0.337341
0.337352
0.337363
0.337373
0.337384
0.337395
0.337405
0.337416
0.337427
0.337438
0.337448
0.337459
0.337470
0.337481
0.337491
0.337502
0.337513
0.337524
0.337534
0.337545
0.337556
0.337566
0.337577
0.337588
0.337599
0.337609
0.337620
0.337631
0.337642
0.337652
0.337663
0.337674
0.337685
0.337695
0.337706
0.337717
0.337728
0.337738
0.337749
0.337760
0.337771
0.337781
0.337792
0.337803
0.337814
0.337824
0.337835
0.337846
0.337857
0.337867
0.337878
0.337889
0.337900
0.337910
0.337921
0.337932
0.337943
0.337953
0.337964
0.337975
0.337986
0.337996
0.338007
0.338018
0.338029
0.338039
0.338050
0.338061
0.338072
0.338082
0.338093
0.338104
0.338115
0.338125
0.338136
0.338147
0.338158
0.338168
0.338179
0.338190
0.338201
0.338211
0.338222
0.338233
0.338244
0.338254
0.338265
0.338276
0.338287
0.338297
0.338308
0.338319
0.338330
0.338340
0.338351
0.338362
0.338373
0.338384
0.338394
0.338405
0.338416
0.338427
0.338437
0.338448
0.338459
0.338470
0.338480
0.338491
0.338502
0.338513
0.338523
0.338534
0.338545
0.338556
0.338567
0.338577
0.338588
0.338599
0.338610
0.338620
0.338631
0.338642
0.338653
0.338663
0.338674
0.338685
0.338696
0.338707
0.338717
0.338728
0.338739
0.338750
0.338760
0.338771
0.338782
0.338793
0.338803
0.338814
0.338825
0.338836
0.338847
0.338857
0.338868
0.338879
0.338890
0.338900
0.338911
0.338922
0.338933
0.338944
0.338954
0.338965
0.338976
0.338987
0.338997
0.339008
0.339019
0.339030
0.339041
0.339051
0.339062
0.339073
0.339084
0.339094
0.339105
0.339116
0.339127
0.339138
0.339148
0.339159
0.339170
0.339181
0.339192
0.339202
0.339213
0.339224
0.339235
0.339245
0.339256
0.339267
0.339278
0.339289
0.339299
0.339310
0.339321
0.339332
0.339343
0.339353
0.339364
0.339375
0.339386
0.339397
0.339407
0.339418
0.339429
0.339440
0.339450
0.339461
0.339472
0.339483
0.339494
0.339504
0.339515
0.339526
0.339537
0.339548
0.339558
0.339569
0.339580
0.339591
0.339602
0.339612
0.339623
0.339634
0.339645
0.339656
0.339666
0.339677
0.339688
0.339699
0.339710
0.339720
0.339731
0.339742
0.339753
0.339764
0.339774
0.339785
0.339796
0.339807
0.339818
0.339828
0.339839
0.339850
0.339861
0.339872
0.339882
0.339893
0.339904
0.339915
0.339926
0.339936
0.339947
0.339958
0.339969
0.339980
0.339991
0.340001
0.340012
0.340023
0.340034
0.340045
0.340055
0.340066
0.340077
0.340088
0.340099
0.340109
0.340120
0.340131
0.340142
0.340153
0.340164
0.340174
0.340185
0.340196
0.340207
0.340218
0.340228
0.340239
0.340250
0.340261
0.340272
0.340282
0.340293
0.340304
0.340315
0.340326
0.340337
0.340347
0.340358
0.340369
0.340380
0.340391
0.340401
0.340412
0.340423
0.340434
0.340445
0.340456
0.340466
0.340477
0.340488
0.340499
0.340510
0.340521
0.340531
0.340542
0.340553
0.340564
0.340575
0.340585
0.340596
0.340607
0.340618
0.340629
0.340640
0.340650
0.340661
0.340672
0.340683
0.340694
0.340705
0.340715
0.340726
0.340737
0.340748
0.340759
0.340770
0.340780
0.340791
0.340802
0.340813
0.340824
0.340835
0.340845
0.340856
0.340867
0.340878
0.340889
0.340900
0.340910
0.340921
0.340932
0.340943
0.340954
0.340965
0.340975
0.340986
0.340997
0.341008
0.341019
0.341030
0.341040
0.341051
0.341062
0.341073
0.341084
0.341095
0.341106
0.341116
0.341127
0.341138
0.341149
0.341160
0.341171
0.341181
0.341192
0.341203
0.341214
0.341225
0.341236
0.341246
0.341257
0.341268
0.341279
0.341290
0.341301
0.341312
0.341322
0.341333
0.341344
0.341355
0.341366
0.341377
0.341387
0.341398
0.341409
0.341420
0.341431
0.341442
0.341453
0.341463
0.341474
0.341485
0.341496
0.341507
0.341518
0.341529
0.341539
0.341550
0.341561
0.341572
0.341583
0.341594
0.341605
0.341615
0.341626
0.341637
0.341648
0.341659
0.341670
0.341681
0.341691
0.341702
0.341713
0.341724
0.341735
0.341746
0.341757
0.341767
0.341778
0.341789
0.341800
0.341811
0.341822
0.341833
0.341843
0.341854
0.341865
0.341876
0.341887
0.341898
0.341909
0.341919
0.341930
0.341941
0.341952
0.341963
0.341974
0.341985
0.341996
0.342006
0.342017
0.342028
0.342039
0.342050
0.342061
0.342072
0.342083
0.342093
0.342104
0.342115
0.342126
0.342137
0.342148
0.342159
0.342169
0.342180
0.342191
0.342202
0.342213
0.342224
0.342235
0.342246
0.342256
0.342267
0.342278
0.342289
0.342300
0.342311
0.342322
0.342333
0.342343
0.342354
0.342365
0.342376
0.342387
0.342398
0.342409
0.342420
0.342430
0.342441
0.342452
0.342463
0.342474
0.342485
0.342496
0.342507
0.342517
0.342528
0.342539
0.342550
0.342561
0.342572
0.342583
0.342594
0.342605
0.342615
0.342626
0.342637
0.342648
0.342659
0.342670
0.342681
0.342692
0.342703
0.342713
0.342724
0.342735
0.342746
0.342757
0.342768
0.342779
0.342790
0.342801
0.342811
0.342822
0.342833
0.342844
0.342855
0.342866
0.342877
0.342888
0.342899
0.342909
0.342920
0.342931
0.342942
0.342953
0.342964
0.342975
0.342986
0.342997
0.343008
0.343018
0.343029
0.343040
0.343051
0.343062
0.343073
0.343084
0.343095
0.343106
0.343116
0.343127
0.343138
0.343149
0.343160
0.343171
0.343182
0.343193
0.343204
0.343215
0.343226
0.343236
0.343247
0.343258
0.343269
0.343280
0.343291
0.343302
0.343313
0.343324
0.343335
0.343345
0.343356
0.343367
0.343378
0.343389
0.343400
0.343411
0.343422
0.343433
0.343444
0.343455
0.343465
0.343476
0.343487
0.343498
0.343509
0.343520
0.343531
0.343542
0.343553
0.343564
0.343575
0.343585
0.343596
0.343607
0.343618
0.343629
0.343640
0.343651
0.343662
0.343673
0.343684
0.343695
0.343706
0.343716
0.343727
0.343738
0.343749
0.343760
0.343771
0.343782
0.343793
0.343804
0.343815
0.343826
0.343837
0.343847
0.343858
0.343869
0.343880
0.343891
0.343902
0.343913
0.343924
0.343935
0.343946
0.343957
0.343968
0.343979
0.343989
0.344000
0.344011
0.344022
0.344033
0.344044
0.344055
0.344066
0.344077
0.344088
0.344099
0.344110
0.344121
0.344132
0.344142
0.344153
0.344164
0.344175
0.344186
0.344197
0.344208
0.344219
0.344230
0.344241
0.344252
0.344263
0.344274
0.344285
0.344295
0.344306
0.344317
0.344328
0.344339
0.344350
0.344361
0.344372
0.344383
0.344394
0.344405
0.344416
0.344427
0.344438
0.344449
0.344460
0.344470
0.344481
0.344492
0.344503
0.344514
0.344525
0.344536
0.344547
0.344558
0.344569
0.344580
0.344591
0.344602
0.344613
0.344624
0.344635
0.344646
0.344656
0.344667
0.344678
0.344689
0.344700
0.344711
0.344722
0.344733
0.344744
0.344755
0.344766
0.344777
0.344788
0.344799
0.344810
0.344821
0.344832
0.344843
0.344853
0.344864
0.344875
0.344886
0.344897
0.344908
0.344919
0.344930
0.344941
0.344952
0.344963
0.344974
0.344985
0.344996
0.345007
0.345018
0.345029
0.345040
0.345051
0.345062
0.345073
0.345084
0.345094
0.345105
0.345116
0.345127
0.345138
0.345149
0.345160
0.345171
0.345182
0.345193
0.345204
0.345215
0.345226
0.345237
0.345248
0.345259
0.345270
0.345281
0.345292
0.345303
0.345314
0.345325
0.345336
0.345347
0.345358
0.345368
0.345379
0.345390
0.345401
0.345412
0.345423
0.345434
0.345445
0.345456
0.345467
0.345478
0.345489
0.345500
0.345511
0.345522
0.345533
0.345544
0.345555
0.345566
0.345577
0.345588
0.345599
0.345610
0.345621
0.345632
0.345643
0.345654
0.345665
0.345676
0.345687
0.345698
0.345709
0.345720
0.345730
0.345741
0.345752
0.345763
0.345774
0.345785
0.345796
0.345807
0.345818
0.345829
0.345840
0.345851
0.345862
0.345873
0.345884
0.345895
0.345906
0.345917
0.345928
0.345939
0.345950
0.345961
0.345972
0.345983
0.345994
0.346005
0.346016
0.346027
0.346038
0.346049
0.346060
0.346071
0.346082
0.346093
0.346104
0.346115
0.346126
0.346137
0.346148
0.346159
0.346170
0.346181
0.346192
0.346203
0.346214
0.346225
0.346236
0.346247
0.346258
0.346269
0.346280
0.346291
0.346302
0.346313
0.346324
0.346335
0.346346
0.346357
0.346368
0.346379
0.346390
0.346401
0.346412
0.346423
0.346434
0.346445
0.346456
0.346467
0.346478
0.346489
0.346500
0.346511
0.346522
0.346533
0.346544
0.346555
0.346566
0.346577
0.346588
0.346599
0.346610
0.346621
0.346632
0.346643
0.346654
0.346665
0.346676
0.346687
0.346698
0.346709
0.346720
0.346731
0.346742
0.346753
0.346764
0.346775
0.346786
0.346797
0.346808
0.346819
0.346830
0.346841
0.346852
0.346863
0.346874
0.346885
0.346896
0.346907
0.346918
0.346929
0.346940
0.346951
0.346962
0.346973
0.346984
0.346995
0.347006
0.347017
0.347028
0.347039
0.347050
0.347061
0.347072
0.347083
0.347094
0.347105
0.347116
0.347127
0.347138
0.347149
0.347160
0.347171
0.347182
0.347193
0.347204
0.347215
0.347226
0.347237
0.347248
0.347259
0.347270
0.347281
0.347292
0.347303
0.347314
0.347325
0.347336
0.347347
0.347358
0.347369
0.347380
0.347391
0.347402
0.347413
0.347424
0.347435
0.347446
0.347458
0.347469
0.347480
0.347491
0.347502
0.347513
0.347524
0.347535
0.347546
0.347557
0.347568
0.347579
0.347590
0.347601
0.347612
0.347623
0.347634
0.347645
0.347656
0.347667
0.347678
0.347689
0.347700
0.347711
0.347722
0.347733
0.347744
0.347755
0.347766
0.347777
0.347788
0.347799
0.347810
0.347822
0.347833
0.347844
0.347855
0.347866
0.347877
0.347888
0.347899
0.347910
0.347921
0.347932
0.347943
0.347954
0.347965
0.347976
0.347987
0.347998
0.348009
0.348020
0.348031
0.348042
0.348053
0.348064
0.348075
0.348086
0.348097
0.348109
0.348120
0.348131
0.348142
0.348153
0.348164
0.348175
0.348186
0.348197
0.348208
0.348219
0.348230
0.348241
0.348252
0.348263
0.348274
0.348285
0.348296
0.348307
0.348318
0.348330
0.348341
0.348352
0.348363
0.348374
0.348385
0.348396
0.348407
0.348418
0.348429
0.348440
0.348451
0.348462
0.348473
0.348484
0.348495
0.348506
0.348517
0.348528
0.348540
0.348551
0.348562
0.348573
0.348584
0.348595
0.348606
0.348617
0.348628
0.348639
0.348650
0.348661
0.348672
0.348683
0.348694
0.348705
0.348716
0.348728
0.348739
0.348750
0.348761
0.348772
0.348783
0.348794
0.348805
0.348816
0.348827
0.348838
0.348849
0.348860
0.348871
0.348882
0.348893
0.348905
0.348916
0.348927
0.348938
0.348949
0.348960
0.348971
0.348982
0.348993
0.349004
0.349015
0.349026
0.349037
0.349048
0.349060
0.349071
0.349082
0.349093
0.349104
0.349115
0.349126
0.349137
0.349148
0.349159
0.349170
0.349181
0.349192
0.349203
0.349215
0.349226
0.349237
0.349248
0.349259
0.349270
0.349281
0.349292
0.349303
0.349314
0.349325
0.349336
0.349347
0.349359
0.349370
0.349381
0.349392
0.349403
0.349414
0.349425
0.349436
0.349447
0.349458
0.349469
0.349480
0.349492
0.349503
0.349514
0.349525
0.349536
0.349547
0.349558
0.349569
0.349580
0.349591
0.349602
0.349613
0.349625
0.349636
0.349647
0.349658
0.349669
0.349680
0.349691
0.349702
0.349713
0.349724
0.349735
0.349747
0.349758
0.349769
0.349780
0.349791
0.349802
0.349813
0.349824
0.349835
0.349846
0.349858
0.349869
0.349880
0.349891
0.349902
0.349913
0.349924
0.349935
0.349946
0.349957
0.349968
0.349980
0.349991
0.350002
0.350013
0.350024
0.350035
0.350046
0.350057
0.350068
0.350079
0.350091
0.350102
0.350113
0.350124
0.350135
0.350146
0.350157
0.350168
0.350179
0.350190
0.350202
0.350213
0.350224
0.350235
0.350246
0.350257
0.350268
0.350279
0.350290
0.350302
0.350313
0.350324
0.350335
0.350346
0.350357
0.350368
0.350379
0.350390
0.350402
0.350413
0.350424
0.350435
0.350446
0.350457
0.350468
0.350479
0.350490
0.350502
0.350513
0.350524
0.350535
0.350546
0.350557
0.350568
0.350579
0.350590
0.350602
0.350613
0.350624
0.350635
0.350646
0.350657
0.350668
0.350679
0.350690
0.350702
0.350713
0.350724
0.350735
0.350746
0.350757
0.350768
0.350779
0.350791
0.350802
0.350813
0.350824
0.350835
0.350846
0.350857
0.350868
0.350880
0.350891
0.350902
0.350913
0.350924
0.350935
0.350946
0.350957
0.350969
0.350980
0.350991
0.351002
0.351013
0.351024
0.351035
0.351046
0.351058
0.351069
0.351080
0.351091
0.351102
0.351113
0.351124
0.351135
0.351147
0.351158
0.351169
0.351180
0.351191
0.351202
0.351213
0.351225
0.351236
0.351247
0.351258
0.351269
0.351280
0.351291
0.351302
0.351314
0.351325
0.351336
0.351347
0.351358
0.351369
0.351380
0.351392
0.351403
0.351414
0.351425
0.351436
0.351447
0.351458
0.351470
0.351481
0.351492
0.351503
0.351514
0.351525
0.351536
0.351548
0.351559
0.351570
0.351581
0.351592
0.351603
0.351614
0.351626
0.351637
0.351648
0.351659
0.351670
0.351681
0.351692
0.351704
0.351715
0.351726
0.351737
0.351748
0.351759
0.351770
0.351782
0.351793
0.351804
0.351815
0.351826
0.351837
0.351849
0.351860
0.351871
0.351882
0.351893
0.351904
0.351915
0.351927
0.351938
0.351949
0.351960
0.351971
0.351982
0.351994
0.352005
0.352016
0.352027
0.352038
0.352049
0.352060
0.352072
0.352083
0.352094
0.352105
0.352116
0.352127
0.352139
0.352150
0.352161
0.352172
0.352183
0.352194
0.352206
0.352217
0.352228
0.352239
0.352250
0.352261
0.352273
0.352284
0.352295
0.352306
0.352317
0.352328
0.352339
0.352351
0.352362
0.352373
0.352384
0.352395
0.352407
0.352418
0.352429
0.352440
0.352451
0.352462
0.352474
0.352485
0.352496
0.352507
0.352518
0.352529
0.352541
0.352552
0.352563
0.352574
0.352585
0.352596
0.352608
0.352619
0.352630
0.352641
0.352652
0.352663
0.352675
0.352686
0.352697
0.352708
0.352719
0.352731
0.352742
0.352753
0.352764
0.352775
0.352786
0.352798
0.352809
0.352820
0.352831
0.352842
0.352853
0.352865
0.352876
0.352887
0.352898
0.352909
0.352921
0.352932
0.352943
0.352954
0.352965
0.352977
0.352988
0.352999
0.353010
0.353021
0.353032
0.353044
0.353055
0.353066
0.353077
0.353088
0.353100
0.353111
0.353122
0.353133
0.353144
0.353156
0.353167
0.353178
0.353189
0.353200
0.353211
0.353223
0.353234
0.353245
0.353256
0.353267
0.353279
0.353290
0.353301
0.353312
0.353323
0.353335
0.353346
0.353357
0.353368
0.353379
0.353391
0.353402
0.353413
0.353424
0.353435
0.353447
0.353458
0.353469
0.353480
0.353491
0.353503
0.353514
0.353525
0.353536
0.353547
0.353559
0.353570
0.353581
0.353592
0.353603
0.353615
0.353626
0.353637
0.353648
0.353659
0.353671
0.353682
0.353693
0.353704
0.353715
0.353727
0.353738
0.353749
0.353760
0.353771
0.353783
0.353794
0.353805
0.353816
0.353827
0.353839
0.353850
0.353861
0.353872
0.353884
0.353895
0.353906
0.353917
0.353928
0.353940
0.353951
0.353962
0.353973
0.353984
0.353996
0.354007
0.354018
0.354029
0.354041
0.354052
0.354063
0.354074
0.354085
0.354097
0.354108
0.354119
0.354130
0.354141
0.354153
0.354164
0.354175
0.354186
0.354198
0.354209
0.354220
0.354231
0.354242
0.354254
0.354265
0.354276
0.354287
0.354299
0.354310
0.354321
0.354332
0.354343
0.354355
0.354366
0.354377
0.354388
0.354400
0.354411
0.354422
0.354433
0.354444
0.354456
0.354467
0.354478
0.354489
0.354501
0.354512
0.354523
0.354534
0.354546
0.354557
0.354568
0.354579
0.354590
0.354602
0.354613
0.354624
0.354635
0.354647
0.354658
0.354669
0.354680
0.354692
0.354703
0.354714
0.354725
0.354736
0.354748
0.354759
0.354770
0.354781
0.354793
0.354804
0.354815
0.354826
0.354838
0.354849
0.354860
0.354871
0.354883
0.354894
0.354905
0.354916
0.354927
0.354939
0.354950
0.354961
0.354972
0.354984
0.354995
0.355006
0.355017
0.355029
0.355040
0.355051
0.355062
0.355074
0.355085
0.355096
0.355107
0.355119
0.355130
0.355141
0.355152
0.355164
0.355175
0.355186
0.355197
0.355209
0.355220
0.355231
0.355242
0.355254
0.355265
0.355276
0.355287
0.355299
0.355310
0.355321
0.355332
0.355344
0.355355
0.355366
0.355377
0.355389
0.355400
0.355411
0.355422
0.355434
0.355445
0.355456
0.355467
0.355479
0.355490
0.355501
0.355512
0.355524
0.355535
0.355546
0.355557
0.355569
0.355580
0.355591
0.355603
0.355614
0.355625
0.355636
0.355648
0.355659
0.355670
0.355681
0.355693
0.355704
0.355715
0.355726
0.355738
0.355749
0.355760
0.355771
0.355783
0.355794
0.355805
0.355817
0.355828
0.355839
0.355850
0.355862
0.355873
0.355884
0.355895
0.355907
0.355918
0.355929
0.355940
0.355952
0.355963
0.355974
0.355986
0.355997
0.356008
0.356019
0.356031
0.356042
0.356053
0.356064
0.356076
0.356087
0.356098
0.356110
0.356121
0.356132
0.356143
0.356155
0.356166
0.356177
0.356188
0.356200
0.356211
0.356222
0.356234
0.356245
0.356256
0.356267
0.356279
0.356290
0.356301
0.356313
0.356324
0.356335
0.356346
0.356358
0.356369
0.356380
0.356392
0.356403
0.356414
0.356425
0.356437
0.356448
0.356459
0.356471
0.356482
0.356493
0.356504
0.356516
0.356527
0.356538
0.356550
0.356561
0.356572
0.356583
0.356595
0.356606
0.356617
0.356629
0.356640
0.356651
0.356662
0.356674
0.356685
0.356696
0.356708
0.356719
0.356730
0.356741
0.356753
0.356764
0.356775
0.356787
0.356798
0.356809
0.356821
0.356832
0.356843
0.356854
0.356866
0.356877
0.356888
0.356900
0.356911
0.356922
0.356933
0.356945
0.356956
0.356967
0.356979
0.356990
0.357001
0.357013
0.357024
0.357035
0.357046
0.357058
0.357069
0.357080
0.357092
0.357103
0.357114
0.357126
0.357137
0.357148
0.357159
0.357171
0.357182
0.357193
0.357205
0.357216
0.357227
0.357239
0.357250
0.357261
0.357273
0.357284
0.357295
0.357306
0.357318
0.357329
0.357340
0.357352
0.357363
0.357374
0.357386
0.357397
0.357408
0.357420
0.357431
0.357442
0.357454
0.357465
0.357476
0.357488
0.357499
0.357510
0.357521
0.357533
0.357544
0.357555
0.357567
0.357578
0.357589
0.357601
0.357612
0.357623
0.357635
0.357646
0.357657
0.357669
0.357680
0.357691
0.357703
0.357714
0.357725
0.357736
0.357748
0.357759
0.357770
0.357782
0.357793
0.357804
0.357816
0.357827
0.357838
0.357850
0.357861
0.357872
0.357884
0.357895
0.357906
0.357918
0.357929
0.357940
0.357952
0.357963
0.357974
0.357986
0.357997
0.358008
0.358020
0.358031
0.358042
0.358054
0.358065
0.358076
0.358088
0.358099
0.358110
0.358122
0.358133
0.358144
0.358156
0.358167
0.358178
0.358190
0.358201
0.358212
0.358224
0.358235
0.358246
0.358258
0.358269
0.358280
0.358292
0.358303
0.358314
0.358326
0.358337
0.358348
0.358360
0.358371
0.358382
0.358394
0.358405
0.358416
0.358428
0.358439
0.358450
0.358462
0.358473
0.358484
0.358496
0.358507
0.358518
0.358530
0.358541
0.358552
0.358564
0.358575
0.358586
0.358598
0.358609
0.358621
0.358632
0.358643
0.358655
0.358666
0.358677
0.358689
0.358700
0.358711
0.358723
0.358734
0.358745
0.358757
0.358768
0.358779
0.358791
0.358802
0.358813
0.358825
0.358836
0.358848
0.358859
0.358870
0.358882
0.358893
0.358904
0.358916
0.358927
0.358938
0.358950
0.358961
0.358972
0.358984
0.358995
0.359007
0.359018
0.359029
0.359041
0.359052
0.359063
0.359075
0.359086
0.359097
0.359109
0.359120
0.359132
0.359143
0.359154
0.359166
0.359177
0.359188
0.359200
0.359211
0.359222
0.359234
0.359245
0.359256
0.359268
0.359279
0.359291
0.359302
0.359313
0.359325
0.359336
0.359347
0.359359
0.359370
0.359382
0.359393
0.359404
0.359416
0.359427
0.359438
0.359450
0.359461
0.359472
0.359484
0.359495
0.359507
0.359518
0.359529
0.359541
0.359552
0.359563
0.359575
0.359586
0.359598
0.359609
0.359620
0.359632
0.359643
0.359654
0.359666
0.359677
0.359689
0.359700
0.359711
0.359723
0.359734
0.359745
0.359757
0.359768
0.359780
0.359791
0.359802
0.359814
0.359825
0.359837
0.359848
0.359859
0.359871
0.359882
0.359893
0.359905
0.359916
0.359928
0.359939
0.359950
0.359962
0.359973
0.359985
0.359996
0.360007
0.360019
0.360030
0.360041
0.360053
0.360064
0.360076
0.360087
0.360098
0.360110
0.360121
0.360133
0.360144
0.360155
0.360167
0.360178
0.360189
0.360201
0.360212
0.360224
0.360235
0.360246
0.360258
0.360269
0.360281
0.360292
0.360303
0.360315
0.360326
0.360338
0.360349
0.360360
0.360372
0.360383
0.360395
0.360406
0.360417
0.360429
0.360440
0.360452
0.360463
0.360474
0.360486
0.360497
0.360509
0.360520
0.360531
0.360543
0.360554
0.360566
0.360577
0.360588
0.360600
0.360611
0.360623
0.360634
0.360645
0.360657
0.360668
0.360680
0.360691
0.360703
0.360714
0.360725
0.360737
0.360748
0.360759
0.360771
0.360782
0.360794
0.360805
0.360817
0.360828
0.360839
0.360851
0.360862
0.360874
0.360885
0.360896
0.360908
0.360919
0.360931
0.360942
0.360954
0.360965
0.360976
0.360988
0.360999
0.361011
0.361022
0.361033
0.361045
0.361056
0.361068
0.361079
0.361091
0.361102
0.361113
0.361125
0.361136
0.361148
0.361159
0.361170
0.361182
0.361193
0.361205
0.361216
0.361228
0.361239
0.361250
0.361262
0.361273
0.361285
0.361296
0.361308
0.361319
0.361330
0.361342
0.361353
0.361365
0.361376
0.361387
0.361399
0.361410
0.361422
0.361433
0.361445
0.361456
0.361467
0.361479
0.361490
0.361502
0.361513
0.361525
0.361536
0.361547
0.361559
0.361570
0.361582
0.361593
0.361605
0.361616
0.361628
0.361639
0.361650
0.361662
0.361673
0.361685
0.361696
0.361708
0.361719
0.361730
0.361742
0.361753
0.361765
0.361776
0.361788
0.361799
0.361810
0.361822
0.361833
0.361845
0.361856
0.361868
0.361879
0.361891
0.361902
0.361913
0.361925
0.361936
0.361948
0.361959
0.361971
0.361982
0.361994
0.362005
0.362016
0.362028
0.362039
0.362051
0.362062
0.362074
0.362085
0.362097
0.362108
0.362119
0.362131
0.362142
0.362154
0.362165
0.362177
0.362188
0.362200
0.362211
0.362222
0.362234
0.362245
0.362257
0.362268
0.362280
0.362291
0.362303
0.362314
0.362326
0.362337
0.362348
0.362360
0.362371
0.362383
0.362394
0.362406
0.362417
0.362429
0.362440
0.362452
0.362463
0.362474
0.362486
0.362497
0.362509
0.362520
0.362532
0.362543
0.362555
0.362566
0.362578
0.362589
0.362601
0.362612
0.362623
0.362635
0.362646
0.362658
0.362669
0.362681
0.362692
0.362704
0.362715
0.362727
0.362738
0.362750
0.362761
0.362772
0.362784
0.362795
0.362807
0.362818
0.362830
0.362841
0.362853
0.362864
0.362876
0.362887
0.362899
0.362910
0.362922
0.362933
0.362944
0.362956
0.362967
0.362979
0.362990
0.363002
0.363013
0.363025
0.363036
0.363048
0.363059
0.363071
0.363082
0.363094
0.363105
0.363117
0.363128
0.363140
0.363151
0.363163
0.363174
0.363185
0.363197
0.363208
0.363220
0.363231
0.363243
0.363254
0.363266
0.363277
0.363289
0.363300
0.363312
0.363323
0.363335
0.363346
0.363358
0.363369
0.363381
0.363392
0.363404
0.363415
0.363427
0.363438
0.363450
0.363461
0.363472
0.363484
0.363496
0.363507
0.363518
0.363530
0.363541
0.363553
0.363564
0.363576
0.363587
0.363599
0.363610
0.363622
0.363633
0.363645
0.363656
0.363668
0.363679
0.363691
0.363702
0.363714
0.363725
0.363737
0.363748
0.363760
0.363771
0.363783
0.363794
0.363806
0.363817
0.363829
0.363840
0.363852
0.363863
0.363875
0.363886
0.363898
0.363909
0.363921
0.363932
0.363944
0.363955
0.363967
0.363978
0.363990
0.364001
0.364013
0.364024
0.364036
0.364047
0.364059
0.364070
0.364082
0.364093
0.364105
0.364116
0.364128
0.364139
0.364151
0.364162
0.364174
0.364185
0.364197
0.364208
0.364220
0.364231
0.364243
0.364254
0.364266
0.364277
0.364289
0.364300
0.364312
0.364323
0.364335
0.364346
0.364358
0.364369
0.364381
0.364392
0.364404
0.364415
0.364427
0.364438
0.364450
0.364462
0.364473
0.364485
0.364496
0.364508
0.364519
0.364531
0.364542
0.364554
0.364565
0.364577
0.364588
0.364600
0.364611
0.364623
0.364634
0.364646
0.364657
0.364669
0.364680
0.364692
0.364703
0.364715
0.364726
0.364738
0.364750
0.364761
0.364773
0.364784
0.364796
0.364807
0.364819
0.364830
0.364842
0.364853
0.364865
0.364876
0.364888
0.364899
0.364911
0.364922
0.364934
0.364945
0.364957
0.364968
0.364980
0.364992
0.365003
0.365015
0.365026
0.365038
0.365049
0.365061
0.365072
0.365084
0.365095
0.365107
0.365118
0.365130
0.365141
0.365153
0.365165
0.365176
0.365188
0.365199
0.365211
0.365222
0.365234
0.365245
0.365257
0.365268
0.365280
0.365291
0.365303
0.365315
0.365326
0.365338
0.365349
0.365361
0.365372
0.365384
0.365395
0.365407
0.365418
0.365430
0.365441
0.365453
0.365465
0.365476
0.365488
0.365499
0.365511
0.365522
0.365534
0.365545
0.365557
0.365568
0.365580
0.365592
0.365603
0.365615
0.365626
0.365638
0.365649
0.365661
0.365672
0.365684
0.365695
0.365707
0.365719
0.365730
0.365742
0.365753
0.365765
0.365776
0.365788
0.365799
0.365811
0.365823
0.365834
0.365846
0.365857
0.365869
0.365880
0.365892
0.365903
0.365915
0.365927
0.365938
0.365950
0.365961
0.365973
0.365984
0.365996
0.366007
0.366019
0.366031
0.366042
0.366054
0.366065
0.366077
0.366088
0.366100
0.366111
0.366123
0.366135
0.366146
0.366158
0.366169
0.366181
0.366192
0.366204
0.366216
0.366227
0.366239
0.366250
0.366262
0.366273
0.366285
0.366297
0.366308
0.366320
0.366331
0.366343
0.366354
0.366366
0.366377
0.366389
0.366401
0.366412
0.366424
0.366435
0.366447
0.366458
0.366470
0.366482
0.366493
0.366505
0.366516
0.366528
0.366539
0.366551
0.366563
0.366574
0.366586
0.366597
0.366609
0.366620
0.366632
0.366644
0.366655
0.366667
0.366678
0.366690
0.366702
0.366713
0.366725
0.366736
0.366748
0.366759
0.366771
0.366783
0.366794
0.366806
0.366817
0.366829
0.366840
0.366852
0.366864
0.366875
0.366887
0.366898
0.366910
0.366922
0.366933
0.366945
0.366956
0.366968
0.366980
0.366991
0.367003
0.367014
0.367026
0.367037
0.367049
0.367061
0.367072
0.367084
0.367095
0.367107
0.367119
0.367130
0.367142
0.367153
0.367165
0.367177
0.367188
0.367200
0.367211
0.367223
0.367235
0.367246
0.367258
0.367269
0.367281
0.367292
0.367304
0.367316
0.367327
0.367339
0.367350
0.367362
0.367374
0.367385
0.367397
0.367408
0.367420
0.367432
0.367443
0.367455
0.367466
0.367478
0.367490
0.367501
0.367513
0.367524
0.367536
0.367548
0.367559
0.367571
0.367582
0.367594
0.367606
0.367617
0.367629
0.367641
0.367652
0.367664
0.367675
0.367687
0.367699
0.367710
0.367722
0.367733
0.367745
0.367757
0.367768
0.367780
0.367791
0.367803
0.367815
0.367826
0.367838
0.367849
0.367861
0.367873
0.367884
0.367896
0.367908
0.367919
0.367931
0.367942
0.367954
0.367966
0.367977
0.367989
0.368000
0.368012
0.368024
0.368035
0.368047
0.368059
0.368070
0.368082
0.368093
0.368105
0.368117
0.368128
0.368140
0.368151
0.368163
0.368175
0.368186
0.368198
0.368210
0.368221
0.368233
0.368244
0.368256
0.368268
0.368279
0.368291
0.368303
0.368314
0.368326
0.368337
0.368349
0.368361
0.368372
0.368384
0.368396
0.368407
0.368419
0.368430
0.368442
0.368454
0.368465
0.368477
0.368489
0.368500
0.368512
0.368523
0.368535
0.368547
0.368558
0.368570
0.368582
0.368593
0.368605
0.368617
0.368628
0.368640
0.368651
0.368663
0.368675
0.368686
0.368698
0.368710
0.368721
0.368733
0.368745
0.368756
0.368768
0.368779
0.368791
0.368803
0.368814
0.368826
0.368838
0.368849
0.368861
0.368873
0.368884
0.368896
0.368907
0.368919
0.368931
0.368942
0.368954
0.368966
0.368977
0.368989
0.369001
0.369012
0.369024
0.369036
0.369047
0.369059
0.369070
0.369082
0.369094
0.369105
0.369117
0.369129
0.369140
0.369152
0.369164
0.369175
0.369187
0.369199
0.369210
0.369222
0.369234
0.369245
0.369257
0.369268
0.369280
0.369292
0.369303
0.369315
0.369327
0.369338
0.369350
0.369362
0.369373
0.369385
0.369397
0.369408
0.369420
0.369432
0.369443
0.369455
0.369467
0.369478
0.369490
0.369502
0.369513
0.369525
0.369537
0.369548
0.369560
0.369572
0.369583
0.369595
0.369607
0.369618
0.369630
0.369642
0.369653
0.369665
0.369677
0.369688
0.369700
0.369712
0.369723
0.369735
0.369747
0.369758
0.369770
0.369782
0.369793
0.369805
0.369817
0.369828
0.369840
0.369852
0.369863
0.369875
0.369887
0.369898
0.369910
0.369922
0.369933
0.369945
0.369957
0.369968
0.369980
0.369992
0.370003
0.370015
0.370027
0.370038
0.370050
0.370062
0.370073
0.370085
0.370097
0.370108
0.370120
0.370132
0.370143
0.370155
0.370167
0.370178
0.370190
0.370202
0.370213
0.370225
0.370237
0.370248
0.370260
0.370272
0.370283
0.370295
0.370307
0.370319
0.370330
0.370342
0.370354
0.370365
0.370377
0.370389
0.370400
0.370412
0.370424
0.370435
0.370447
0.370459
0.370470
0.370482
0.370494
0.370505
0.370517
0.370529
0.370541
0.370552
0.370564
0.370576
0.370587
0.370599
0.370611
0.370622
0.370634
0.370646
0.370657
0.370669
0.370681
0.370693
0.370704
0.370716
0.370728
0.370739
0.370751
0.370763
0.370774
0.370786
0.370798
0.370809
0.370821
0.370833
0.370845
0.370856
0.370868
0.370880
0.370891
0.370903
0.370915
0.370926
0.370938
0.370950
0.370962
0.370973
0.370985
0.370997
0.371008
0.371020
0.371032
0.371043
0.371055
0.371067
0.371079
0.371090
0.371102
0.371114
0.371125
0.371137
0.371149
0.371160
0.371172
0.371184
0.371196
0.371207
0.371219
0.371231
0.371242
0.371254
0.371266
0.371278
0.371289
0.371301
0.371313
0.371324
0.371336
0.371348
0.371360
0.371371
0.371383
0.371395
0.371406
0.371418
0.371430
0.371442
0.371453
0.371465
0.371477
0.371488
0.371500
0.371512
0.371524
0.371535
0.371547
0.371559
0.371570
0.371582
0.371594
0.371606
0.371617
0.371629
0.371641
0.371652
0.371664
0.371676
0.371688
0.371699
0.371711
0.371723
0.371734
0.371746
0.371758
0.371770
0.371781
0.371793
0.371805
0.371817
0.371828
0.371840
0.371852
0.371863
0.371875
0.371887
0.371899
0.371910
0.371922
0.371934
0.371946
0.371957
0.371969
0.371981
0.371992
0.372004
0.372016
0.372028
0.372039
0.372051
0.372063
0.372075
0.372086
0.372098
0.372110
0.372122
0.372133
0.372145
0.372157
0.372168
0.372180
0.372192
0.372204
0.372215
0.372227
0.372239
0.372251
0.372262
0.372274
0.372286
0.372298
0.372309
0.372321
0.372333
0.372344
0.372356
0.372368
0.372380
0.372391
0.372403
0.372415
0.372427
0.372438
0.372450
0.372462
0.372474
0.372485
0.372497
0.372509
0.372521
0.372532
0.372544
0.372556
0.372568
0.372579
0.372591
0.372603
0.372615
0.372626
0.372638
0.372650
0.372662
0.372673
0.372685
0.372697
0.372709
0.372720
0.372732
0.372744
0.372756
0.372767
0.372779
0.372791
0.372803
0.372814
0.372826
0.372838
0.372850
0.372861
0.372873
0.372885
0.372897
0.372908
0.372920
0.372932
0.372944
0.372955
0.372967
0.372979
0.372991
0.373002
0.373014
0.373026
0.373038
0.373049
0.373061
0.373073
0.373085
0.373097
0.373108
0.373120
0.373132
0.373144
0.373155
0.373167
0.373179
0.373191
0.373202
0.373214
0.373226
0.373238
0.373249
0.373261
0.373273
0.373285
0.373297
0.373308
0.373320
0.373332
0.373344
0.373355
0.373367
0.373379
0.373391
0.373402
0.373414
0.373426
0.373438
0.373449
0.373461
0.373473
0.373485
0.373497
0.373508
0.373520
0.373532
0.373544
0.373555
0.373567
0.373579
0.373591
0.373603
0.373614
0.373626
0.373638
0.373650
0.373661
0.373673
0.373685
0.373697
0.373709
0.373720
0.373732
0.373744
0.373756
0.373767
0.373779
0.373791
0.373803
0.373815
0.373826
0.373838
0.373850
0.373862
0.373873
0.373885
0.373897
0.373909
0.373921
0.373932
0.373944
0.373956
0.373968
0.373980
0.373991
0.374003
0.374015
0.374027
0.374039
0.374050
0.374062
0.374074
0.374086
0.374097
0.374109
0.374121
0.374133
0.374145
0.374156
0.374168
0.374180
0.374192
0.374204
0.374215
0.374227
0.374239
0.374251
0.374263
0.374274
0.374286
0.374298
0.374310
0.374321
0.374333
0.374345
0.374357
0.374369
0.374380
0.374392
0.374404
0.374416
0.374428
0.374439
0.374451
0.374463
0.374475
0.374487
0.374498
0.374510
0.374522
0.374534
0.374546
0.374557
0.374569
0.374581
0.374593
0.374605
0.374616
0.374628
0.374640
0.374652
0.374664
0.374676
0.374687
0.374699
0.374711
0.374723
0.374735
0.374746
0.374758
0.374770
0.374782
0.374794
0.374805
0.374817
0.374829
0.374841
0.374853
0.374864
0.374876
0.374888
0.374900
0.374912
0.374924
0.374935
0.374947
0.374959
0.374971
0.374983
0.374994
0.375006
0.375018
0.375030
0.375042
0.375053
0.375065
0.375077
0.375089
0.375101
0.375113
0.375124
0.375136
0.375148
0.375160
0.375172
0.375183
0.375195
0.375207
0.375219
0.375231
0.375243
0.375254
0.375266
0.375278
0.375290
0.375302
0.375314
0.375325
0.375337
0.375349
0.375361
0.375373
0.375385
0.375396
0.375408
0.375420
0.375432
0.375444
0.375455
0.375467
0.375479
0.375491
0.375503
0.375515
0.375526
0.375538
0.375550
0.375562
0.375574
0.375586
0.375597
0.375609
0.375621
0.375633
0.375645
0.375657
0.375668
0.375680
0.375692
0.375704
0.375716
0.375728
0.375739
0.375751
0.375763
0.375775
0.375787
0.375799
0.375810
0.375822
0.375834
0.375846
0.375858
0.375870
0.375882
0.375893
0.375905
0.375917
0.375929
0.375941
0.375953
0.375964
0.375976
0.375988
0.376000
0.376012
0.376024
0.376035
0.376047
0.376059
0.376071
0.376083
0.376095
0.376107
0.376118
0.376130
0.376142
0.376154
0.376166
0.376178
0.376189
0.376201
0.376213
0.376225
0.376237
0.376249
0.376261
0.376272
0.376284
0.376296
0.376308
0.376320
0.376332
0.376344
0.376355
0.376367
0.376379
0.376391
0.376403
0.376415
0.376427
0.376438
0.376450
0.376462
0.376474
0.376486
0.376498
0.376509
0.376521
0.376533
0.376545
0.376557
0.376569
0.376581
0.376593
0.376604
0.376616
0.376628
0.376640
0.376652
0.376664
0.376676
0.376687
0.376699
0.376711
0.376723
0.376735
0.376747
0.376759
0.376770
0.376782
0.376794
0.376806
0.376818
0.376830
0.376842
0.376854
0.376865
0.376877
0.376889
0.376901
0.376913
0.376925
0.376937
0.376949
0.376960
0.376972
0.376984
0.376996
0.377008
0.377020
0.377032
0.377043
0.377055
0.377067
0.377079
0.377091
0.377103
0.377115
0.377127
0.377138
0.377150
0.377162
0.377174
0.377186
0.377198
0.377210
0.377222
0.377234
0.377245
0.377257
0.377269
0.377281
0.377293
0.377305
0.377317
0.377329
0.377340
0.377352
0.377364
0.377376
0.377388
0.377400
0.377412
0.377424
0.377435
0.377447
0.377459
0.377471
0.377483
0.377495
0.377507
0.377519
0.377531
0.377542
0.377554
0.377566
0.377578
0.377590
0.377602
0.377614
0.377626
0.377638
0.377649
0.377661
0.377673
0.377685
0.377697
0.377709
0.377721
0.377733
0.377745
0.377757
0.377768
0.377780
0.377792
0.377804
0.377816
0.377828
0.377840
0.377852
0.377864
0.377875
0.377887
0.377899
0.377911
0.377923
0.377935
0.377947
0.377959
0.377971
0.377983
0.377994
0.378006
0.378018
0.378030
0.378042
0.378054
0.378066
0.378078
0.378090
0.378102
0.378113
0.378125
0.378137
0.378149
0.378161
0.378173
0.378185
0.378197
0.378209
0.378221
0.378233
0.378244
0.378256
0.378268
0.378280
0.378292
0.378304
0.378316
0.378328
0.378340
0.378352
0.378364
0.378375
0.378387
0.378399
0.378411
0.378423
0.378435
0.378447
0.378459
0.378471
0.378483
0.378495
0.378506
0.378518
0.378530
0.378542
0.378554
0.378566
0.378578
0.378590
0.378602
0.378614
0.378626
0.378638
0.378649
0.378661
0.378673
0.378685
0.378697
0.378709
0.378721
0.378733
0.378745
0.378757
0.378769
0.378781
0.378793
0.378804
0.378816
0.378828
0.378840
0.378852
0.378864
0.378876
0.378888
0.378900
0.378912
0.378924
0.378936
0.378948
0.378960
0.378971
0.378983
0.378995
0.379007
0.379019
0.379031
0.379043
0.379055
0.379067
0.379079
0.379091
0.379103
0.379115
0.379127
0.379138
0.379150
0.379162
0.379174
0.379186
0.379198
0.379210
0.379222
0.379234
0.379246
0.379258
0.379270
0.379282
0.379294
0.379306
0.379318
0.379329
0.379341
0.379353
0.379365
0.379377
0.379389
0.379401
0.379413
0.379425
0.379437
0.379449
0.379461
0.379473
0.379485
0.379497
0.379509
0.379520
0.379532
0.379544
0.379556
0.379568
0.379580
0.379592
0.379604
0.379616
0.379628
0.379640
0.379652
0.379664
0.379676
0.379688
0.379700
0.379712
0.379724
0.379736
0.379747
0.379759
0.379771
0.379783
0.379795
0.379807
0.379819
0.379831
0.379843
0.379855
0.379867
0.379879
0.379891
0.379903
0.379915
0.379927
0.379939
0.379951
0.379963
0.379975
0.379987
0.379999
0.380010
0.380022
0.380034
0.380046
0.380058
0.380070
0.380082
0.380094
0.380106
0.380118
0.380130
0.380142
0.380154
0.380166
0.380178
0.380190
0.380202
0.380214
0.380226
0.380238
0.380250
0.380262
0.380274
0.380286
0.380298
0.380310
0.380322
0.380333
0.380345
0.380357
0.380369
0.380381
0.380393
0.380405
0.380417
0.380429
0.380441
0.380453
0.380465
0.380477
0.380489
0.380501
0.380513
0.380525
0.380537
0.380549
0.380561
0.380573
0.380585
0.380597
0.380609
0.380621
0.380633
0.380645
0.380657
0.380669
0.380681
0.380693
0.380705
0.380717
0.380729
0.380741
0.380752
0.380764
0.380776
0.380788
0.380800
0.380812
0.380824
0.380836
0.380848
0.380860
0.380872
0.380884
0.380896
0.380908
0.380920
0.380932
0.380944
0.380956
0.380968
0.380980
0.380992
0.381004
0.381016
0.381028
0.381040
0.381052
0.381064
0.381076
0.381088
0.381100
0.381112
0.381124
0.381136
0.381148
0.381160
0.381172
0.381184
0.381196
0.381208
0.381220
0.381232
0.381244
0.381256
0.381268
0.381280
0.381292
0.381304
0.381316
0.381328
0.381340
0.381352
0.381364
0.381376
0.381388
0.381400
0.381412
0.381424
0.381436
0.381448
0.381460
0.381472
0.381484
0.381496
0.381508
0.381520
0.381532
0.381544
0.381556
0.381568
0.381580
0.381592
0.381604
0.381616
0.381628
0.381640
0.381652
0.381664
0.381676
0.381688
0.381700
0.381712
0.381724
0.381736
0.381748
0.381760
0.381772
0.381784
0.381796
0.381808
0.381820
0.381832
0.381844
0.381856
0.381868
0.381880
0.381892
0.381904
0.381916
0.381928
0.381940
0.381952
0.381964
0.381976
0.381988
0.382000
0.382012
0.382024
0.382036
0.382048
0.382060
0.382072
0.382084
0.382096
0.382108
0.382120
0.382132
0.382144
0.382156
0.382168
0.382180
0.382192
0.382204
0.382216
0.382228
0.382241
0.382253
0.382265
0.382277
0.382289
0.382301
0.382313
0.382325
0.382337
0.382349
0.382361
0.382373
0.382385
0.382397
0.382409
0.382421
0.382433
0.382445
0.382457
0.382469
0.382481
0.382493
0.382505
0.382517
0.382529
0.382541
0.382553
0.382565
0.382577
0.382589
0.382601
0.382613
0.382625
0.382637
0.382649
0.382661
0.382673
0.382686
0.382698
0.382710
0.382722
0.382734
0.382746
0.382758
0.382770
0.382782
0.382794
0.382806
0.382818
0.382830
0.382842
0.382854
0.382866
0.382878
0.382890
0.382902
0.382914
0.382926
0.382938
0.382950
0.382962
0.382974
0.382986
0.382998
0.383011
0.383023
0.383035
0.383047
0.383059
0.383071
0.383083
0.383095
0.383107
0.383119
0.383131
0.383143
0.383155
0.383167
0.383179
0.383191
0.383203
0.383215
0.383227
0.383239
0.383251
0.383264
0.383276
0.383288
0.383300
0.383312
0.383324
0.383336
0.383348
0.383360
0.383372
0.383384
0.383396
0.383408
0.383420
0.383432
0.383444
0.383456
0.383468
0.383480
0.383493
0.383505
0.383517
0.383529
0.383541
0.383553
0.383565
0.383577
0.383589
0.383601
0.383613
0.383625
0.383637
0.383649
0.383661
0.383673
0.383685
0.383698
0.383710
0.383722
0.383734
0.383746
0.383758
0.383770
0.383782
0.383794
0.383806
0.383818
0.383830
0.383842
0.383854
0.383866
0.383879
0.383891
0.383903
0.383915
0.383927
0.383939
0.383951
0.383963
0.383975
0.383987
0.383999
0.384011
0.384023
0.384035
0.384047
0.384060
0.384072
0.384084
0.384096
0.384108
0.384120
0.384132
0.384144
0.384156
0.384168
0.384180
0.384192
0.384204
0.384217
0.384229
0.384241
0.384253
0.384265
0.384277
0.384289
0.384301
0.384313
0.384325
0.384337
0.384349
0.384362
0.384374
0.384386
0.384398
0.384410
0.384422
0.384434
0.384446
0.384458
0.384470
0.384482
0.384494
0.384506
0.384519
0.384531
0.384543
0.384555
0.384567
0.384579
0.384591
0.384603
0.384615
0.384627
0.384639
0.384652
0.384664
0.384676
0.384688
0.384700
0.384712
0.384724
0.384736
0.384748
0.384760
0.384772
0.384785
0.384797
0.384809
0.384821
0.384833
0.384845
0.384857
0.384869
0.384881
0.384893
0.384906
0.384918
0.384930
0.384942
0.384954
0.384966
0.384978
0.384990
0.385002
0.385014
0.385026
0.385039
0.385051
0.385063
0.385075
0.385087
0.385099
0.385111
0.385123
0.385135
0.385147
0.385160
0.385172
0.385184
0.385196
0.385208
0.385220
0.385232
0.385244
0.385256
0.385269
0.385281
0.385293
0.385305
0.385317
0.385329
0.385341
0.385353
0.385365
0.385378
0.385390
0.385402
0.385414
0.385426
0.385438
0.385450
0.385462
0.385474
0.385487
0.385499
0.385511
0.385523
0.385535
0.385547
0.385559
0.385571
0.385583
0.385596
0.385608
0.385620
0.385632
0.385644
0.385656
0.385668
0.385680
0.385693
0.385705
0.385717
0.385729
0.385741
0.385753
0.385765
0.385777
0.385789
0.385802
0.385814
0.385826
0.385838
0.385850
0.385862
0.385874
0.385886
0.385899
0.385911
0.385923
0.385935
0.385947
0.385959
0.385971
0.385983
0.385996
0.386008
0.386020
0.386032
0.386044
0.386056
0.386068
0.386080
0.386093
0.386105
0.386117
0.386129
0.386141
0.386153
0.386165
0.386177
0.386190
0.386202
0.386214
0.386226
0.386238
0.386250
0.386262
0.386275
0.386287
0.386299
0.386311
0.386323
0.386335
0.386347
0.386360
0.386372
0.386384
0.386396
0.386408
0.386420
0.386432
0.386445
0.386457
0.386469
0.386481
0.386493
0.386505
0.386517
0.386530
0.386542
0.386554
0.386566
0.386578
0.386590
0.386602
0.386615
0.386627
0.386639
0.386651
0.386663
0.386675
0.386687
0.386700
0.386712
0.386724
0.386736
0.386748
0.386760
0.386772
0.386785
0.386797
0.386809
0.386821
0.386833
0.386845
0.386858
0.386870
0.386882
0.386894
0.386906
0.386918
0.386930
0.386943
0.386955
0.386967
0.386979
0.386991
0.387003
0.387015
0.387028
0.387040
0.387052
0.387064
0.387076
0.387088
0.387101
0.387113
0.387125
0.387137
0.387149
0.387161
0.387174
0.387186
0.387198
0.387210
0.387222
0.387234
0.387246
0.387259
0.387271
0.387283
0.387295
0.387307
0.387319
0.387332
0.387344
0.387356
0.387368
0.387380
0.387393
0.387405
0.387417
0.387429
0.387441
0.387453
0.387466
0.387478
0.387490
0.387502
0.387514
0.387526
0.387539
0.387551
0.387563
0.387575
0.387587
0.387599
0.387612
0.387624
0.387636
0.387648
0.387660
0.387672
0.387685
0.387697
0.387709
0.387721
0.387733
0.387745
0.387758
0.387770
0.387782
0.387794
0.387806
0.387819
0.387831
0.387843
0.387855
0.387867
0.387879
0.387892
0.387904
0.387916
0.387928
0.387940
0.387953
0.387965
0.387977
0.387989
0.388001
0.388013
0.388026
0.388038
0.388050
0.388062
0.388074
0.388087
0.388099
0.388111
0.388123
0.388135
0.388148
0.388160
0.388172
0.388184
0.388196
0.388208
0.388221
0.388233
0.388245
0.388257
0.388269
0.388282
0.388294
0.388306
0.388318
0.388330
0.388343
0.388355
0.388367
0.388379
0.388391
0.388404
0.388416
0.388428
0.388440
0.388452
0.388464
0.388477
0.388489
0.388501
0.388513
0.388526
0.388538
0.388550
0.388562
0.388574
0.388587
0.388599
0.388611
0.388623
0.388635
0.388648
0.388660
0.388672
0.388684
0.388696
0.388709
0.388721
0.388733
0.388745
0.388757
0.388770
0.388782
0.388794
0.388806
0.388818
0.388831
0.388843
0.388855
0.388867
0.388879
0.388892
0.388904
0.388916
0.388928
0.388940
0.388953
0.388965
0.388977
0.388989
0.389002
0.389014
0.389026
0.389038
0.389050
0.389063
0.389075
0.389087
0.389099
0.389111
0.389124
0.389136
0.389148
0.389160
0.389173
0.389185
0.389197
0.389209
0.389221
0.389234
0.389246
0.389258
0.389270
0.389282
0.389295
0.389307
0.389319
0.389331
0.389344
0.389356
0.389368
0.389380
0.389393
0.389405
0.389417
0.389429
0.389441
0.389454
0.389466
0.389478
0.389490
0.389503
0.389515
0.389527
0.389539
0.389551
0.389564
0.389576
0.389588
0.389600
0.389613
0.389625
0.389637
0.389649
0.389662
0.389674
0.389686
0.389698
0.389710
0.389723
0.389735
0.389747
0.389759
0.389772
0.389784
0.389796
0.389808
0.389821
0.389833
0.389845
0.389857
0.389869
0.389882
0.389894
0.389906
0.389918
0.389931
0.389943
0.389955
0.389967
0.389980
0.389992
0.390004
0.390016
0.390029
0.390041
0.390053
0.390065
0.390078
0.390090
0.390102
0.390114
0.390127
0.390139
0.390151
0.390163
0.390176
0.390188
0.390200
0.390212
0.390224
0.390237
0.390249
0.390261
0.390273
0.390286
0.390298
0.390310
0.390322
0.390335
0.390347
0.390359
0.390371
0.390384
0.390396
0.390408
0.390421
0.390433
0.390445
0.390457
0.390470
0.390482
0.390494
0.390506
0.390519
0.390531
0.390543
0.390555
0.390568
0.390580
0.390592
0.390604
0.390617
0.390629
0.390641
0.390653
0.390666
0.390678
0.390690
0.390702
0.390715
0.390727
0.390739
0.390751
0.390764
0.390776
0.390788
0.390800
0.390813
0.390825
0.390837
0.390850
0.390862
0.390874
0.390886
0.390899
0.390911
0.390923
0.390935
0.390948
0.390960
0.390972
0.390984
0.390997
0.391009
0.391021
0.391034
0.391046
0.391058
0.391070
0.391083
0.391095
0.391107
0.391119
0.391132
0.391144
0.391156
0.391169
0.391181
0.391193
0.391205
0.391218
0.391230
0.391242
0.391254
0.391267
0.391279
0.391291
0.391304
0.391316
0.391328
0.391340
0.391353
0.391365
0.391377
0.391390
0.391402
0.391414
0.391426
0.391439
0.391451
0.391463
0.391475
0.391488
0.391500
0.391512
0.391525
0.391537
0.391549
0.391561
0.391574
0.391586
0.391598
0.391611
0.391623
0.391635
0.391647
0.391660
0.391672
0.391684
0.391697
0.391709
0.391721
0.391733
0.391746
0.391758
0.391770
0.391783
0.391795
0.391807
0.391820
0.391832
0.391844
0.391856
0.391869
0.391881
0.391893
0.391906
0.391918
0.391930
0.391942
0.391955
0.391967
0.391979
0.391992
0.392004
0.392016
0.392029
0.392041
0.392053
0.392065
0.392078
0.392090
0.392102
0.392115
0.392127
0.392139
0.392151
0.392164
0.392176
0.392188
0.392201
0.392213
0.392225
0.392238
0.392250
0.392262
0.392275
0.392287
0.392299
0.392311
0.392324
0.392336
0.392348
0.392361
0.392373
0.392385
0.392398
0.392410
0.392422
0.392435
0.392447
0.392459
0.392471
0.392484
0.392496
0.392508
0.392521
0.392533
0.392545
0.392558
0.392570
0.392582
0.392595
0.392607
0.392619
0.392632
0.392644
0.392656
0.392668
0.392681
0.392693
0.392705
0.392718
0.392730
0.392742
0.392755
0.392767
0.392779
0.392792
0.392804
0.392816
0.392829
0.392841
0.392853
0.392866
0.392878
0.392890
0.392903
0.392915
0.392927
0.392940
0.392952
0.392964
0.392976
0.392989
0.393001
0.393013
0.393026
0.393038
0.393050
0.393063
0.393075
0.393087
0.393100
0.393112
0.393124
0.393137
0.393149
0.393161
0.393174
0.393186
0.393198
0.393211
0.393223
0.393235
0.393248
0.393260
0.393272
0.393285
0.393297
0.393309
0.393322
0.393334
0.393346
0.393359
0.393371
0.393383
0.393396
0.393408
0.393420
0.393433
0.393445
0.393457
0.393470
0.393482
0.393494
0.393507
0.393519
0.393531
0.393544
0.393556
0.393568
0.393581
0.393593
0.393606
0.393618
0.393630
0.393643
0.393655
0.393667
0.393680
0.393692
0.393704
0.393717
0.393729
0.393741
0.393754
0.393766
0.393778
0.393791
0.393803
0.393815
0.393828
0.393840
0.393852
0.393865
0.393877
0.393889
0.393902
0.393914
0.393926
0.393939
0.393951
0.393964
0.393976
0.393988
0.394001
0.394013
0.394025
0.394038
0.394050
0.394062
0.394075
0.394087
0.394099
0.394112
0.394124
0.394137
0.394149
0.394161
0.394174
0.394186
0.394198
0.394211
0.394223
0.394235
0.394248
0.394260
0.394272
0.394285
0.394297
0.394310
0.394322
0.394334
0.394347
0.394359
0.394371
0.394384
0.394396
0.394408
0.394421
0.394433
0.394446
0.394458
0.394470
0.394483
0.394495
0.394507
0.394520
0.394532
0.394544
0.394557
0.394569
0.394582
0.394594
0.394606
0.394619
0.394631
0.394643
0.394656
0.394668
0.394681
0.394693
0.394705
0.394718
0.394730
0.394742
0.394755
0.394767
0.394780
0.394792
0.394804
0.394817
0.394829
0.394841
0.394854
0.394866
0.394879
0.394891
0.394903
0.394916
0.394928
0.394940
0.394953
0.394965
0.394978
0.394990
0.395002
0.395015
0.395027
0.395040
0.395052
0.395064
0.395077
0.395089
0.395101
0.395114
0.395126
0.395139
0.395151
0.395163
0.395176
0.395188
0.395201
0.395213
0.395225
0.395238
0.395250
0.395262
0.395275
0.395287
0.395300
0.395312
0.395324
0.395337
0.395349
0.395362
0.395374
0.395386
0.395399
0.395411
0.395424
0.395436
0.395448
0.395461
0.395473
0.395485
0.395498
0.395510
0.395523
0.395535
0.395547
0.395560
0.395572
0.395585
0.395597
0.395609
0.395622
0.395634
0.395647
0.395659
0.395671
0.395684
0.395696
0.395709
0.395721
0.395733
0.395746
0.395758
0.395771
0.395783
0.395796
0.395808
0.395820
0.395833
0.395845
0.395858
0.395870
0.395882
0.395895
0.395907
0.395920
0.395932
0.395944
0.395957
0.395969
0.395982
0.395994
0.396006
0.396019
0.396031
0.396044
0.396056
0.396068
0.396081
0.396093
0.396106
0.396118
0.396131
0.396143
0.396155
0.396168
0.396180
0.396193
0.396205
0.396217
0.396230
0.396242
0.396255
0.396267
0.396280
0.396292
0.396304
0.396317
0.396329
0.396342
0.396354
0.396366
0.396379
0.396391
0.396404
0.396416
0.396429
0.396441
0.396453
0.396466
0.396478
0.396491
0.396503
0.396515
0.396528
0.396540
0.396553
0.396565
0.396578
0.396590
0.396602
0.396615
0.396627
0.396640
0.396652
0.396665
0.396677
0.396689
0.396702
0.396714
0.396727
0.396739
0.396752
0.396764
0.396776
0.396789
0.396801
0.396814
0.396826
0.396839
0.396851
0.396864
0.396876
0.396888
0.396901
0.396913
0.396926
0.396938
0.396951
0.396963
0.396975
0.396988
0.397000
0.397013
0.397025
0.397038
0.397050
0.397062
0.397075
0.397087
0.397100
0.397112
0.397125
0.397137
0.397150
0.397162
0.397174
0.397187
0.397199
0.397212
0.397224
0.397237
0.397249
0.397262
0.397274
0.397286
0.397299
0.397311
0.397324
0.397336
0.397349
0.397361
0.397374
0.397386
0.397399
0.397411
0.397423
0.397436
0.397448
0.397461
0.397473
0.397486
0.397498
0.397511
0.397523
0.397535
0.397548
0.397560
0.397573
0.397585
0.397598
0.397610
0.397623
0.397635
0.397648
0.397660
0.397672
0.397685
0.397697
0.397710
0.397722
0.397735
0.397747
0.397760
0.397772
0.397785
0.397797
0.397809
0.397822
0.397834
0.397847
0.397859
0.397872
0.397884
0.397897
0.397909
0.397922
0.397934
0.397947
0.397959
0.397972
0.397984
0.397996
0.398009
0.398021
0.398034
0.398046
0.398059
0.398071
0.398084
0.398096
0.398109
0.398121
0.398134
0.398146
0.398159
0.398171
0.398183
0.398196
0.398208
0.398221
0.398233
0.398246
0.398258
0.398271
0.398283
0.398296
0.398308
0.398321
0.398333
0.398346
0.398358
0.398371
0.398383
0.398396
0.398408
0.398421
0.398433
0.398445
0.398458
0.398470
0.398483
0.398495
0.398508
0.398520
0.398533
0.398545
0.398558
0.398570
0.398583
0.398595
0.398608
0.398620
0.398633
0.398645
0.398658
0.398670
0.398683
0.398695
0.398708
0.398720
0.398733
0.398745
0.398758
0.398770
0.398782
0.398795
0.398807
0.398820
0.398832
0.398845
0.398857
0.398870
0.398882
0.398895
0.398907
0.398920
0.398932
0.398945
0.398957
0.398970
0.398982
0.398995
0.399007
0.399020
0.399032
0.399045
0.399057
0.399070
0.399082
0.399095
0.399107
0.399120
0.399132
0.399145
0.399157
0.399170
0.399182
0.399195
0.399207
0.399220
0.399232
0.399245
0.399257
0.399270
0.399282
0.399295
0.399307
0.399320
0.399332
0.399345
0.399357
0.399370
0.399382
0.399395
0.399407
0.399420
0.399432
0.399445
0.399457
0.399470
0.399482
0.399495
0.399507
0.399520
0.399532
0.399545
0.399557
0.399570
0.399582
0.399595
0.399607
0.399620
0.399632
0.399645
0.399658
0.399670
0.399683
0.399695
0.399708
0.399720
0.399733
0.399745
0.399758
0.399770
0.399783
0.399795
0.399808
0.399820
0.399833
0.399845
0.399858
0.399870
0.399883
0.399895
0.399908
0.399920
0.399933
0.399945
0.399958
0.399970
0.399983
0.399995
0.400008
0.400020
0.400033
0.400046
0.400058
0.400071
0.400083
0.400096
0.400108
0.400121
0.400133
0.400146
0.400158
0.400171
0.400183
0.400196
0.400208
0.400221
0.400233
0.400246
0.400259
0.400271
0.400284
0.400296
0.400309
0.400321
0.400334
0.400346
0.400359
0.400371
0.400384
0.400396
0.400409
0.400421
0.400434
0.400446
0.400459
0.400472
0.400484
0.400497
0.400509
0.400522
0.400534
0.400547
0.400559
0.400572
0.400584
0.400597
0.400609
0.400622
0.400635
0.400647
0.400660
0.400672
0.400685
0.400697
0.400710
0.400722
0.400735
0.400747
0.400760
0.400773
0.400785
0.400798
0.400810
0.400823
0.400835
0.400848
0.400860
0.400873
0.400885
0.400898
0.400911
0.400923
0.400936
0.400948
0.400961
0.400973
0.400986
0.400998
0.401011
0.401023
0.401036
0.401049
0.401061
0.401074
0.401086
0.401099
0.401111
0.401124
0.401136
0.401149
0.401161
0.401174
0.401187
0.401199
0.401212
0.401224
0.401237
0.401249
0.401262
0.401275
0.401287
0.401300
0.401312
0.401325
0.401337
0.401350
0.401362
0.401375
0.401388
0.401400
0.401413
0.401425
0.401438
0.401450
0.401463
0.401476
0.401488
0.401501
0.401513
0.401526
0.401538
0.401551
0.401563
0.401576
0.401589
0.401601
0.401614
0.401626
0.401639
0.401651
0.401664
0.401677
0.401689
0.401702
0.401714
0.401727
0.401739
0.401752
0.401765
0.401777
0.401790
0.401802
0.401815
0.401827
0.401840
0.401853
0.401865
0.401878
0.401890
0.401903
0.401915
0.401928
0.401941
0.401953
0.401966
0.401978
0.401991
0.402003
0.402016
0.402029
0.402041
0.402054
0.402066
0.402079
0.402092
0.402104
0.402117
0.402129
0.402142
0.402154
0.402167
0.402180
0.402192
0.402205
0.402217
0.402230
0.402243
0.402255
0.402268
0.402280
0.402293
0.402305
0.402318
0.402331
0.402343
0.402356
0.402368
0.402381
0.402394
0.402406
0.402419
0.402431
0.402444
0.402456
0.402469
0.402482
0.402494
0.402507
0.402519
0.402532
0.402545
0.402557
0.402570
0.402582
0.402595
0.402608
0.402620
0.402633
0.402645
0.402658
0.402671
0.402683
0.402696
0.402708
0.402721
0.402734
0.402746
0.402759
0.402771
0.402784
0.402797
0.402809
0.402822
0.402834
0.402847
0.402860
0.402872
0.402885
0.402897
0.402910
0.402923
0.402935
0.402948
0.402960
0.402973
0.402986
0.402998
0.403011
0.403023
0.403036
0.403049
0.403061
0.403074
0.403086
0.403099
0.403112
0.403124
0.403137
0.403150
0.403162
0.403175
0.403187
0.403200
0.403213
0.403225
0.403238
0.403250
0.403263
0.403276
0.403288
0.403301
0.403313
0.403326
0.403339
0.403351
0.403364
0.403377
0.403389
0.403402
0.403414
0.403427
0.403440
0.403452
0.403465
0.403477
0.403490
0.403503
0.403515
0.403528
0.403541
0.403553
0.403566
0.403578
0.403591
0.403604
0.403616
0.403629
0.403642
0.403654
0.403667
0.403679
0.403692
0.403705
0.403717
0.403730
0.403743
0.403755
0.403768
0.403780
0.403793
0.403806
0.403818
0.403831
0.403844
0.403856
0.403869
0.403882
0.403894
0.403907
0.403919
0.403932
0.403945
0.403957
0.403970
0.403983
0.403995
0.404008
0.404021
0.404033
0.404046
0.404058
0.404071
0.404084
0.404096
0.404109
0.404122
0.404134
0.404147
0.404160
0.404172
0.404185
0.404197
0.404210
0.404223
0.404235
0.404248
0.404261
0.404273
0.404286
0.404299
0.404311
0.404324
0.404336
0.404349
0.404362
0.404374
0.404387
0.404400
0.404412
0.404425
0.404438
0.404450
0.404463
0.404476
0.404488
0.404501
0.404514
0.404526
0.404539
0.404551
0.404564
0.404577
0.404589
0.404602
0.404615
0.404627
0.404640
0.404653
0.404665
0.404678
0.404691
0.404703
0.404716
0.404729
0.404741
0.404754
0.404767
0.404779
0.404792
0.404805
0.404817
0.404830
0.404842
0.404855
0.404868
0.404880
0.404893
0.404906
0.404918
0.404931
0.404944
0.404956
0.404969
0.404982
0.404994
0.405007
0.405020
0.405032
0.405045
0.405058
0.405070
0.405083
0.405096
0.405108
0.405121
0.405134
0.405146
0.405159
0.405172
0.405184
0.405197
0.405210
0.405222
0.405235
0.405248
0.405260
0.405273
0.405286
0.405298
0.405311
0.405324
0.405336
0.405349
0.405362
0.405374
0.405387
0.405400
0.405412
0.405425
0.405438
0.405450
0.405463
0.405476
0.405489
0.405501
0.405514
0.405527
0.405539
0.405552
0.405565
0.405577
0.405590
0.405603
0.405615
0.405628
0.405641
0.405653
0.405666
0.405679
0.405691
0.405704
0.405717
0.405729
0.405742
0.405755
0.405767
0.405780
0.405793
0.405806
0.405818
0.405831
0.405844
0.405856
0.405869
0.405882
0.405894
0.405907
0.405920
0.405932
0.405945
0.405958
0.405970
0.405983
0.405996
0.406009
0.406021
0.406034
0.406047
0.406059
0.406072
0.406085
0.406097
0.406110
0.406123
0.406135
0.406148
0.406161
0.406174
0.406186
0.406199
0.406212
0.406224
0.406237
0.406250
0.406262
0.406275
0.406288
0.406300
0.406313
0.406326
0.406339
0.406351
0.406364
0.406377
0.406389
0.406402
0.406415
0.406427
0.406440
0.406453
0.406466
0.406478
0.406491
0.406504
0.406516
0.406529
0.406542
0.406554
0.406567
0.406580
0.406593
0.406605
0.406618
0.406631
0.406643
0.406656
0.406669
0.406682
0.406694
0.406707
0.406720
0.406732
0.406745
0.406758
0.406771
0.406783
0.406796
0.406809
0.406821
0.406834
0.406847
0.406860
0.406872
0.406885
0.406898
0.406910
0.406923
0.406936
0.406949
0.406961
0.406974
0.406987
0.406999
0.407012
0.407025
0.407038
0.407050
0.407063
0.407076
0.407088
0.407101
0.407114
0.407127
0.407139
0.407152
0.407165
0.407178
0.407190
0.407203
0.407216
0.407228
0.407241
0.407254
0.407267
0.407279
0.407292
0.407305
0.407317
0.407330
0.407343
0.407356
0.407368
0.407381
0.407394
0.407407
0.407419
0.407432
0.407445
0.407457
0.407470
0.407483
0.407496
0.407508
0.407521
0.407534
0.407547
0.407559
0.407572
0.407585
0.407598
0.407610
0.407623
0.407636
0.407649
0.407661
0.407674
0.407687
0.407699
0.407712
0.407725
0.407738
0.407750
0.407763
0.407776
0.407789
0.407801
0.407814
0.407827
0.407840
0.407852
0.407865
0.407878
0.407891
0.407903
0.407916
0.407929
0.407942
0.407954
0.407967
0.407980
0.407992
0.408005
0.408018
0.408031
0.408043
0.408056
0.408069
0.408082
0.408094
0.408107
0.408120
0.408133
0.408145
0.408158
0.408171
0.408184
0.408197
0.408209
0.408222
0.408235
0.408248
0.408260
0.408273
0.408286
0.408299
0.408311
0.408324
0.408337
0.408350
0.408362
0.408375
0.408388
0.408401
0.408413
0.408426
0.408439
0.408452
0.408464
0.408477
0.408490
0.408503
0.408515
0.408528
0.408541
0.408554
0.408566
0.408579
0.408592
0.408605
0.408617
0.408630
0.408643
0.408656
0.408669
0.408681
0.408694
0.408707
0.408720
0.408732
0.408745
0.408758
0.408771
0.408783
0.408796
0.408809
0.408822
0.408835
0.408847
0.408860
0.408873
0.408886
0.408898
0.408911
0.408924
0.408937
0.408949
0.408962
0.408975
0.408988
0.409001
0.409013
0.409026
0.409039
0.409052
0.409064
0.409077
0.409090
0.409103
0.409116
0.409128
0.409141
0.409154
0.409167
0.409179
0.409192
0.409205
0.409218
0.409231
0.409243
0.409256
0.409269
0.409282
0.409294
0.409307
0.409320
0.409333
0.409346
0.409358
0.409371
0.409384
0.409397
0.409409
0.409422
0.409435
0.409448
0.409461
0.409473
0.409486
0.409499
0.409512
0.409525
0.409537
0.409550
0.409563
0.409576
0.409589
0.409601
0.409614
0.409627
0.409640
0.409652
0.409665
0.409678
0.409691
0.409704
0.409716
0.409729
0.409742
0.409755
0.409768
0.409780
0.409793
0.409806
0.409819
0.409832
0.409844
0.409857
0.409870
0.409883
0.409896
0.409908
0.409921
0.409934
0.409947
0.409960
0.409972
0.409985
0.409998
0.410011
0.410024
0.410036
0.410049
0.410062
0.410075
0.410088
0.410100
0.410113
0.410126
0.410139
0.410152
0.410164
0.410177
0.410190
0.410203
0.410216
0.410228
0.410241
0.410254
0.410267
0.410280
0.410293
0.410305
0.410318
0.410331
0.410344
0.410357
0.410369
0.410382
0.410395
0.410408
0.410421
0.410433
0.410446
0.410459
0.410472
0.410485
0.410498
0.410510
0.410523
0.410536
0.410549
0.410562
0.410574
0.410587
0.410600
0.410613
0.410626
0.410639
0.410651
0.410664
0.410677
0.410690
0.410703
0.410715
0.410728
0.410741
0.410754
0.410767
0.410780
0.410792
0.410805
0.410818
0.410831
0.410844
0.410857
0.410869
0.410882
0.410895
0.410908
0.410921
0.410933
0.410946
0.410959
0.410972
0.410985
0.410998
0.411010
0.411023
0.411036
0.411049
0.411062
0.411075
0.411087
0.411100
0.411113
0.411126
0.411139
0.411152
0.411164
0.411177
0.411190
0.411203
0.411216
0.411229
0.411241
0.411254
0.411267
0.411280
0.411293
0.411306
0.411318
0.411331
0.411344
0.411357
0.411370
0.411383
0.411396
0.411408
0.411421
0.411434
0.411447
0.411460
0.411473
0.411485
0.411498
0.411511
0.411524
0.411537
0.411550
0.411562
0.411575
0.411588
0.411601
0.411614
0.411627
0.411640
0.411652
0.411665
0.411678
0.411691
0.411704
0.411717
0.411729
0.411742
0.411755
0.411768
0.411781
0.411794
0.411807
0.411819
0.411832
0.411845
0.411858
0.411871
0.411884
0.411897
0.411909
0.411922
0.411935
0.411948
0.411961
0.411974
0.411987
0.411999
0.412012
0.412025
0.412038
0.412051
0.412064
0.412077
0.412089
0.412102
0.412115
0.412128
0.412141
0.412154
0.412167
0.412179
0.412192
0.412205
0.412218
0.412231
0.412244
0.412257
0.412270
0.412282
0.412295
0.412308
0.412321
0.412334
0.412347
0.412360
0.412372
0.412385
0.412398
0.412411
0.412424
0.412437
0.412450
0.412463
0.412475
0.412488
0.412501
0.412514
0.412527
0.412540
0.412553
0.412565
0.412578
0.412591
0.412604
0.412617
0.412630
0.412643
0.412656
0.412668
0.412681
0.412694
0.412707
0.412720
0.412733
0.412746
0.412759
0.412772
0.412784
0.412797
0.412810
0.412823
0.412836
0.412849
0.412862
0.412875
0.412887
0.412900
0.412913
0.412926
0.412939
0.412952
0.412965
0.412978
0.412990
0.413003
0.413016
0.413029
0.413042
0.413055
0.413068
0.413081
0.413094
0.413106
0.413119
0.413132
0.413145
0.413158
0.413171
0.413184
0.413197
0.413210
0.413223
0.413235
0.413248
0.413261
0.413274
0.413287
0.413300
0.413313
0.413326
0.413339
0.413351
0.413364
0.413377
0.413390
0.413403
0.413416
0.413429
0.413442
0.413455
0.413467
0.413480
0.413493
0.413506
0.413519
0.413532
0.413545
0.413558
0.413571
0.413584
0.413597
0.413609
0.413622
0.413635
0.413648
0.413661
0.413674
0.413687
0.413700
0.413713
0.413726
0.413738
0.413751
0.413764
0.413777
0.413790
0.413803
0.413816
0.413829
0.413842
0.413855
0.413868
0.413880
0.413893
0.413906
0.413919
0.413932
0.413945
0.413958
0.413971
0.413984
0.413997
0.414010
0.414022
0.414035
0.414048
0.414061
0.414074
0.414087
0.414100
0.414113
0.414126
0.414139
0.414152
0.414165
0.414177
0.414190
0.414203
0.414216
0.414229
0.414242
0.414255
0.414268
0.414281
0.414294
0.414307
0.414320
0.414332
0.414345
0.414358
0.414371
0.414384
0.414397
0.414410
0.414423
0.414436
0.414449
0.414462
0.414475
0.414488
0.414501
0.414513
0.414526
0.414539
0.414552
0.414565
0.414578
0.414591
0.414604
0.414617
0.414630
0.414643
0.414656
0.414669
0.414682
0.414694
0.414707
0.414720
0.414733
0.414746
0.414759
0.414772
0.414785
0.414798
0.414811
0.414824
0.414837
0.414850
0.414863
0.414876
0.414889
0.414901
0.414914
0.414927
0.414940
0.414953
0.414966
0.414979
0.414992
0.415005
0.415018
0.415031
0.415044
0.415057
0.415070
0.415083
0.415096
0.415108
0.415121
0.415134
0.415147
0.415160
0.415173
0.415186
0.415199
0.415212
0.415225
0.415238
0.415251
0.415264
0.415277
0.415290
0.415303
0.415316
0.415329
0.415342
0.415355
0.415367
0.415380
0.415393
0.415406
0.415419
0.415432
0.415445
0.415458
0.415471
0.415484
0.415497
0.415510
0.415523
0.415536
0.415549
0.415562
0.415575
0.415588
0.415601
0.415614
0.415627
0.415640
0.415652
0.415665
0.415678
0.415691
0.415704
0.415717
0.415730
0.415743
0.415756
0.415769
0.415782
0.415795
0.415808
0.415821
0.415834
0.415847
0.415860
0.415873
0.415886
0.415899
0.415912
0.415925
0.415938
0.415951
0.415964
0.415977
0.415990
0.416002
0.416016
0.416028
0.416041
0.416054
0.416067
0.416080
0.416093
0.416106
0.416119
0.416132
0.416145
0.416158
0.416171
0.416184
0.416197
0.416210
0.416223
0.416236
0.416249
0.416262
0.416275
0.416288
0.416301
0.416314
0.416327
0.416340
0.416353
0.416366
0.416379
0.416392
0.416405
0.416418
0.416431
0.416444
0.416457
0.416470
0.416483
0.416496
0.416509
0.416522
0.416535
0.416548
0.416560
0.416573
0.416586
0.416599
0.416612
0.416625
0.416638
0.416651
0.416664
0.416677
0.416690
0.416703
0.416716
0.416729
0.416742
0.416755
0.416768
0.416781
0.416794
0.416807
0.416820
0.416833
0.416846
0.416859
0.416872
0.416885
0.416898
0.416911
0.416924
0.416937
0.416950
0.416963
0.416976
0.416989
0.417002
0.417015
0.417028
0.417041
0.417054
0.417067
0.417080
0.417093
0.417106
0.417119
0.417132
0.417145
0.417158
0.417171
0.417184
0.417197
0.417210
0.417223
0.417236
0.417249
0.417262
0.417275
0.417288
0.417301
0.417314
0.417327
0.417340
0.417353
0.417366
0.417379
0.417392
0.417405
0.417418
0.417431
0.417444
0.417457
0.417470
0.417483
0.417496
0.417509
0.417522
0.417535
0.417548
0.417561
0.417574
0.417587
0.417600
0.417613
0.417626
0.417639
0.417652
0.417665
0.417678
0.417692
0.417705
0.417718
0.417731
0.417744
0.417757
0.417770
0.417783
0.417796
0.417809
0.417822
0.417835
0.417848
0.417861
0.417874
0.417887
0.417900
0.417913
0.417926
0.417939
0.417952
0.417965
0.417978
0.417991
0.418004
0.418017
0.418030
0.418043
0.418056
0.418069
0.418082
0.418095
0.418108
0.418121
0.418134
0.418147
0.418160
0.418173
0.418186
0.418199
0.418212
0.418225
0.418239
0.418252
0.418265
0.418278
0.418291
0.418304
0.418317
0.418330
0.418343
0.418356
0.418369
0.418382
0.418395
0.418408
0.418421
0.418434
0.418447
0.418460
0.418473
0.418486
0.418499
0.418512
0.418525
0.418538
0.418551
0.418564
0.418577
0.418590
0.418604
0.418617
0.418630
0.418643
0.418656
0.418669
0.418682
0.418695
0.418708
0.418721
0.418734
0.418747
0.418760
0.418773
0.418786
0.418799
0.418812
0.418825
0.418838
0.418851
0.418864
0.418877
0.418891
0.418904
0.418917
0.418930
0.418943
0.418956
0.418969
0.418982
0.418995
0.419008
0.419021
0.419034
0.419047
0.419060
0.419073
0.419086
0.419099
0.419112
0.419125
0.419139
0.419152
0.419165
0.419178
0.419191
0.419204
0.419217
0.419230
0.419243
0.419256
0.419269
0.419282
0.419295
0.419308
0.419321
0.419334
0.419347
0.419361
0.419374
0.419387
0.419400
0.419413
0.419426
0.419439
0.419452
0.419465
0.419478
0.419491
0.419504
0.419517
0.419530
0.419543
0.419557
0.419570
0.419583
0.419596
0.419609
0.419622
0.419635
0.419648
0.419661
0.419674
0.419687
0.419700
0.419713
0.419726
0.419739
0.419753
0.419766
0.419779
0.419792
0.419805
0.419818
0.419831
0.419844
0.419857
0.419870
0.419883
0.419896
0.419909
0.419923
0.419936
0.419949
0.419962
0.419975
0.419988
0.420001
0.420014
0.420027
0.420040
0.420053
0.420066
0.420079
0.420093
0.420106
0.420119
0.420132
0.420145
0.420158
0.420171
0.420184
0.420197
0.420210
0.420223
0.420237
0.420250
0.420263
0.420276
0.420289
0.420302
0.420315
0.420328
0.420341
0.420354
0.420367
0.420380
0.420394
0.420407
0.420420
0.420433
0.420446
0.420459
0.420472
0.420485
0.420498
0.420511
0.420524
0.420538
0.420551
0.420564
0.420577
0.420590
0.420603
0.420616
0.420629
0.420642
0.420655
0.420669
0.420682
0.420695
0.420708
0.420721
0.420734
0.420747
0.420760
0.420773
0.420786
0.420800
0.420813
0.420826
0.420839
0.420852
0.420865
0.420878
0.420891
0.420904
0.420917
0.420931
0.420944
0.420957
0.420970
0.420983
0.420996
0.421009
0.421022
0.421035
0.421049
0.421062
0.421075
0.421088
0.421101
0.421114
0.421127
0.421140
0.421153
0.421167
0.421180
0.421193
0.421206
0.421219
0.421232
0.421245
0.421258
0.421271
0.421285
0.421298
0.421311
0.421324
0.421337
0.421350
0.421363
0.421376
0.421390
0.421403
0.421416
0.421429
0.421442
0.421455
0.421468
0.421481
0.421494
0.421508
0.421521
0.421534
0.421547
0.421560
0.421573
0.421586
0.421600
0.421613
0.421626
0.421639
0.421652
0.421665
0.421678
0.421691
0.421704
0.421718
0.421731
0.421744
0.421757
0.421770
0.421783
0.421796
0.421809
0.421823
0.421836
0.421849
0.421862
0.421875
0.421888
0.421901
0.421915
0.421928
0.421941
0.421954
0.421967
0.421980
0.421993
0.422007
0.422020
0.422033
0.422046
0.422059
0.422072
0.422085
0.422098
0.422112
0.422125
0.422138
0.422151
0.422164
0.422177
0.422190
0.422204
0.422217
0.422230
0.422243
0.422256
0.422269
0.422282
0.422296
0.422309
0.422322
0.422335
0.422348
0.422361
0.422374
0.422388
0.422401
0.422414
0.422427
0.422440
0.422453
0.422466
0.422480
0.422493
0.422506
0.422519
0.422532
0.422545
0.422559
0.422572
0.422585
0.422598
0.422611
0.422624
0.422637
0.422651
0.422664
0.422677
0.422690
0.422703
0.422716
0.422730
0.422743
0.422756
0.422769
0.422782
0.422795
0.422808
0.422822
0.422835
0.422848
0.422861
0.422874
0.422887
0.422901
0.422914
0.422927
0.422940
0.422953
0.422966
0.422980
0.422993
0.423006
0.423019
0.423032
0.423045
0.423059
0.423072
0.423085
0.423098
0.423111
0.423124
0.423138
0.423151
0.423164
0.423177
0.423190
0.423203
0.423217
0.423230
0.423243
0.423256
0.423269
0.423282
0.423296
0.423309
0.423322
0.423335
0.423348
0.423361
0.423375
0.423388
0.423401
0.423414
0.423427
0.423440
0.423454
0.423467
0.423480
0.423493
0.423506
0.423520
0.423533
0.423546
0.423559
0.423572
0.423585
0.423599
0.423612
0.423625
0.423638
0.423651
0.423664
0.423678
0.423691
0.423704
0.423717
0.423730
0.423744
0.423757
0.423770
0.423783
0.423796
0.423810
0.423823
0.423836
0.423849
0.423862
0.423875
0.423889
0.423902
0.423915
0.423928
0.423941
0.423955
0.423968
0.423981
0.423994
0.424007
0.424021
0.424034
0.424047
0.424060
0.424073
0.424086
0.424100
0.424113
0.424126
0.424139
0.424152
0.424166
0.424179
0.424192
0.424205
0.424218
0.424232
0.424245
0.424258
0.424271
0.424284
0.424298
0.424311
0.424324
0.424337
0.424350
0.424364
0.424377
0.424390
0.424403
0.424416
0.424430
0.424443
0.424456
0.424469
0.424482
0.424496
0.424509
0.424522
0.424535
0.424548
0.424562
0.424575
0.424588
0.424601
0.424615
0.424628
0.424641
0.424654
0.424667
0.424681
0.424694
0.424707
0.424720
0.424733
0.424747
0.424760
0.424773
0.424786
0.424799
0.424813
0.424826
0.424839
0.424852
0.424866
0.424879
0.424892
0.424905
0.424918
0.424932
0.424945
0.424958
0.424971
0.424984
0.424998
0.425011
0.425024
0.425037
0.425051
0.425064
0.425077
0.425090
0.425103
0.425117
0.425130
0.425143
0.425156
0.425170
0.425183
0.425196
0.425209
0.425222
0.425236
0.425249
0.425262
0.425275
0.425289
0.425302
0.425315
0.425328
0.425341
0.425355
0.425368
0.425381
0.425394
0.425408
0.425421
0.425434
0.425447
0.425461
0.425474
0.425487
0.425500
0.425513
0.425527
0.425540
0.425553
0.425566
0.425580
0.425593
0.425606
0.425619
0.425633
0.425646
0.425659
0.425672
0.425686
0.425699
0.425712
0.425725
0.425738
0.425752
0.425765
0.425778
0.425791
0.425805
0.425818
0.425831
0.425844
0.425858
0.425871
0.425884
0.425897
0.425911
0.425924
0.425937
0.425950
0.425964
0.425977
0.425990
0.426003
0.426017
0.426030
0.426043
0.426056
0.426070
0.426083
0.426096
0.426109
0.426123
0.426136
0.426149
0.426162
0.426176
0.426189
0.426202
0.426215
0.426229
0.426242
0.426255
0.426268
0.426282
0.426295
0.426308
0.426321
0.426335
0.426348
0.426361
0.426374
0.426388
0.426401
0.426414
0.426427
0.426441
0.426454
0.426467
0.426480
0.426494
0.426507
0.426520
0.426533
0.426547
0.426560
0.426573
0.426587
0.426600
0.426613
0.426626
0.426640
0.426653
0.426666
0.426679
0.426693
0.426706
0.426719
0.426732
0.426746
0.426759
0.426772
0.426785
0.426799
0.426812
0.426825
0.426839
0.426852
0.426865
0.426878
0.426892
0.426905
0.426918
0.426931
0.426945
0.426958
0.426971
0.426985
0.426998
0.427011
0.427024
0.427038
0.427051
0.427064
0.427077
0.427091
0.427104
0.427117
0.427131
0.427144
0.427157
0.427170
0.427184
0.427197
0.427210
0.427224
0.427237
0.427250
0.427263
0.427277
0.427290
0.427303
0.427316
0.427330
0.427343
0.427356
0.427370
0.427383
0.427396
0.427409
0.427423
0.427436
0.427449
0.427463
0.427476
0.427489
0.427503
0.427516
0.427529
0.427542
0.427556
0.427569
0.427582
0.427596
0.427609
0.427622
0.427635
0.427649
0.427662
0.427675
0.427689
0.427702
0.427715
0.427728
0.427742
0.427755
0.427768
0.427782
0.427795
0.427808
0.427822
0.427835
0.427848
0.427861
0.427875
0.427888
0.427901
0.427915
0.427928
0.427941
0.427954
0.427968
0.427981
0.427994
0.428008
0.428021
0.428034
0.428048
0.428061
0.428074
0.428087
0.428101
0.428114
0.428127
0.428141
0.428154
0.428167
0.428181
0.428194
0.428207
0.428221
0.428234
0.428247
0.428260
0.428274
0.428287
0.428300
0.428314
0.428327
0.428340
0.428354
0.428367
0.428380
0.428394
0.428407
0.428420
0.428434
0.428447
0.428460
0.428473
0.428487
0.428500
0.428513
0.428527
0.428540
0.428553
0.428567
0.428580
0.428593
0.428607
0.428620
0.428633
0.428647
0.428660
0.428673
0.428687
0.428700
0.428713
0.428727
0.428740
0.428753
0.428766
0.428780
0.428793
0.428806
0.428820
0.428833
0.428846
0.428860
0.428873
0.428886
0.428900
0.428913
0.428926
0.428940
0.428953
0.428966
0.428980
0.428993
0.429006
0.429020
0.429033
0.429046
0.429060
0.429073
0.429086
0.429100
0.429113
0.429126
0.429140
0.429153
0.429166
0.429180
0.429193
0.429206
0.429220
0.429233
0.429246
0.429260
0.429273
0.429286
0.429300
0.429313
0.429326
0.429340
0.429353
0.429366
0.429380
0.429393
0.429406
0.429420
0.429433
0.429446
0.429460
0.429473
0.429486
0.429500
0.429513
0.429526
0.429540
0.429553
0.429566
0.429580
0.429593
0.429607
0.429620
0.429633
0.429647
0.429660
0.429673
0.429687
0.429700
0.429713
0.429727
0.429740
0.429753
0.429767
0.429780
0.429793
0.429807
0.429820
0.429833
0.429847
0.429860
0.429874
0.429887
0.429900
0.429914
0.429927
0.429940
0.429954
0.429967
0.429980
0.429994
0.430007
0.430020
0.430034
0.430047
0.430060
0.430074
0.430087
0.430101
0.430114
0.430127
0.430141
0.430154
0.430167
0.430181
0.430194
0.430207
0.430221
0.430234
0.430248
0.430261
0.430274
0.430288
0.430301
0.430314
0.430328
0.430341
0.430354
0.430368
0.430381
0.430395
0.430408
0.430421
0.430435
0.430448
0.430461
0.430475
0.430488
0.430501
0.430515
0.430528
0.430542
0.430555
0.430568
0.430582
0.430595
0.430608
0.430622
0.430635
0.430649
0.430662
0.430675
0.430689
0.430702
0.430716
0.430729
0.430742
0.430756
0.430769
0.430782
0.430796
0.430809
0.430822
0.430836
0.430849
0.430863
0.430876
0.430889
0.430903
0.430916
0.430930
0.430943
0.430956
0.430970
0.430983
0.430996
0.431010
0.431023
0.431037
0.431050
0.431063
0.431077
0.431090
0.431104
0.431117
0.431130
0.431144
0.431157
0.431171
0.431184
0.431197
0.431211
0.431224
0.431237
0.431251
0.431264
0.431278
0.431291
0.431304
0.431318
0.431331
0.431345
0.431358
0.431371
0.431385
0.431398
0.431412
0.431425
0.431438
0.431452
0.431465
0.431479
0.431492
0.431505
0.431519
0.431532
0.431546
0.431559
0.431572
0.431586
0.431599
0.431612
0.431626
0.431639
0.431653
0.431666
0.431680
0.431693
0.431706
0.431720
0.431733
0.431747
0.431760
0.431773
0.431787
0.431800
0.431814
0.431827
0.431840
0.431854
0.431867
0.431881
0.431894
0.431907
0.431921
0.431934
0.431948
0.431961
0.431974
0.431988
0.432001
0.432015
0.432028
0.432042
0.432055
0.432068
0.432082
0.432095
0.432109
0.432122
0.432135
0.432149
0.432162
0.432176
0.432189
0.432202
0.432216
0.432229
0.432243
0.432256
0.432270
0.432283
0.432296
0.432310
0.432323
0.432337
0.432350
0.432364
0.432377
0.432390
0.432404
0.432417
0.432431
0.432444
0.432458
0.432471
0.432484
0.432498
0.432511
0.432525
0.432538
0.432552
0.432565
0.432578
0.432592
0.432605
0.432619
0.432632
0.432645
0.432659
0.432672
0.432686
0.432699
0.432713
0.432726
0.432740
0.432753
0.432766
0.432780
0.432793
0.432807
0.432820
0.432834
0.432847
0.432860
0.432874
0.432887
0.432901
0.432914
0.432928
0.432941
0.432954
0.432968
0.432981
0.432995
0.433008
0.433022
0.433035
0.433049
0.433062
0.433075
0.433089
0.433102
0.433116
0.433129
0.433143
0.433156
0.433170
0.433183
0.433196
0.433210
0.433223
0.433237
0.433250
0.433264
0.433277
0.433291
0.433304
0.433317
0.433331
0.433344
0.433358
0.433371
0.433385
0.433398
0.433412
0.433425
0.433438
0.433452
0.433465
0.433479
0.433492
0.433506
0.433519
0.433533
0.433546
0.433560
0.433573
0.433586
0.433600
0.433613
0.433627
0.433640
0.433654
0.433667
0.433681
0.433694
0.433708
0.433721
0.433734
0.433748
0.433761
0.433775
0.433788
0.433802
0.433815
0.433829
0.433842
0.433856
0.433869
0.433883
0.433896
0.433910
0.433923
0.433936
0.433950
0.433963
0.433977
0.433990
0.434004
0.434017
0.434031
0.434044
0.434058
0.434071
0.434085
0.434098
0.434112
0.434125
0.434138
0.434152
0.434165
0.434179
0.434192
0.434206
0.434219
0.434233
0.434246
0.434260
0.434273
0.434287
0.434300
0.434314
0.434327
0.434341
0.434354
0.434367
0.434381
0.434394
0.434408
0.434421
0.434435
0.434448
0.434462
0.434475
0.434489
0.434502
0.434516
0.434529
0.434543
0.434556
0.434570
0.434583
0.434597
0.434610
0.434624
0.434637
0.434651
0.434664
0.434678
0.434691
0.434705
0.434718
0.434732
0.434745
0.434759
0.434772
0.434785
0.434799
0.434812
0.434826
0.434839
0.434853
0.434866
0.434880
0.434893
0.434907
0.434920
0.434934
0.434947
0.434961
0.434974
0.434988
0.435001
0.435015
0.435028
0.435042
0.435055
0.435069
0.435082
0.435096
0.435109
0.435123
0.435136
0.435150
0.435163
0.435177
0.435190
0.435204
0.435217
0.435231
0.435244
0.435258
0.435271
0.435285
0.435298
0.435312
0.435325
0.435339
0.435352
0.435366
0.435379
0.435393
0.435406
0.435420
0.435433
0.435447
0.435460
0.435474
0.435487
0.435501
0.435514
0.435528
0.435541
0.435555
0.435568
0.435582
0.435595
0.435609
0.435622
0.435636
0.435649
0.435663
0.435677
0.435690
0.435704
0.435717
0.435731
0.435744
0.435758
0.435771
0.435785
0.435798
0.435812
0.435825
0.435839
0.435852
0.435866
0.435879
0.435893
0.435906
0.435920
0.435933
0.435947
0.435960
0.435974
0.435987
0.436001
0.436014
0.436028
0.436042
0.436055
0.436069
0.436082
0.436096
0.436109
0.436123
0.436136
0.436150
0.436163
0.436177
0.436190
0.436204
0.436217
0.436231
0.436244
0.436258
0.436271
0.436285
0.436299
0.436312
0.436326
0.436339
0.436353
0.436366
0.436380
0.436393
0.436407
0.436420
0.436434
0.436447
0.436461
0.436474
0.436488
0.436501
0.436515
0.436529
0.436542
0.436556
0.436569
0.436583
0.436596
0.436610
0.436623
0.436637
0.436650
0.436664
0.436677
0.436691
0.436705
0.436718
0.436732
0.436745
0.436759
0.436772
0.436786
0.436799
0.436813
0.436826
0.436840
0.436854
0.436867
0.436881
0.436894
0.436908
0.436921
0.436935
0.436948
0.436962
0.436975
0.436989
0.437003
0.437016
0.437030
0.437043
0.437057
0.437070
0.437084
0.437097
0.437111
0.437124
0.437138
0.437152
0.437165
0.437179
0.437192
0.437206
0.437219
0.437233
0.437246
0.437260
0.437274
0.437287
0.437301
0.437314
0.437328
0.437341
0.437355
0.437369
0.437382
0.437396
0.437409
0.437423
0.437436
0.437450
0.437463
0.437477
0.437491
0.437504
0.437518
0.437531
0.437545
0.437558
0.437572
0.437586
0.437599
0.437613
0.437626
0.437640
0.437653
0.437667
0.437680
0.437694
0.437708
0.437721
0.437735
0.437748
0.437762
0.437775
0.437789
0.437803
0.437816
0.437830
0.437843
0.437857
0.437870
0.437884
0.437898
0.437911
0.437925
0.437938
0.437952
0.437965
0.437979
0.437993
0.438006
0.438020
0.438033
0.438047
0.438061
0.438074
0.438088
0.438101
0.438115
0.438128
0.438142
0.438156
0.438169
0.438183
0.438196
0.438210
0.438223
0.438237
0.438251
0.438264
0.438278
0.438291
0.438305
0.438319
0.438332
0.438346
0.438359
0.438373
0.438387
0.438400
0.438414
0.438427
0.438441
0.438454
0.438468
0.438482
0.438495
0.438509
0.438522
0.438536
0.438550
0.438563
0.438577
0.438590
0.438604
0.438618
0.438631
0.438645
0.438658
0.438672
0.438686
0.438699
0.438713
0.438726
0.438740
0.438753
0.438767
0.438781
0.438794
0.438808
0.438821
0.438835
0.438849
0.438862
0.438876
0.438889
0.438903
0.438917
0.438930
0.438944
0.438958
0.438971
0.438985
0.438998
0.439012
0.439026
0.439039
0.439053
0.439066
0.439080
0.439094
0.439107
0.439121
0.439134
0.439148
0.439162
0.439175
0.439189
0.439202
0.439216
0.439230
0.439243
0.439257
0.439270
0.439284
0.439298
0.439311
0.439325
0.439339
0.439352
0.439366
0.439379
0.439393
0.439407
0.439420
0.439434
0.439447
0.439461
0.439475
0.439488
0.439502
0.439516
0.439529
0.439543
0.439556
0.439570
0.439584
0.439597
0.439611
0.439624
0.439638
0.439652
0.439665
0.439679
0.439693
0.439706
0.439720
0.439733
0.439747
0.439761
0.439774
0.439788
0.439802
0.439815
0.439829
0.439842
0.439856
0.439870
0.439883
0.439897
0.439911
0.439924
0.439938
0.439951
0.439965
0.439979
0.439992
0.440006
0.440020
0.440033
0.440047
0.440061
0.440074
0.440088
0.440101
0.440115
0.440129
0.440142
0.440156
0.440170
0.440183
0.440197
0.440211
0.440224
0.440238
0.440251
0.440265
0.440279
0.440292
0.440306
0.440320
0.440333
0.440347
0.440361
0.440374
0.440388
0.440401
0.440415
0.440429
0.440442
0.440456
0.440470
0.440483
0.440497
0.440511
0.440524
0.440538
0.440552
0.440565
0.440579
0.440593
0.440606
0.440620
0.440634
0.440647
0.440661
0.440674
0.440688
0.440702
0.440715
0.440729
0.440743
0.440756
0.440770
0.440784
0.440797
0.440811
0.440825
0.440838
0.440852
0.440866
0.440879
0.440893
0.440907
0.440920
0.440934
0.440948
0.440961
0.440975
0.440988
0.441002
0.441016
0.441029
0.441043
0.441057
0.441070
0.441084
0.441098
0.441111
0.441125
0.441139
0.441152
0.441166
0.441180
0.441193
0.441207
0.441221
0.441234
0.441248
0.441262
0.441275
0.441289
0.441303
0.441316
0.441330
0.441344
0.441357
0.441371
0.441385
0.441398
0.441412
0.441426
0.441439
0.441453
0.441467
0.441480
0.441494
0.441508
0.441521
0.441535
0.441549
0.441562
0.441576
0.441590
0.441603
0.441617
0.441631
0.441645
0.441658
0.441672
0.441686
0.441699
0.441713
0.441727
0.441740
0.441754
0.441768
0.441781
0.441795
0.441809
0.441822
0.441836
0.441850
0.441863
0.441877
0.441891
0.441904
0.441918
0.441932
0.441946
0.441959
0.441973
0.441987
0.442000
0.442014
0.442028
0.442041
0.442055
0.442069
0.442082
0.442096
0.442110
0.442123
0.442137
0.442151
0.442165
0.442178
0.442192
0.442206
0.442219
0.442233
0.442247
0.442260
0.442274
0.442288
0.442301
0.442315
0.442329
0.442343
0.442356
0.442370
0.442384
0.442397
0.442411
0.442425
0.442438
0.442452
0.442466
0.442479
0.442493
0.442507
0.442521
0.442534
0.442548
0.442562
0.442575
0.442589
0.442603
0.442617
0.442630
0.442644
0.442658
0.442671
0.442685
0.442699
0.442712
0.442726
0.442740
0.442754
0.442767
0.442781
0.442795
0.442808
0.442822
0.442836
0.442850
0.442863
0.442877
0.442891
0.442904
0.442918
0.442932
0.442946
0.442959
0.442973
0.442987
0.443000
0.443014
0.443028
0.443041
0.443055
0.443069
0.443083
0.443096
0.443110
0.443124
0.443137
0.443151
0.443165
0.443179
0.443192
0.443206
0.443220
0.443234
0.443247
0.443261
0.443275
0.443288
0.443302
0.443316
0.443330
0.443343
0.443357
0.443371
0.443384
0.443398
0.443412
0.443426
0.443439
0.443453
0.443467
0.443481
0.443494
0.443508
0.443522
0.443535
0.443549
0.443563
0.443577
0.443590
0.443604
0.443618
0.443632
0.443645
0.443659
0.443673
0.443686
0.443700
0.443714
0.443728
0.443741
0.443755
0.443769
0.443783
0.443796
0.443810
0.443824
0.443838
0.443851
0.443865
0.443879
0.443893
0.443906
0.443920
0.443934
0.443947
0.443961
0.443975
0.443989
0.444002
0.444016
0.444030
0.444044
0.444057
0.444071
0.444085
0.444099
0.444112
0.444126
0.444140
0.444154
0.444167
0.444181
0.444195
0.444209
0.444222
0.444236
0.444250
0.444264
0.444277
0.444291
0.444305
0.444319
0.444332
0.444346
0.444360
0.444374
0.444387
0.444401
0.444415
0.444429
0.444442
0.444456
0.444470
0.444484
0.444497
0.444511
0.444525
0.444539
0.444552
0.444566
0.444580
0.444594
0.444607
0.444621
0.444635
0.444649
0.444662
0.444676
0.444690
0.444704
0.444717
0.444731
0.444745
0.444759
0.444773
0.444786
0.444800
0.444814
0.444828
0.444841
0.444855
0.444869
0.444883
0.444896
0.444910
0.444924
0.444938
0.444951
0.444965
0.444979
0.444993
0.445007
0.445020
0.445034
0.445048
0.445062
0.445075
0.445089
0.445103
0.445117
0.445130
0.445144
0.445158
0.445172
0.445186
0.445199
0.445213
0.445227
0.445241
0.445254
0.445268
0.445282
0.445296
0.445310
0.445323
0.445337
0.445351
0.445365
0.445378
0.445392
0.445406
0.445420
0.445434
0.445447
0.445461
0.445475
0.445489
0.445502
0.445516
0.445530
0.445544
0.445558
0.445571
0.445585
0.445599
0.445613
0.445627
0.445640
0.445654
0.445668
0.445682
0.445695
0.445709
0.445723
0.445737
0.445751
0.445764
0.445778
0.445792
0.445806
0.445820
0.445833
0.445847
0.445861
0.445875
0.445889
0.445902
0.445916
0.445930
0.445944
0.445957
0.445971
0.445985
0.445999
0.446013
0.446026
0.446040
0.446054
0.446068
0.446082
0.446095
0.446109
0.446123
0.446137
0.446151
0.446164
0.446178
0.446192
0.446206
0.446220
0.446233
0.446247
0.446261
0.446275
0.446289
0.446302
0.446316
0.446330
0.446344
0.446358
0.446371
0.446385
0.446399
0.446413
0.446427
0.446440
0.446454
0.446468
0.446482
0.446496
0.446510
0.446523
0.446537
0.446551
0.446565
0.446579
0.446592
0.446606
0.446620
0.446634
0.446648
0.446661
0.446675
0.446689
0.446703
0.446717
0.446731
0.446744
0.446758
0.446772
0.446786
0.446800
0.446813
0.446827
0.446841
0.446855
0.446869
0.446883
0.446896
0.446910
0.446924
0.446938
0.446952
0.446965
0.446979
0.446993
0.447007
0.447021
0.447035
0.447048
0.447062
0.447076
0.447090
0.447104
0.447118
0.447131
0.447145
0.447159
0.447173
0.447187
0.447200
0.447214
0.447228
0.447242
0.447256
0.447270
0.447283
0.447297
0.447311
0.447325
0.447339
0.447353
0.447366
0.447380
0.447394
0.447408
0.447422
0.447436
0.447449
0.447463
0.447477
0.447491
0.447505
0.447519
0.447532
0.447546
0.447560
0.447574
0.447588
0.447602
0.447616
0.447629
0.447643
0.447657
0.447671
0.447685
0.447699
0.447712
0.447726
0.447740
0.447754
0.447768
0.447782
0.447795
0.447809
0.447823
0.447837
0.447851
0.447865
0.447879
0.447892
0.447906
0.447920
0.447934
0.447948
0.447962
0.447975
0.447989
0.448003
0.448017
0.448031
0.448045
0.448059
0.448072
0.448086
0.448100
0.448114
0.448128
0.448142
0.448156
0.448169
0.448183
0.448197
0.448211
0.448225
0.448239
0.448253
0.448266
0.448280
0.448294
0.448308
0.448322
0.448336
0.448350
0.448363
0.448377
0.448391
0.448405
0.448419
0.448433
0.448447
0.448460
0.448474
0.448488
0.448502
0.448516
0.448530
0.448544
0.448557
0.448571
0.448585
0.448599
0.448613
0.448627
0.448641
0.448655
0.448668
0.448682
0.448696
0.448710
0.448724
0.448738
0.448752
0.448766
0.448779
0.448793
0.448807
0.448821
0.448835
0.448849
0.448863
0.448877
0.448890
0.448904
0.448918
0.448932
0.448946
0.448960
0.448974
0.448988
0.449001
0.449015
0.449029
0.449043
0.449057
0.449071
0.449085
0.449099
0.449112
0.449126
0.449140
0.449154
0.449168
0.449182
0.449196
0.449210
0.449223
0.449237
0.449251
0.449265
0.449279
0.449293
0.449307
0.449321
0.449335
0.449348
0.449362
0.449376
0.449390
0.449404
0.449418
0.449432
0.449446
0.449460
0.449473
0.449487
0.449501
0.449515
0.449529
0.449543
0.449557
0.449571
0.449585
0.449598
0.449612
0.449626
0.449640
0.449654
0.449668
0.449682
0.449696
0.449710
0.449724
0.449737
0.449751
0.449765
0.449779
0.449793
0.449807
0.449821
0.449835
0.449849
0.449862
0.449876
0.449890
0.449904
0.449918
0.449932
0.449946
0.449960
0.449974
0.449988
0.450002
0.450015
0.450029
0.450043
0.450057
0.450071
0.450085
0.450099
0.450113
0.450127
0.450141
0.450155
0.450168
0.450182
0.450196
0.450210
0.450224
0.450238
0.450252
0.450266
0.450280
0.450294
0.450308
0.450321
0.450335
0.450349
0.450363
0.450377
0.450391
0.450405
0.450419
0.450433
0.450447
0.450461
0.450475
0.450488
0.450502
0.450516
0.450530
0.450544
0.450558
0.450572
0.450586
0.450600
0.450614
0.450628
0.450642
0.450656
0.450669
0.450683
0.450697
0.450711
0.450725
0.450739
0.450753
0.450767
0.450781
0.450795
0.450809
0.450823
0.450837
0.450850
0.450864
0.450878
0.450892
0.450906
0.450920
0.450934
0.450948
0.450962
0.450976
0.450990
0.451004
0.451018
0.451032
0.451046
0.451059
0.451073
0.451087
0.451101
0.451115
0.451129
0.451143
0.451157
0.451171
0.451185
0.451199
0.451213
0.451227
0.451241
0.451255
0.451268
0.451282
0.451296
0.451310
0.451324
0.451338
0.451352
0.451366
0.451380
0.451394
0.451408
0.451422
0.451436
0.451450
0.451464
0.451478
0.451492
0.451505
0.451519
0.451533
0.451547
0.451561
0.451575
0.451589
0.451603
0.451617
0.451631
0.451645
0.451659
0.451673
0.451687
0.451701
0.451715
0.451729
0.451743
0.451757
0.451771
0.451784
0.451798
0.451812
0.451826
0.451840
0.451854
0.451868
0.451882
0.451896
0.451910
0.451924
0.451938
0.451952
0.451966
0.451980
0.451994
0.452008
0.452022
0.452036
0.452050
0.452064
0.452078
0.452092
0.452106
0.452119
0.452133
0.452147
0.452161
0.452175
0.452189
0.452203
0.452217
0.452231
0.452245
0.452259
0.452273
0.452287
0.452301
0.452315
0.452329
0.452343
0.452357
0.452371
0.452385
0.452399
0.452413
0.452427
0.452441
0.452455
0.452469
0.452483
0.452497
0.452511
0.452525
0.452539
0.452552
0.452566
0.452580
0.452594
0.452608
0.452622
0.452636
0.452650
0.452664
0.452678
0.452692
0.452706
0.452720
0.452734
0.452748
0.452762
0.452776
0.452790
0.452804
0.452818
0.452832
0.452846
0.452860
0.452874
0.452888
0.452902
0.452916
0.452930
0.452944
0.452958
0.452972
0.452986
0.453000
0.453014
0.453028
0.453042
0.453056
0.453070
0.453084
0.453098
0.453112
0.453126
0.453140
0.453154
0.453168
0.453182
0.453196
0.453210
0.453224
0.453238
0.453252
0.453266
0.453280
0.453294
0.453308
0.453322
0.453336
0.453350
0.453364
0.453378
0.453392
0.453406
0.453420
0.453434
0.453448
0.453462
0.453476
0.453490
0.453504
0.453518
0.453532
0.453546
0.453560
0.453574
0.453588
0.453602
0.453616
0.453630
0.453644
0.453658
0.453672
0.453686
0.453700
0.453714
0.453728
0.453742
0.453756
0.453770
0.453784
0.453798
0.453812
0.453826
0.453840
0.453854
0.453868
0.453882
0.453896
0.453910
0.453924
0.453938
0.453952
0.453966
0.453980
0.453994
0.454008
0.454022
0.454036
0.454050
0.454064
0.454078
0.454092
0.454106
0.454120
0.454134
0.454148
0.454162
0.454176
0.454190
0.454204
0.454218
0.454232
0.454246
0.454260
0.454274
0.454288
0.454302
0.454316
0.454330
0.454344
0.454358
0.454372
0.454386
0.454400
0.454414
0.454428
0.454442
0.454457
0.454471
0.454485
0.454499
0.454513
0.454527
0.454541
0.454555
0.454569
0.454583
0.454597
0.454611
0.454625
0.454639
0.454653
0.454667
0.454681
0.454695
0.454709
0.454723
0.454737
0.454751
0.454765
0.454779
0.454793
0.454807
0.454821
0.454835
0.454849
0.454863
0.454877
0.454891
0.454906
0.454920
0.454934
0.454948
0.454962
0.454976
0.454990
0.455004
0.455018
0.455032
0.455046
0.455060
0.455074
0.455088
0.455102
0.455116
0.455130
0.455144
0.455158
0.455172
0.455186
0.455200
0.455215
0.455229
0.455243
0.455257
0.455271
0.455285
0.455299
0.455313
0.455327
0.455341
0.455355
0.455369
0.455383
0.455397
0.455411
0.455425
0.455439
0.455453
0.455467
0.455481
0.455496
0.455510
0.455524
0.455538
0.455552
0.455566
0.455580
0.455594
0.455608
0.455622
0.455636
0.455650
0.455664
0.455678
0.455692
0.455706
0.455720
0.455734
0.455749
0.455763
0.455777
0.455791
0.455805
0.455819
0.455833
0.455847
0.455861
0.455875
0.455889
0.455903
0.455917
0.455931
0.455945
0.455960
0.455974
0.455988
0.456002
0.456016
0.456030
0.456044
0.456058
0.456072
0.456086
0.456100
0.456114
0.456128
0.456142
0.456156
0.456171
0.456185
0.456199
0.456213
0.456227
0.456241
0.456255
0.456269
0.456283
0.456297
0.456311
0.456325
0.456339
0.456354
0.456368
0.456382
0.456396
0.456410
0.456424
0.456438
0.456452
0.456466
0.456480
0.456494
0.456508
0.456522
0.456537
0.456551
0.456565
0.456579
0.456593
0.456607
0.456621
0.456635
0.456649
0.456663
0.456677
0.456691
0.456706
0.456720
0.456734
0.456748
0.456762
0.456776
0.456790
0.456804
0.456818
0.456832
0.456846
0.456861
0.456875
0.456889
0.456903
0.456917
0.456931
0.456945
0.456959
0.456973
0.456987
0.457002
0.457016
0.457030
0.457044
0.457058
0.457072
0.457086
0.457100
0.457114
0.457128
0.457142
0.457157
0.457171
0.457185
0.457199
0.457213
0.457227
0.457241
0.457255
0.457269
0.457283
0.457298
0.457312
0.457326
0.457340
0.457354
0.457368
0.457382
0.457396
0.457410
0.457425
0.457439
0.457453
0.457467
0.457481
0.457495
0.457509
0.457523
0.457537
0.457551
0.457566
0.457580
0.457594
0.457608
0.457622
0.457636
0.457650
0.457664
0.457679
0.457693
0.457707
0.457721
0.457735
0.457749
0.457763
0.457777
0.457791
0.457806
0.457820
0.457834
0.457848
0.457862
0.457876
0.457890
0.457904
0.457918
0.457933
0.457947
0.457961
0.457975
0.457989
0.458003
0.458017
0.458031
0.458046
0.458060
0.458074
0.458088
0.458102
0.458116
0.458130
0.458144
0.458159
0.458173
0.458187
0.458201
0.458215
0.458229
0.458243
0.458257
0.458272
0.458286
0.458300
0.458314
0.458328
0.458342
0.458356
0.458371
0.458385
0.458399
0.458413
0.458427
0.458441
0.458455
0.458469
0.458484
0.458498
0.458512
0.458526
0.458540
0.458554
0.458568
0.458583
0.458597
0.458611
0.458625
0.458639
0.458653
0.458667
0.458682
0.458696
0.458710
0.458724
0.458738
0.458752
0.458766
0.458781
0.458795
0.458809
0.458823
0.458837
0.458851
0.458865
0.458880
0.458894
0.458908
0.458922
0.458936
0.458950
0.458964
0.458979
0.458993
0.459007
0.459021
0.459035
0.459049
0.459063
0.459078
0.459092
0.459106
0.459120
0.459134
0.459148
0.459163
0.459177
0.459191
0.459205
0.459219
0.459233
0.459247
0.459262
0.459276
0.459290
0.459304
0.459318
0.459332
0.459347
0.459361
0.459375
0.459389
0.459403
0.459417
0.459432
0.459446
0.459460
0.459474
0.459488
0.459502
0.459517
0.459531
0.459545
0.459559
0.459573
0.459587
0.459601
0.459616
0.459630
0.459644
0.459658
0.459672
0.459686
0.459701
0.459715
0.459729
0.459743
0.459757
0.459772
0.459786
0.459800
0.459814
0.459828
0.459842
0.459857
0.459871
0.459885
0.459899
0.459913
0.459927
0.459942
0.459956
0.459970
0.459984
0.459998
0.460012
0.460027
0.460041
0.460055
0.460069
0.460083
0.460098
0.460112
0.460126
0.460140
0.460154
0.460168
0.460183
0.460197
0.460211
0.460225
0.460239
0.460254
0.460268
0.460282
0.460296
0.460310
0.460324
0.460339
0.460353
0.460367
0.460381
0.460395
0.460410
0.460424
0.460438
0.460452
0.460466
0.460480
0.460495
0.460509
0.460523
0.460537
0.460551
0.460566
0.460580
0.460594
0.460608
0.460622
0.460637
0.460651
0.460665
0.460679
0.460693
0.460708
0.460722
0.460736
0.460750
0.460764
0.460779
0.460793
0.460807
0.460821
0.460835
0.460850
0.460864
0.460878
0.460892
0.460906
0.460921
0.460935
0.460949
0.460963
0.460977
0.460992
0.461006
0.461020
0.461034
0.461048
0.461063
0.461077
0.461091
0.461105
0.461119
0.461134
0.461148
0.461162
0.461176
0.461190
0.461205
0.461219
0.461233
0.461247
0.461262
0.461276
0.461290
0.461304
0.461318
0.461333
0.461347
0.461361
0.461375
0.461389
0.461404
0.461418
0.461432
0.461446
0.461460
0.461475
0.461489
0.461503
0.461517
0.461532
0.461546
0.461560
0.461574
0.461588
0.461603
0.461617
0.461631
0.461645
0.461660
0.461674
0.461688
0.461702
0.461716
0.461731
0.461745
0.461759
0.461773
0.461788
0.461802
0.461816
0.461830
0.461844
0.461859
0.461873
0.461887
0.461901
0.461916
0.461930
0.461944
0.461958
0.461973
0.461987
0.462001
0.462015
0.462029
0.462044
0.462058
0.462072
0.462086
0.462101
0.462115
0.462129
0.462143
0.462158
0.462172
0.462186
0.462200
0.462214
0.462229
0.462243
0.462257
0.462271
0.462286
0.462300
0.462314
0.462328
0.462343
0.462357
0.462371
0.462385
0.462400
0.462414
0.462428
0.462442
0.462457
0.462471
0.462485
0.462499
0.462514
0.462528
0.462542
0.462556
0.462571
0.462585
0.462599
0.462613
0.462628
0.462642
0.462656
0.462670
0.462685
0.462699
0.462713
0.462727
0.462741
0.462756
0.462770
0.462784
0.462799
0.462813
0.462827
0.462841
0.462856
0.462870
0.462884
0.462898
0.462913
0.462927
0.462941
0.462955
0.462970
0.462984
0.462998
0.463012
0.463027
0.463041
0.463055
0.463069
0.463084
0.463098
0.463112
0.463126
0.463141
0.463155
0.463169
0.463183
0.463198
0.463212
0.463226
0.463240
0.463255
0.463269
0.463283
0.463298
0.463312
0.463326
0.463340
0.463355
0.463369
0.463383
0.463397
0.463412
0.463426
0.463440
0.463455
0.463469
0.463483
0.463497
0.463512
0.463526
0.463540
0.463554
0.463569
0.463583
0.463597
0.463611
0.463626
0.463640
0.463654
0.463669
0.463683
0.463697
0.463711
0.463726
0.463740
0.463754
0.463769
0.463783
0.463797
0.463811
0.463826
0.463840
0.463854
0.463868
0.463883
0.463897
0.463911
0.463926
0.463940
0.463954
0.463968
0.463983
0.463997
0.464011
0.464026
0.464040
0.464054
0.464068
0.464083
0.464097
0.464111
0.464126
0.464140
0.464154
0.464169
0.464183
0.464197
0.464211
0.464226
0.464240
0.464254
0.464269
0.464283
0.464297
0.464311
0.464326
0.464340
0.464354
0.464369
0.464383
0.464397
0.464411
0.464426
0.464440
0.464454
0.464469
0.464483
0.464497
0.464512
0.464526
0.464540
0.464554
0.464569
0.464583
0.464597
0.464612
0.464626
0.464640
0.464655
0.464669
0.464683
0.464697
0.464712
0.464726
0.464740
0.464755
0.464769
0.464783
0.464798
0.464812
0.464826
0.464841
0.464855
0.464869
0.464883
0.464898
0.464912
0.464926
0.464941
0.464955
0.464969
0.464984
0.464998
0.465012
0.465027
0.465041
0.465055
0.465070
0.465084
0.465098
0.465112
0.465127
0.465141
0.465155
0.465170
0.465184
0.465198
0.465213
0.465227
0.465241
0.465256
0.465270
0.465284
0.465299
0.465313
0.465327
0.465342
0.465356
0.465370
0.465384
0.465399
0.465413
0.465427
0.465442
0.465456
0.465470
0.465485
0.465499
0.465513
0.465528
0.465542
0.465556
0.465571
0.465585
0.465599
0.465614
0.465628
0.465642
0.465657
0.465671
0.465685
0.465700
0.465714
0.465728
0.465743
0.465757
0.465771
0.465786
0.465800
0.465814
0.465829
0.465843
0.465857
0.465872
0.465886
0.465900
0.465915
0.465929
0.465943
0.465958
0.465972
0.465986
0.466001
0.466015
0.466029
0.466044
0.466058
0.466072
0.466087
0.466101
0.466115
0.466130
0.466144
0.466158
0.466173
0.466187
0.466201
0.466216
0.466230
0.466245
0.466259
0.466273
0.466288
0.466302
0.466316
0.466331
0.466345
0.466359
0.466374
0.466388
0.466402
0.466417
0.466431
0.466445
0.466460
0.466474
0.466488
0.466503
0.466517
0.466532
0.466546
0.466560
0.466575
0.466589
0.466603
0.466618
0.466632
0.466646
0.466661
0.466675
0.466689
0.466704
0.466718
0.466732
0.466747
0.466761
0.466776
0.466790
0.466804
0.466819
0.466833
0.466847
0.466862
0.466876
0.466890
0.466905
0.466919
0.466934
0.466948
0.466962
0.466977
0.466991
0.467005
0.467020
0.467034
0.467048
0.467063
0.467077
0.467092
0.467106
0.467120
0.467135
0.467149
0.467163
0.467178
0.467192
0.467207
0.467221
0.467235
0.467250
0.467264
0.467278
0.467293
0.467307
0.467321
0.467336
0.467350
0.467365
0.467379
0.467393
0.467408
0.467422
0.467437
0.467451
0.467465
0.467480
0.467494
0.467508
0.467523
0.467537
0.467552
0.467566
0.467580
0.467595
0.467609
0.467623
0.467638
0.467652
0.467667
0.467681
0.467695
0.467710
0.467724
0.467739
0.467753
0.467767
0.467782
0.467796
0.467810
0.467825
0.467839
0.467854
0.467868
0.467882
0.467897
0.467911
0.467926
0.467940
0.467954
0.467969
0.467983
0.467998
0.468012
0.468026
0.468041
0.468055
0.468069
0.468084
0.468098
0.468113
0.468127
0.468141
0.468156
0.468170
0.468185
0.468199
0.468213
0.468228
0.468242
0.468257
0.468271
0.468285
0.468300
0.468314
0.468329
0.468343
0.468357
0.468372
0.468386
0.468401
0.468415
0.468429
0.468444
0.468458
0.468473
0.468487
0.468502
0.468516
0.468530
0.468545
0.468559
0.468574
0.468588
0.468602
0.468617
0.468631
0.468646
0.468660
0.468674
0.468689
0.468703
0.468718
0.468732
0.468746
0.468761
0.468775
0.468790
0.468804
0.468819
0.468833
0.468847
0.468862
0.468876
0.468891
0.468905
0.468919
0.468934
0.468948
0.468963
0.468977
0.468992
0.469006
0.469020
0.469035
0.469049
0.469064
0.469078
0.469092
0.469107
0.469121
0.469136
0.469150
0.469165
0.469179
0.469193
0.469208
0.469222
0.469237
0.469251
0.469266
0.469280
0.469294
0.469309
0.469323
0.469338
0.469352
0.469367
0.469381
0.469395
0.469410
0.469424
0.469439
0.469453
0.469468
0.469482
0.469496
0.469511
0.469525
0.469540
0.469554
0.469569
0.469583
0.469597
0.469612
0.469626
0.469641
0.469655
0.469670
0.469684
0.469699
0.469713
0.469727
0.469742
0.469756
0.469771
0.469785
0.469800
0.469814
0.469829
0.469843
0.469857
0.469872
0.469886
0.469901
0.469915
0.469930
0.469944
0.469958
0.469973
0.469987
0.470002
0.470016
0.470031
0.470045
0.470060
0.470074
0.470089
0.470103
0.470117
0.470132
0.470146
0.470161
0.470175
0.470190
0.470204
0.470219
0.470233
0.470248
0.470262
0.470276
0.470291
0.470305
0.470320
0.470334
0.470349
0.470363
0.470378
0.470392
0.470407
0.470421
0.470435
0.470450
0.470464
0.470479
0.470493
0.470508
0.470522
0.470537
0.470551
0.470566
0.470580
0.470595
0.470609
0.470623
0.470638
0.470652
0.470667
0.470681
0.470696
0.470710
0.470725
0.470739
0.470754
0.470768
0.470783
0.470797
0.470811
0.470826
0.470840
0.470855
0.470869
0.470884
0.470898
0.470913
0.470927
0.470942
0.470956
0.470971
0.470985
0.471000
0.471014
0.471029
0.471043
0.471057
0.471072
0.471086
0.471101
0.471115
0.471130
0.471144
0.471159
0.471173
0.471188
0.471202
0.471217
0.471231
0.471246
0.471260
0.471275
0.471289
0.471304
0.471318
0.471333
0.471347
0.471362
0.471376
0.471391
0.471405
0.471419
0.471434
0.471448
0.471463
0.471477
0.471492
0.471506
0.471521
0.471535
0.471550
0.471564
0.471579
0.471593
0.471608
0.471622
0.471637
0.471651
0.471666
0.471680
0.471695
0.471709
0.471724
0.471738
0.471753
0.471767
0.471782
0.471796
0.471811
0.471825
0.471840
0.471854
0.471869
0.471883
0.471898
0.471912
0.471927
0.471941
0.471956
0.471970
0.471985
0.471999
0.472014
0.472028
0.472043
0.472057
0.472072
0.472086
0.472101
0.472115
0.472130
0.472144
0.472159
0.472173
0.472188
0.472202
0.472217
0.472231
0.472246
0.472260
0.472275
0.472289
0.472304
0.472318
0.472333
0.472347
0.472362
0.472376
0.472391
0.472405
0.472420
0.472434
0.472449
0.472463
0.472478
0.472492
0.472507
0.472521
0.472536
0.472551
0.472565
0.472580
0.472594
0.472609
0.472623
0.472638
0.472652
0.472667
0.472681
0.472696
0.472710
0.472725
0.472739
0.472754
0.472768
0.472783
0.472797
0.472812
0.472826
0.472841
0.472855
0.472870
0.472884
0.472899
0.472913
0.472928
0.472943
0.472957
0.472972
0.472986
0.473001
0.473015
0.473030
0.473044
0.473059
0.473073
0.473088
0.473102
0.473117
0.473131
0.473146
0.473160
0.473175
0.473190
0.473204
0.473219
0.473233
0.473248
0.473262
0.473277
0.473291
0.473306
0.473320
0.473335
0.473349
0.473364
0.473379
0.473393
0.473408
0.473422
0.473437
0.473451
0.473466
0.473480
0.473495
0.473509
0.473524
0.473538
0.473553
0.473568
0.473582
0.473597
0.473611
0.473626
0.473640
0.473655
0.473669
0.473684
0.473698
0.473713
0.473728
0.473742
0.473757
0.473771
0.473786
0.473800
0.473815
0.473829
0.473844
0.473858
0.473873
0.473888
0.473902
0.473917
0.473931
0.473946
0.473960
0.473975
0.473989
0.474004
0.474019
0.474033
0.474048
0.474062
0.474077
0.474091
0.474106
0.474120
0.474135
0.474150
0.474164
0.474179
0.474193
0.474208
0.474222
0.474237
0.474251
0.474266
0.474281
0.474295
0.474310
0.474324
0.474339
0.474353
0.474368
0.474383
0.474397
0.474412
0.474426
0.474441
0.474455
0.474470
0.474484
0.474499
0.474514
0.474528
0.474543
0.474557
0.474572
0.474586
0.474601
0.474616
0.474630
0.474645
0.474659
0.474674
0.474688
0.474703
0.474718
0.474732
0.474747
0.474761
0.474776
0.474790
0.474805
0.474820
0.474834
0.474849
0.474863
0.474878
0.474892
0.474907
0.474922
0.474936
0.474951
0.474965
0.474980
0.474995
0.475009
0.475024
0.475038
0.475053
0.475067
0.475082
0.475097
0.475111
0.475126
0.475140
0.475155
0.475170
0.475184
0.475199
0.475213
0.475228
0.475242
0.475257
0.475272
0.475286
0.475301
0.475315
0.475330
0.475345
0.475359
0.475374
0.475388
0.475403
0.475418
0.475432
0.475447
0.475461
0.475476
0.475491
0.475505
0.475520
0.475534
0.475549
0.475563
0.475578
0.475593
0.475607
0.475622
0.475636
0.475651
0.475666
0.475680
0.475695
0.475709
0.475724
0.475739
0.475753
0.475768
0.475782
0.475797
0.475812
0.475826
0.475841
0.475856
0.475870
0.475885
0.475899
0.475914
0.475929
0.475943
0.475958
0.475972
0.475987
0.476002
0.476016
0.476031
0.476045
0.476060
0.476075
0.476089
0.476104
0.476118
0.476133
0.476148
0.476162
0.476177
0.476191
0.476206
0.476221
0.476235
0.476250
0.476265
0.476279
0.476294
0.476308
0.476323
0.476338
0.476352
0.476367
0.476382
0.476396
0.476411
0.476425
0.476440
0.476455
0.476469
0.476484
0.476498
0.476513
0.476528
0.476542
0.476557
0.476572
0.476586
0.476601
0.476615
0.476630
0.476645
0.476659
0.476674
0.476689
0.476703
0.476718
0.476732
0.476747
0.476762
0.476776
0.476791
0.476806
0.476820
0.476835
0.476849
0.476864
0.476879
0.476893
0.476908
0.476923
0.476937
0.476952
0.476967
0.476981
0.476996
0.477010
0.477025
0.477040
0.477054
0.477069
0.477084
0.477098
0.477113
0.477128
0.477142
0.477157
0.477171
0.477186
0.477201
0.477215
0.477230
0.477245
0.477259
0.477274
0.477289
0.477303
0.477318
0.477332
0.477347
0.477362
0.477376
0.477391
0.477406
0.477420
0.477435
0.477450
0.477464
0.477479
0.477494
0.477508
0.477523
0.477538
0.477552
0.477567
0.477581
0.477596
0.477611
0.477625
0.477640
0.477655
0.477669
0.477684
0.477699
0.477713
0.477728
0.477743
0.477757
0.477772
0.477787
0.477801
0.477816
0.477831
0.477845
0.477860
0.477875
0.477889
0.477904
0.477919
0.477933
0.477948
0.477963
0.477977
0.477992
0.478007
0.478021
0.478036
0.478051
0.478065
0.478080
0.478094
0.478109
0.478124
0.478138
0.478153
0.478168
0.478182
0.478197
0.478212
0.478226
0.478241
0.478256
0.478270
0.478285
0.478300
0.478315
0.478329
0.478344
0.478358
0.478373
0.478388
0.478402
0.478417
0.478432
0.478447
0.478461
0.478476
0.478491
0.478505
0.478520
0.478535
0.478549
0.478564
0.478579
0.478593
0.478608
0.478623
0.478637
0.478652
0.478667
0.478681
0.478696
0.478711
0.478725
0.478740
0.478755
0.478769
0.478784
0.478799
0.478813
0.478828
0.478843
0.478858
0.478872
0.478887
0.478902
0.478916
0.478931
0.478946
0.478960
0.478975
0.478990
0.479004
0.479019
0.479034
0.479048
0.479063
0.479078
0.479093
0.479107
0.479122
0.479137
0.479151
0.479166
0.479181
0.479195
0.479210
0.479225
0.479239
0.479254
0.479269
0.479284
0.479298
0.479313
0.479328
0.479342
0.479357
0.479372
0.479386
0.479401
0.479416
0.479431
0.479445
0.479460
0.479475
0.479489
0.479504
0.479519
0.479533
0.479548
0.479563
0.479578
0.479592
0.479607
0.479622
0.479636
0.479651
0.479666
0.479681
0.479695
0.479710
0.479725
0.479739
0.479754
0.479769
0.479783
0.479798
0.479813
0.479828
0.479842
0.479857
0.479872
0.479886
0.479901
0.479916
0.479931
0.479945
0.479960
0.479975
0.479989
0.480004
0.480019
0.480034
0.480048
0.480063
0.480078
0.480092
0.480107
0.480122
0.480137
0.480151
0.480166
0.480181
0.480196
0.480210
0.480225
0.480240
0.480254
0.480269
0.480284
0.480299
0.480313
0.480328
0.480343
0.480357
0.480372
0.480387
0.480402
0.480416
0.480431
0.480446
0.480460
0.480475
0.480490
0.480505
0.480519
0.480534
0.480549
0.480564
0.480578
0.480593
0.480608
0.480623
0.480637
0.480652
0.480667
0.480681
0.480696
0.480711
0.480726
0.480740
0.480755
0.480770
0.480785
0.480799
0.480814
0.480829
0.480844
0.480858
0.480873
0.480888
0.480903
0.480917
0.480932
0.480947
0.480961
0.480976
0.480991
0.481006
0.481020
0.481035
0.481050
0.481065
0.481079
0.481094
0.481109
0.481124
0.481138
0.481153
0.481168
0.481183
0.481197
0.481212
0.481227
0.481242
0.481256
0.481271
0.481286
0.481301
0.481315
0.481330
0.481345
0.481360
0.481374
0.481389
0.481404
0.481419
0.481433
0.481448
0.481463
0.481478
0.481492
0.481507
0.481522
0.481537
0.481551
0.481566
0.481581
0.481596
0.481610
0.481625
0.481640
0.481655
0.481669
0.481684
0.481699
0.481714
0.481729
0.481743
0.481758
0.481773
0.481788
0.481802
0.481817
0.481832
0.481847
0.481861
0.481876
0.481891
0.481906
0.481920
0.481935
0.481950
0.481965
0.481980
0.481994
0.482009
0.482024
0.482039
0.482053
0.482068
0.482083
0.482098
0.482112
0.482127
0.482142
0.482157
0.482172
0.482186
0.482201
0.482216
0.482231
0.482245
0.482260
0.482275
0.482290
0.482305
0.482319
0.482334
0.482349
0.482364
0.482378
0.482393
0.482408
0.482423
0.482437
0.482452
0.482467
0.482482
0.482497
0.482511
0.482526
0.482541
0.482556
0.482571
0.482585
0.482600
0.482615
0.482630
0.482644
0.482659
0.482674
0.482689
0.482704
0.482718
0.482733
0.482748
0.482763
0.482778
0.482792
0.482807
0.482822
0.482837
0.482852
0.482866
0.482881
0.482896
0.482911
0.482925
0.482940
0.482955
0.482970
0.482985
0.482999
0.483014
0.483029
0.483044
0.483059
0.483073
0.483088
0.483103
0.483118
0.483133
0.483147
0.483162
0.483177
0.483192
0.483207
0.483221
0.483236
0.483251
0.483266
0.483281
0.483295
0.483310
0.483325
0.483340
0.483355
0.483369
0.483384
0.483399
0.483414
0.483429
0.483443
0.483458
0.483473
0.483488
0.483503
0.483517
0.483532
0.483547
0.483562
0.483577
0.483592
0.483606
0.483621
0.483636
0.483651
0.483666
0.483680
0.483695
0.483710
0.483725
0.483740
0.483755
0.483769
0.483784
0.483799
0.483814
0.483829
0.483843
0.483858
0.483873
0.483888
0.483903
0.483917
0.483932
0.483947
0.483962
0.483977
0.483992
0.484006
0.484021
0.484036
0.484051
0.484066
0.484081
0.484095
0.484110
0.484125
0.484140
0.484155
0.484169
0.484184
0.484199
0.484214
0.484229
0.484244
0.484258
0.484273
0.484288
0.484303
0.484318
0.484333
0.484347
0.484362
0.484377
0.484392
0.484407
0.484422
0.484436
0.484451
0.484466
0.484481
0.484496
0.484511
0.484525
0.484540
0.484555
0.484570
0.484585
0.484600
0.484614
0.484629
0.484644
0.484659
0.484674
0.484689
0.484703
0.484718
0.484733
0.484748
0.484763
0.484778
0.484793
0.484807
0.484822
0.484837
0.484852
0.484867
0.484882
0.484896
0.484911
0.484926
0.484941
0.484956
0.484971
0.484986
0.485000
0.485015
0.485030
0.485045
0.485060
0.485075
0.485089
0.485104
0.485119
0.485134
0.485149
0.485164
0.485179
0.485193
0.485208
0.485223
0.485238
0.485253
0.485268
0.485283
0.485297
0.485312
0.485327
0.485342
0.485357
0.485372
0.485387
0.485401
0.485416
0.485431
0.485446
0.485461
0.485476
0.485491
0.485505
0.485520
0.485535
0.485550
0.485565
0.485580
0.485595
0.485609
0.485624
0.485639
0.485654
0.485669
0.485684
0.485699
0.485714
0.485728
0.485743
0.485758
0.485773
0.485788
0.485803
0.485818
0.485833
0.485847
0.485862
0.485877
0.485892
0.485907
0.485922
0.485937
0.485951
0.485966
0.485981
0.485996
0.486011
0.486026
0.486041
0.486056
0.486070
0.486085
0.486100
0.486115
0.486130
0.486145
0.486160
0.486175
0.486190
0.486204
0.486219
0.486234
0.486249
0.486264
0.486279
0.486294
0.486309
0.486323
0.486338
0.486353
0.486368
0.486383
0.486398
0.486413
0.486428
0.486443
0.486457
0.486472
0.486487
0.486502
0.486517
0.486532
0.486547
0.486562
0.486577
0.486591
0.486606
0.486621
0.486636
0.486651
0.486666
0.486681
0.486696
0.486711
0.486725
0.486740
0.486755
0.486770
0.486785
0.486800
0.486815
0.486830
0.486845
0.486860
0.486874
0.486889
0.486904
0.486919
0.486934
0.486949
0.486964
0.486979
0.486994
0.487009
0.487024
0.487038
0.487053
0.487068
0.487083
0.487098
0.487113
0.487128
0.487143
0.487158
0.487172
0.487187
0.487202
0.487217
0.487232
0.487247
0.487262
0.487277
0.487292
0.487307
0.487322
0.487337
0.487351
0.487366
0.487381
0.487396
0.487411
0.487426
0.487441
0.487456
0.487471
0.487486
0.487501
0.487515
0.487530
0.487545
0.487560
0.487575
0.487590
0.487605
0.487620
0.487635
0.487650
0.487665
0.487680
0.487694
0.487709
0.487724
0.487739
0.487754
0.487769
0.487784
0.487799
0.487814
0.487829
0.487844
0.487859
0.487874
0.487888
0.487903
0.487918
0.487933
0.487948
0.487963
0.487978
0.487993
0.488008
0.488023
0.488038
0.488053
0.488068
0.488083
0.488097
0.488112
0.488127
0.488142
0.488157
0.488172
0.488187
0.488202
0.488217
0.488232
0.488247
0.488262
0.488277
0.488292
0.488307
0.488322
0.488336
0.488351
0.488366
0.488381
0.488396
0.488411
0.488426
0.488441
0.488456
0.488471
0.488486
0.488501
0.488516
0.488531
0.488546
0.488561
0.488576
0.488590
0.488605
0.488620
0.488635
0.488650
0.488665
0.488680
0.488695
0.488710
0.488725
0.488740
0.488755
0.488770
0.488785
0.488800
0.488815
0.488830
0.488845
0.488860
0.488874
0.488889
0.488904
0.488919
0.488934
0.488949
0.488964
0.488979
0.488994
0.489009
0.489024
0.489039
0.489054
0.489069
0.489084
0.489099
0.489114
0.489129
0.489144
0.489159
0.489174
0.489189
0.489203
0.489218
0.489233
0.489248
0.489263
0.489278
0.489293
0.489308
0.489323
0.489338
0.489353
0.489368
0.489383
0.489398
0.489413
0.489428
0.489443
0.489458
0.489473
0.489488
0.489503
0.489518
0.489533
0.489548
0.489563
0.489578
0.489593
0.489608
0.489623
0.489638
0.489652
0.489667
0.489682
0.489697
0.489712
0.489727
0.489742
0.489757
0.489772
0.489787
0.489802
0.489817
0.489832
0.489847
0.489862
0.489877
0.489892
0.489907
0.489922
0.489937
0.489952
0.489967
0.489982
0.489997
0.490012
0.490027
0.490042
0.490057
0.490072
0.490087
0.490102
0.490117
0.490132
0.490147
0.490162
0.490177
0.490192
0.490207
0.490222
0.490237
0.490252
0.490267
0.490282
0.490297
0.490312
0.490327
0.490342
0.490357
0.490372
0.490387
0.490402
0.490417
0.490432
0.490447
0.490462
0.490477
0.490492
0.490507
0.490522
0.490537
0.490552
0.490567
0.490582
0.490597
0.490612
0.490627
0.490642
0.490657
0.490672
0.490687
0.490702
0.490717
0.490732
0.490747
0.490762
0.490777
0.490792
0.490807
0.490822
0.490837
0.490852
0.490867
0.490882
0.490897
0.490912
0.490927
0.490942
0.490957
0.490972
0.490987
0.491002
0.491017
0.491032
0.491047
0.491062
0.491077
0.491092
0.491107
0.491122
0.491137
0.491152
0.491167
0.491182
0.491197
0.491212
0.491227
0.491242
0.491257
0.491272
0.491287
0.491302
0.491317
0.491332
0.491347
0.491362
0.491377
0.491392
0.491407
0.491422
0.491437
0.491452
0.491467
0.491482
0.491497
0.491512
0.491527
0.491542
0.491557
0.491572
0.491587
0.491602
0.491617
0.491632
0.491647
0.491662
0.491677
0.491692
0.491707
0.491722
0.491738
0.491753
0.491768
0.491783
0.491798
0.491813
0.491828
0.491843
0.491858
0.491873
0.491888
0.491903
0.491918
0.491933
0.491948
0.491963
0.491978
0.491993
0.492008
0.492023
0.492038
0.492053
0.492068
0.492083
0.492098
0.492113
0.492128
0.492143
0.492158
0.492173
0.492189
0.492204
0.492219
0.492234
0.492249
0.492264
0.492279
0.492294
0.492309
0.492324
0.492339
0.492354
0.492369
0.492384
0.492399
0.492414
0.492429
0.492444
0.492459
0.492474
0.492489
0.492504
0.492520
0.492535
0.492550
0.492565
0.492580
0.492595
0.492610
0.492625
0.492640
0.492655
0.492670
0.492685
0.492700
0.492715
0.492730
0.492745
0.492760
0.492775
0.492790
0.492806
0.492821
0.492836
0.492851
0.492866
0.492881
0.492896
0.492911
0.492926
0.492941
0.492956
0.492971
0.492986
0.493001
0.493016
0.493031
0.493046
0.493062
0.493077
0.493092
0.493107
0.493122
0.493137
0.493152
0.493167
0.493182
0.493197
0.493212
0.493227
0.493242
0.493257
0.493273
0.493287
0.493303
0.493318
0.493333
0.493348
0.493363
0.493378
0.493393
0.493408
0.493423
0.493438
0.493453
0.493468
0.493483
0.493499
0.493514
0.493529
0.493544
0.493559
0.493574
0.493589
0.493604
0.493619
0.493634
0.493649
0.493664
0.493679
0.493695
0.493710
0.493725
0.493740
0.493755
0.493770
0.493785
0.493800
0.493815
0.493830
0.493845
0.493860
0.493875
0.493891
0.493906
0.493921
0.493936
0.493951
0.493966
0.493981
0.493996
0.494011
0.494026
0.494041
0.494057
0.494072
0.494087
0.494102
0.494117
0.494132
0.494147
0.494162
0.494177
0.494192
0.494207
0.494223
0.494238
0.494253
0.494268
0.494283
0.494298
0.494313
0.494328
0.494343
0.494358
0.494374
0.494389
0.494404
0.494419
0.494434
0.494449
0.494464
0.494479
0.494494
0.494509
0.494525
0.494540
0.494555
0.494570
0.494585
0.494600
0.494615
0.494630
0.494645
0.494661
0.494676
0.494691
0.494706
0.494721
0.494736
0.494751
0.494766
0.494781
0.494796
0.494812
0.494827
0.494842
0.494857
0.494872
0.494887
0.494902
0.494917
0.494932
0.494948
0.494963
0.494978
0.494993
0.495008
0.495023
0.495038
0.495053
0.495068
0.495084
0.495099
0.495114
0.495129
0.495144
0.495159
0.495174
0.495189
0.495205
0.495220
0.495235
0.495250
0.495265
0.495280
0.495295
0.495310
0.495326
0.495341
0.495356
0.495371
0.495386
0.495401
0.495416
0.495431
0.495447
0.495462
0.495477
0.495492
0.495507
0.495522
0.495537
0.495552
0.495568
0.495583
0.495598
0.495613
0.495628
0.495643
0.495658
0.495673
0.495689
0.495704
0.495719
0.495734
0.495749
0.495764
0.495779
0.495795
0.495810
0.495825
0.495840
0.495855
0.495870
0.495885
0.495901
0.495916
0.495931
0.495946
0.495961
0.495976
0.495991
0.496006
0.496022
0.496037
0.496052
0.496067
0.496082
0.496097
0.496113
0.496128
0.496143
0.496158
0.496173
0.496188
0.496203
0.496218
0.496234
0.496249
0.496264
0.496279
0.496294
0.496309
0.496325
0.496340
0.496355
0.496370
0.496385
0.496400
0.496415
0.496431
0.496446
0.496461
0.496476
0.496491
0.496506
0.496522
0.496537
0.496552
0.496567
0.496582
0.496597
0.496612
0.496628
0.496643
0.496658
0.496673
0.496688
0.496703
0.496719
0.496734
0.496749
0.496764
0.496779
0.496794
0.496809
0.496825
0.496840
0.496855
0.496870
0.496885
0.496901
0.496916
0.496931
0.496946
0.496961
0.496976
0.496992
0.497007
0.497022
0.497037
0.497052
0.497067
0.497082
0.497098
0.497113
0.497128
0.497143
0.497158
0.497174
0.497189
0.497204
0.497219
0.497234
0.497249
0.497265
0.497280
0.497295
0.497310
0.497325
0.497340
0.497356
0.497371
0.497386
0.497401
0.497416
0.497432
0.497447
0.497462
0.497477
0.497492
0.497507
0.497523
0.497538
0.497553
0.497568
0.497583
0.497599
0.497614
0.497629
0.497644
0.497659
0.497674
0.497690
0.497705
0.497720
0.497735
0.497750
0.497766
0.497781
0.497796
0.497811
0.497826
0.497842
0.497857
0.497872
0.497887
0.497902
0.497917
0.497933
0.497948
0.497963
0.497978
0.497993
0.498009
0.498024
0.498039
0.498054
0.498069
0.498085
0.498100
0.498115
0.498130
0.498145
0.498161
0.498176
0.498191
0.498206
0.498221
0.498237
0.498252
0.498267
0.498282
0.498297
0.498313
0.498328
0.498343
0.498358
0.498373
0.498389
0.498404
0.498419
0.498434
0.498449
0.498465
0.498480
0.498495
0.498510
0.498525
0.498541
0.498556
0.498571
0.498586
0.498601
0.498617
0.498632
0.498647
0.498662
0.498678
0.498693
0.498708
0.498723
0.498738
0.498754
0.498769
0.498784
0.498799
0.498814
0.498830
0.498845
0.498860
0.498875
0.498891
0.498906
0.498921
0.498936
0.498951
0.498967
0.498982
0.498997
0.499012
0.499028
0.499043
0.499058
0.499073
0.499088
0.499104
0.499119
0.499134
0.499149
0.499165
0.499180
0.499195
0.499210
0.499225
0.499241
0.499256
0.499271
0.499286
0.499302
0.499317
0.499332
0.499347
0.499363
0.499378
0.499393
0.499408
0.499423
0.499439
0.499454
0.499469
0.499484
0.499500
0.499515
0.499530
0.499545
0.499561
0.499576
0.499591
0.499606
0.499621
0.499637
0.499652
0.499667
0.499682
0.499698
0.499713
0.499728
0.499743
0.499759
0.499774
0.499789
0.499804
0.499820
0.499835
0.499850
0.499865
0.499881
0.499896
0.499911
0.499926
0.499942
0.499957
0.499972
0.499987
0.500003
0.500018
0.500033
0.500048
0.500063
0.500079
0.500094
0.500109
0.500125
0.500140
0.500155
0.500170
0.500186
0.500201
0.500216
0.500231
0.500247
0.500262
0.500277
0.500292
0.500308
0.500323
0.500338
0.500353
0.500369
0.500384
0.500399
0.500414
0.500430
0.500445
0.500460
0.500475
0.500491
0.500506
0.500521
0.500536
0.500552
0.500567
0.500582
0.500598
0.500613
0.500628
0.500643
0.500659
0.500674
0.500689
0.500704
0.500720
0.500735
0.500750
0.500765
0.500781
0.500796
0.500811
0.500826
0.500842
0.500857
0.500872
0.500888
0.500903
0.500918
0.500933
0.500949
0.500964
0.500979
0.500994
0.501010
0.501025
0.501040
0.501056
0.501071
0.501086
0.501101
0.501117
0.501132
0.501147
0.501162
0.501178
0.501193
0.501208
0.501224
0.501239
0.501254
0.501269
0.501285
0.501300
0.501315
0.501331
0.501346
0.501361
0.501376
0.501392
0.501407
0.501422
0.501438
0.501453
0.501468
0.501483
0.501499
0.501514
0.501529
0.501545
0.501560
0.501575
0.501590
0.501606
0.501621
0.501636
0.501652
0.501667
0.501682
0.501697
0.501713
0.501728
0.501743
0.501759
0.501774
0.501789
0.501805
0.501820
0.501835
0.501850
0.501866
0.501881
0.501896
0.501912
0.501927
0.501942
0.501957
0.501973
0.501988
0.502003
0.502019
0.502034
0.502049
0.502065
0.502080
0.502095
0.502110
0.502126
0.502141
0.502156
0.502172
0.502187
0.502202
0.502218
0.502233
0.502248
0.502264
0.502279
0.502294
0.502309
0.502325
0.502340
0.502355
0.502371
0.502386
0.502401
0.502417
0.502432
0.502447
0.502463
0.502478
0.502493
0.502509
0.502524
0.502539
0.502554
0.502570
0.502585
0.502600
0.502616
0.502631
0.502646
0.502662
0.502677
0.502692
0.502708
0.502723
0.502738
0.502754
0.502769
0.502784
0.502800
0.502815
0.502830
0.502845
0.502861
0.502876
0.502891
0.502907
0.502922
0.502937
0.502953
0.502968
0.502983
0.502999
0.503014
0.503029
0.503045
0.503060
0.503075
0.503091
0.503106
0.503121
0.503137
0.503152
0.503167
0.503183
0.503198
0.503213
0.503229
0.503244
0.503259
0.503275
0.503290
0.503305
0.503321
0.503336
0.503351
0.503367
0.503382
0.503397
0.503413
0.503428
0.503443
0.503459
0.503474
0.503489
0.503505
0.503520
0.503535
0.503551
0.503566
0.503581
0.503597
0.503612
0.503627
0.503643
0.503658
0.503673
0.503689
0.503704
0.503720
0.503735
0.503750
0.503766
0.503781
0.503796
0.503812
0.503827
0.503842
0.503858
0.503873
0.503888
0.503904
0.503919
0.503934
0.503950
0.503965
0.503980
0.503996
0.504011
0.504026
0.504042
0.504057
0.504073
0.504088
0.504103
0.504119
0.504134
0.504149
0.504165
0.504180
0.504195
0.504211
0.504226
0.504241
0.504257
0.504272
0.504288
0.504303
0.504318
0.504334
0.504349
0.504364
0.504380
0.504395
0.504410
0.504426
0.504441
0.504457
0.504472
0.504487
0.504503
0.504518
0.504533
0.504549
0.504564
0.504579
0.504595
0.504610
0.504626
0.504641
0.504656
0.504672
0.504687
0.504702
0.504718
0.504733
0.504749
0.504764
0.504779
0.504795
0.504810
0.504825
0.504841
0.504856
0.504872
0.504887
0.504902
0.504918
0.504933
0.504948
0.504964
0.504979
0.504995
0.505010
0.505025
0.505041
0.505056
0.505071
0.505087
0.505102
0.505118
0.505133
0.505148
0.505164
0.505179
0.505194
0.505210
0.505225
0.505241
0.505256
0.505271
0.505287
0.505302
0.505318
0.505333
0.505348
0.505364
0.505379
0.505395
0.505410
0.505425
0.505441
0.505456
0.505471
0.505487
0.505502
0.505518
0.505533
0.505548
0.505564
0.505579
0.505595
0.505610
0.505625
0.505641
0.505656
0.505672
0.505687
0.505702
0.505718
0.505733
0.505749
0.505764
0.505779
0.505795
0.505810
0.505826
0.505841
0.505856
0.505872
0.505887
0.505903
0.505918
0.505933
0.505949
0.505964
0.505980
0.505995
0.506010
0.506026
0.506041
0.506057
0.506072
0.506087
0.506103
0.506118
0.506134
0.506149
0.506165
0.506180
0.506195
0.506211
0.506226
0.506242
0.506257
0.506272
0.506288
0.506303
0.506319
0.506334
0.506349
0.506365
0.506380
0.506396
0.506411
0.506427
0.506442
0.506457
0.506473
0.506488
0.506504
0.506519
0.506534
0.506550
0.506565
0.506581
0.506596
0.506612
0.506627
0.506642
0.506658
0.506673
0.506689
0.506704
0.506720
0.506735
0.506750
0.506766
0.506781
0.506797
0.506812
0.506828
0.506843
0.506858
0.506874
0.506889
0.506905
0.506920
0.506935
0.506951
0.506966
0.506982
0.506997
0.507013
0.507028
0.507044
0.507059
0.507074
0.507090
0.507105
0.507121
0.507136
0.507152
0.507167
0.507182
0.507198
0.507213
0.507229
0.507244
0.507260
0.507275
0.507291
0.507306
0.507321
0.507337
0.507352
0.507368
0.507383
0.507399
0.507414
0.507429
0.507445
0.507460
0.507476
0.507491
0.507507
0.507522
0.507538
0.507553
0.507568
0.507584
0.507599
0.507615
0.507630
0.507646
0.507661
0.507677
0.507692
0.507707
0.507723
0.507738
0.507754
0.507769
0.507785
0.507800
0.507816
0.507831
0.507847
0.507862
0.507878
0.507893
0.507908
0.507924
0.507939
0.507955
0.507970
0.507986
0.508001
0.508017
0.508032
0.508048
0.508063
0.508079
0.508094
0.508109
0.508125
0.508140
0.508156
0.508171
0.508187
0.508202
0.508218
0.508233
0.508249
0.508264
0.508279
0.508295
0.508310
0.508326
0.508341
0.508357
0.508372
0.508388
0.508403
0.508419
0.508434
0.508450
0.508465
0.508481
0.508496
0.508512
0.508527
0.508542
0.508558
0.508573
0.508589
0.508604
0.508620
0.508635
0.508651
0.508666
0.508682
0.508697
0.508713
0.508728
0.508744
0.508759
0.508775
0.508790
0.508806
0.508821
0.508836
0.508852
0.508867
0.508883
0.508898
0.508914
0.508929
0.508945
0.508960
0.508976
0.508991
0.509007
0.509022
0.509038
0.509053
0.509069
0.509084
0.509100
0.509115
0.509131
0.509146
0.509162
0.509177
0.509193
0.509208
0.509224
0.509239
0.509255
0.509270
0.509286
0.509301
0.509317
0.509332
0.509348
0.509363
0.509378
0.509394
0.509410
0.509425
0.509440
0.509456
0.509472
0.509487
0.509503
0.509518
0.509533
0.509549
0.509565
0.509580
0.509595
0.509611
0.509627
0.509642
0.509657
0.509673
0.509689
0.509704
0.509719
0.509735
0.509751
0.509766
0.509781
0.509797
0.509813
0.509828
0.509844
0.509859
0.509875
0.509890
0.509906
0.509921
0.509937
0.509952
0.509968
0.509983
0.509999
0.510014
0.510030
0.510045
0.510061
0.510076
0.510092
0.510107
0.510123
0.510138
0.510154
0.510169
0.510185
0.510200
0.510216
0.510231
0.510247
0.510262
0.510278
0.510293
0.510309
0.510324
0.510340
0.510355
0.510371
0.510387
0.510402
0.510418
0.510433
0.510449
0.510464
0.510480
0.510495
0.510511
0.510526
0.510542
0.510557
0.510573
0.510588
0.510604
0.510619
0.510635
0.510650
0.510666
0.510681
0.510697
0.510713
0.510728
0.510744
0.510759
0.510775
0.510790
0.510806
0.510821
0.510837
0.510852
0.510868
0.510883
0.510899
0.510914
0.510930
0.510946
0.510961
0.510977
0.510992
0.511008
0.511023
0.511039
0.511054
0.511070
0.511085
0.511101
0.511116
0.511132
0.511147
0.511163
0.511179
0.511194
0.511210
0.511225
0.511241
0.511256
0.511272
0.511287
0.511303
0.511318
0.511334
0.511350
0.511365
0.511381
0.511396
0.511412
0.511427
0.511443
0.511458
0.511474
0.511489
0.511505
0.511521
0.511536
0.511552
0.511567
0.511583
0.511598
0.511614
0.511629
0.511645
0.511661
0.511676
0.511692
0.511707
0.511723
0.511738
0.511754
0.511769
0.511785
0.511801
0.511816
0.511832
0.511847
0.511863
0.511878
0.511894
0.511909
0.511925
0.511941
0.511956
0.511972
0.511987
0.512003
0.512018
0.512034
0.512050
0.512065
0.512081
0.512096
0.512112
0.512127
0.512143
0.512159
0.512174
0.512190
0.512205
0.512221
0.512236
0.512252
0.512268
0.512283
0.512299
0.512314
0.512330
0.512345
0.512361
0.512376
0.512392
0.512408
0.512423
0.512439
0.512454
0.512470
0.512486
0.512501
0.512517
0.512532
0.512548
0.512563
0.512579
0.512595
0.512610
0.512626
0.512641
0.512657
0.512672
0.512688
0.512704
0.512719
0.512735
0.512750
0.512766
0.512782
0.512797
0.512813
0.512828
0.512844
0.512859
0.512875
0.512891
0.512906
0.512922
0.512937
0.512953
0.512969
0.512984
0.513000
0.513015
0.513031
0.513047
0.513062
0.513078
0.513093
0.513109
0.513125
0.513140
0.513156
0.513171
0.513187
0.513202
0.513218
0.513234
0.513249
0.513265
0.513280
0.513296
0.513312
0.513327
0.513343
0.513358
0.513374
0.513390
0.513405
0.513421
0.513436
0.513452
0.513468
0.513483
0.513499
0.513514
0.513530
0.513546
0.513561
0.513577
0.513593
0.513608
0.513624
0.513639
0.513655
0.513671
0.513686
0.513702
0.513717
0.513733
0.513748
0.513764
0.513780
0.513795
0.513811
0.513827
0.513842
0.513858
0.513873
0.513889
0.513905
0.513920
0.513936
0.513951
0.513967
0.513983
0.513998
0.514014
0.514030
0.514045
0.514061
0.514076
0.514092
0.514108
0.514123
0.514139
0.514154
0.514170
0.514186
0.514201
0.514217
0.514233
0.514248
0.514264
0.514280
0.514295
0.514311
0.514326
0.514342
0.514358
0.514373
0.514389
0.514404
0.514420
0.514436
0.514451
0.514467
0.514483
0.514498
0.514514
0.514529
0.514545
0.514561
0.514576
0.514592
0.514608
0.514623
0.514639
0.514655
0.514670
0.514686
0.514701
0.514717
0.514733
0.514748
0.514764
0.514780
0.514795
0.514811
0.514827
0.514842
0.514858
0.514873
0.514889
0.514905
0.514920
0.514936
0.514952
0.514967
0.514983
0.514999
0.515014
0.515030
0.515045
0.515061
0.515077
0.515092
0.515108
0.515124
0.515139
0.515155
0.515171
0.515186
0.515202
0.515218
0.515233
0.515249
0.515265
0.515280
0.515296
0.515312
0.515327
0.515343
0.515358
0.515374
0.515390
0.515405
0.515421
0.515437
0.515452
0.515468
0.515484
0.515499
0.515515
0.515531
0.515546
0.515562
0.515578
0.515593
0.515609
0.515625
0.515640
0.515656
0.515671
0.515687
0.515703
0.515719
0.515734
0.515750
0.515766
0.515781
0.515797
0.515812
0.515828
0.515844
0.515860
0.515875
0.515891
0.515906
0.515922
0.515938
0.515953
0.515969
0.515985
0.516000
0.516016
0.516032
0.516047
0.516063
0.516079
0.516094
0.516110
0.516126
0.516142
0.516157
0.516173
0.516189
0.516204
0.516220
0.516236
0.516251
0.516267
0.516283
0.516298
0.516314
0.516330
0.516345
0.516361
0.516377
0.516392
0.516408
0.516424
0.516439
0.516455
0.516471
0.516486
0.516502
0.516518
0.516533
0.516549
0.516565
0.516580
0.516596
0.516612
0.516627
0.516643
0.516659
0.516675
0.516690
0.516706
0.516722
0.516737
0.516753
0.516769
0.516784
0.516800
0.516816
0.516831
0.516847
0.516863
0.516879
0.516894
0.516910
0.516926
0.516941
0.516957
0.516973
0.516988
0.517004
0.517020
0.517035
0.517051
0.517067
0.517083
0.517098
0.517114
0.517130
0.517145
0.517161
0.517177
0.517192
0.517208
0.517224
0.517240
0.517255
0.517271
0.517287
0.517302
0.517318
0.517334
0.517349
0.517365
0.517381
0.517396
0.517412
0.517428
0.517444
0.517459
0.517475
0.517491
0.517507
0.517522
0.517538
0.517554
0.517569
0.517585
0.517601
0.517616
0.517632
0.517648
0.517664
0.517679
0.517695
0.517711
0.517726
0.517742
0.517758
0.517774
0.517789
0.517805
0.517821
0.517836
0.517852
0.517868
0.517884
0.517899
0.517915
0.517931
0.517946
0.517962
0.517978
0.517994
0.518009
0.518025
0.518041
0.518057
0.518072
0.518088
0.518104
0.518119
0.518135
0.518151
0.518167
0.518182
0.518198
0.518214
0.518229
0.518245
0.518261
0.518277
0.518292
0.518308
0.518324
0.518340
0.518355
0.518371
0.518387
0.518402
0.518418
0.518434
0.518450
0.518465
0.518481
0.518497
0.518513
0.518528
0.518544
0.518560
0.518576
0.518591
0.518607
0.518623
0.518638
0.518654
0.518670
0.518686
0.518701
0.518717
0.518733
0.518749
0.518764
0.518780
0.518796
0.518812
0.518827
0.518843
0.518859
0.518875
0.518890
0.518906
0.518922
0.518938
0.518953
0.518969
0.518985
0.519001
0.519016
0.519032
0.519048
0.519064
0.519079
0.519095
0.519111
0.519126
0.519142
0.519158
0.519174
0.519189
0.519205
0.519221
0.519237
0.519252
0.519268
0.519284
0.519300
0.519316
0.519331
0.519347
0.519363
0.519379
0.519394
0.519410
0.519426
0.519442
0.519457
0.519473
0.519489
0.519505
0.519520
0.519536
0.519552
0.519568
0.519583
0.519599
0.519615
0.519631
0.519647
0.519662
0.519678
0.519694
0.519710
0.519725
0.519741
0.519757
0.519773
0.519788
0.519804
0.519820
0.519836
0.519851
0.519867
0.519883
0.519899
0.519915
0.519930
0.519946
0.519962
0.519978
0.519993
0.520009
0.520025
0.520041
0.520056
0.520072
0.520088
0.520104
0.520120
0.520135
0.520151
0.520167
0.520183
0.520198
0.520214
0.520230
0.520246
0.520262
0.520277
0.520293
0.520309
0.520325
0.520340
0.520356
0.520372
0.520388
0.520404
0.520419
0.520435
0.520451
0.520467
0.520483
0.520498
0.520514
0.520530
0.520546
0.520562
0.520577
0.520593
0.520609
0.520625
0.520640
0.520656
0.520672
0.520688
0.520703
0.520719
0.520735
0.520751
0.520767
0.520782
0.520798
0.520814
0.520830
0.520846
0.520861
0.520877
0.520893
0.520909
0.520925
0.520940
0.520956
0.520972
0.520988
0.521004
0.521019
0.521035
0.521051
0.521067
0.521083
0.521098
0.521114
0.521130
0.521146
0.521162
0.521178
0.521193
0.521209
0.521225
0.521241
0.521256
0.521272
0.521288
0.521304
0.521320
0.521336
0.521351
0.521367
0.521383
0.521399
0.521415
0.521430
0.521446
0.521462
0.521478
0.521494
0.521509
0.521525
0.521541
0.521557
0.521573
0.521589
0.521604
0.521620
0.521636
0.521652
0.521668
0.521683
0.521699
0.521715
0.521731
0.521747
0.521762
0.521778
0.521794
0.521810
0.521826
0.521842
0.521857
0.521873
0.521889
0.521905
0.521921
0.521937
0.521952
0.521968
0.521984
0.522000
0.522016
0.522031
0.522047
0.522063
0.522079
0.522095
0.522111
0.522126
0.522142
0.522158
0.522174
0.522190
0.522206
0.522221
0.522237
0.522253
0.522269
0.522285
0.522301
0.522316
0.522332
0.522348
0.522364
0.522380
0.522396
0.522411
0.522427
0.522443
0.522459
0.522475
0.522491
0.522506
0.522522
0.522538
0.522554
0.522570
0.522586
0.522601
0.522617
0.522633
0.522649
0.522665
0.522681
0.522697
0.522712
0.522728
0.522744
0.522760
0.522776
0.522791
0.522807
0.522823
0.522839
0.522855
0.522871
0.522887
0.522902
0.522918
0.522934
0.522950
0.522966
0.522982
0.522998
0.523013
0.523029
0.523045
0.523061
0.523077
0.523093
0.523109
0.523124
0.523140
0.523156
0.523172
0.523188
0.523204
0.523219
0.523235
0.523251
0.523267
0.523283
0.523299
0.523315
0.523331
0.523346
0.523362
0.523378
0.523394
0.523410
0.523426
0.523442
0.523457
0.523473
0.523489
0.523505
0.523521
0.523537
0.523553
0.523568
0.523584
0.523600
0.523616
0.523632
0.523648
0.523664
0.523680
0.523695
0.523711
0.523727
0.523743
0.523759
0.523775
0.523791
0.523807
0.523822
0.523838
0.523854
0.523870
0.523886
0.523902
0.523918
0.523933
0.523949
0.523965
0.523981
0.523997
0.524013
0.524029
0.524045
0.524060
0.524076
0.524092
0.524108
0.524124
0.524140
0.524156
0.524172
0.524188
0.524203
0.524219
0.524235
0.524251
0.524267
0.524283
0.524299
0.524315
0.524330
0.524346
0.524362
0.524378
0.524394
0.524410
0.524426
0.524442
0.524458
0.524473
0.524489
0.524505
0.524521
0.524537
0.524553
0.524569
0.524585
0.524601
0.524616
0.524632
0.524648
0.524664
0.524680
0.524696
0.524712
0.524728
0.524744
0.524760
0.524775
0.524791
0.524807
0.524823
0.524839
0.524855
0.524871
0.524887
0.524903
0.524919
0.524934
0.524950
0.524966
0.524982
0.524998
0.525014
0.525030
0.525046
0.525062
0.525078
0.525093
0.525109
0.525125
0.525141
0.525157
0.525173
0.525189
0.525205
0.525221
0.525237
0.525253
0.525268
0.525284
0.525300
0.525316
0.525332
0.525348
0.525364
0.525380
0.525396
0.525412
0.525428
0.525443
0.525459
0.525475
0.525491
0.525507
0.525523
0.525539
0.525555
0.525571
0.525587
0.525603
0.525619
0.525635
0.525650
0.525666
0.525682
0.525698
0.525714
0.525730
0.525746
0.525762
0.525778
0.525794
0.525810
0.525826
0.525842
0.525857
0.525873
0.525889
0.525905
0.525921
0.525937
0.525953
0.525969
0.525985
0.526001
0.526017
0.526033
0.526049
0.526064
0.526080
0.526096
0.526112
0.526128
0.526144
0.526160
0.526176
0.526192
0.526208
0.526224
0.526240
0.526256
0.526272
0.526288
0.526303
0.526319
0.526335
0.526351
0.526367
0.526383
0.526399
0.526415
0.526431
0.526447
0.526463
0.526479
0.526495
0.526511
0.526527
0.526543
0.526558
0.526574
0.526590
0.526606
0.526622
0.526638
0.526654
0.526670
0.526686
0.526702
0.526718
0.526734
0.526750
0.526766
0.526782
0.526798
0.526814
0.526830
0.526846
0.526862
0.526878
0.526893
0.526909
0.526925
0.526941
0.526957
0.526973
0.526989
0.527005
0.527021
0.527037
0.527053
0.527069
0.527085
0.527101
0.527117
0.527133
0.527149
0.527165
0.527181
0.527197
0.527213
0.527229
0.527245
0.527260
0.527276
0.527292
0.527308
0.527324
0.527340
0.527356
0.527372
0.527388
0.527404
0.527420
0.527436
0.527452
0.527468
0.527484
0.527500
0.527516
0.527532
0.527548
0.527564
0.527580
0.527596
0.527612
0.527628
0.527644
0.527660
0.527676
0.527692
0.527708
0.527724
0.527740
0.527755
0.527771
0.527787
0.527803
0.527819
0.527835
0.527851
0.527867
0.527883
0.527899
0.527915
0.527931
0.527947
0.527963
0.527979
0.527995
0.528011
0.528027
0.528043
0.528059
0.528075
0.528091
0.528107
0.528123
0.528139
0.528155
0.528171
0.528187
0.528203
0.528219
0.528235
0.528251
0.528267
0.528283
0.528299
0.528315
0.528331
0.528347
0.528363
0.528379
0.528395
0.528411
0.528427
0.528443
0.528459
0.528475
0.528491
0.528507
0.528523
0.528539
0.528555
0.528571
0.528587
0.528603
0.528619
0.528635
0.528651
0.528667
0.528683
0.528699
0.528715
0.528731
0.528747
0.528763
0.528779
0.528795
0.528811
0.528827
0.528843
0.528859
0.528875
0.528891
0.528907
0.528923
0.528939
0.528955
0.528971
0.528987
0.529003
0.529019
0.529035
0.529051
0.529067
0.529083
0.529099
0.529115
0.529131
0.529147
0.529163
0.529179
0.529195
0.529211
0.529227
0.529243
0.529259
0.529275
0.529291
0.529307
0.529323
0.529339
0.529355
0.529371
0.529387
0.529403
0.529419
0.529435
0.529451
0.529467
0.529483
0.529499
0.529515
0.529531
0.529547
0.529563
0.529579
0.529595
0.529611
0.529627
0.529643
0.529659
0.529675
0.529691
0.529707
0.529723
0.529739
0.529756
0.529772
0.529788
0.529804
0.529820
0.529836
0.529852
0.529868
0.529884
0.529900
0.529916
0.529932
0.529948
0.529964
0.529980
0.529996
0.530012
0.530028
0.530044
0.530060
0.530076
0.530092
0.530108
0.530124
0.530140
0.530156
0.530172
0.530188
0.530204
0.530220
0.530237
0.530253
0.530269
0.530285
0.530301
0.530317
0.530333
0.530349
0.530365
0.530381
0.530397
0.530413
0.530429
0.530445
0.530461
0.530477
0.530493
0.530509
0.530525
0.530541
0.530557
0.530573
0.530589
0.530606
0.530622
0.530638
0.530654
0.530670
0.530686
0.530702
0.530718
0.530734
0.530750
0.530766
0.530782
0.530798
0.530814
0.530830
0.530846
0.530862
0.530878
0.530895
0.530910
0.530927
0.530943
0.530959
0.530975
0.530991
0.531007
0.531023
0.531039
0.531055
0.531071
0.531087
0.531103
0.531119
0.531135
0.531151
0.531167
0.531184
0.531200
0.531216
0.531232
0.531248
0.531264
0.531280
0.531296
0.531312
0.531328
0.531344
0.531360
0.531376
0.531392
0.531408
0.531424
0.531441
0.531457
0.531473
0.531489
0.531505
0.531521
0.531537
0.531553
0.531569
0.531585
0.531601
0.531617
0.531633
0.531650
0.531666
0.531682
0.531698
0.531714
0.531730
0.531746
0.531762
0.531778
0.531794
0.531810
0.531826
0.531842
0.531859
0.531875
0.531891
0.531907
0.531923
0.531939
0.531955
0.531971
0.531987
0.532003
0.532019
0.532035
0.532052
0.532068
0.532084
0.532100
0.532116
0.532132
0.532148
0.532164
0.532180
0.532196
0.532212
0.532229
0.532245
0.532261
0.532277
0.532293
0.532309
0.532325
0.532341
0.532357
0.532373
0.532389
0.532406
0.532422
0.532438
0.532454
0.532470
0.532486
0.532502
0.532518
0.532534
0.532550
0.532567
0.532583
0.532599
0.532615
0.532631
0.532647
0.532663
0.532679
0.532695
0.532711
0.532728
0.532744
0.532760
0.532776
0.532792
0.532808
0.532824
0.532840
0.532856
0.532873
0.532889
0.532905
0.532921
0.532937
0.532953
0.532969
0.532985
0.533001
0.533018
0.533034
0.533050
0.533066
0.533082
0.533098
0.533114
0.533130
0.533146
0.533163
0.533179
0.533195
0.533211
0.533227
0.533243
0.533259
0.533275
0.533291
0.533307
0.533324
0.533340
0.533356
0.533372
0.533388
0.533404
0.533420
0.533437
0.533453
0.533469
0.533485
0.533501
0.533517
0.533533
0.533549
0.533566
0.533582
0.533598
0.533614
0.533630
0.533646
0.533662
0.533678
0.533695
0.533711
0.533727
0.533743
0.533759
0.533775
0.533791
0.533807
0.533824
0.533840
0.533856
0.533872
0.533888
0.533904
0.533920
0.533937
0.533953
0.533969
0.533985
0.534001
0.534017
0.534033
0.534049
0.534066
0.534082
0.534098
0.534114
0.534130
0.534146
0.534162
0.534179
0.534195
0.534211
0.534227
0.534243
0.534259
0.534275
0.534292
0.534308
0.534324
0.534340
0.534356
0.534372
0.534388
0.534405
0.534421
0.534437
0.534453
0.534469
0.534485
0.534502
0.534518
0.534534
0.534550
0.534566
0.534582
0.534598
0.534615
0.534631
0.534647
0.534663
0.534679
0.534695
0.534711
0.534728
0.534744
0.534760
0.534776
0.534792
0.534808
0.534825
0.534841
0.534857
0.534873
0.534889
0.534905
0.534922
0.534938
0.534954
0.534970
0.534986
0.535002
0.535018
0.535035
0.535051
0.535067
0.535083
0.535099
0.535115
0.535132
0.535148
0.535164
0.535180
0.535196
0.535212
0.535229
0.535245
0.535261
0.535277
0.535293
0.535309
0.535326
0.535342
0.535358
0.535374
0.535390
0.535407
0.535423
0.535439
0.535455
0.535471
0.535487
0.535503
0.535520
0.535536
0.535552
0.535568
0.535584
0.535601
0.535617
0.535633
0.535649
0.535665
0.535681
0.535698
0.535714
0.535730
0.535746
0.535762
0.535779
0.535795
0.535811
0.535827
0.535843
0.535859
0.535876
0.535892
0.535908
0.535924
0.535940
0.535957
0.535973
0.535989
0.536005
0.536021
0.536038
0.536054
0.536070
0.536086
0.536102
0.536119
0.536135
0.536151
0.536167
0.536183
0.536199
0.536216
0.536232
0.536248
0.536264
0.536280
0.536297
0.536313
0.536329
0.536345
0.536361
0.536378
0.536394
0.536410
0.536426
0.536442
0.536459
0.536475
0.536491
0.536507
0.536523
0.536540
0.536556
0.536572
0.536588
0.536604
0.536621
0.536637
0.536653
0.536669
0.536685
0.536702
0.536718
0.536734
0.536750
0.536767
0.536783
0.536799
0.536815
0.536831
0.536848
0.536864
0.536880
0.536896
0.536912
0.536929
0.536945
0.536961
0.536977
0.536993
0.537010
0.537026
0.537042
0.537058
0.537074
0.537091
0.537107
0.537123
0.537139
0.537156
0.537172
0.537188
0.537204
0.537220
0.537237
0.537253
0.537269
0.537285
0.537302
0.537318
0.537334
0.537350
0.537366
0.537383
0.537399
0.537415
0.537431
0.537448
0.537464
0.537480
0.537496
0.537512
0.537529
0.537545
0.537561
0.537577
0.537594
0.537610
0.537626
0.537642
0.537659
0.537675
0.537691
0.537707
0.537723
0.537740
0.537756
0.537772
0.537788
0.537805
0.537821
0.537837
0.537853
0.537870
0.537886
0.537902
0.537918
0.537935
0.537951
0.537967
0.537983
0.537999
0.538016
0.538032
0.538048
0.538064
0.538081
0.538097
0.538113
0.538129
0.538146
0.538162
0.538178
0.538194
0.538211
0.538227
0.538243
0.538259
0.538276
0.538292
0.538308
0.538324
0.538341
0.538357
0.538373
0.538389
0.538406
0.538422
0.538438
0.538454
0.538471
0.538487
0.538503
0.538519
0.538536
0.538552
0.538568
0.538584
0.538601
0.538617
0.538633
0.538649
0.538666
0.538682
0.538698
0.538714
0.538731
0.538747
0.538763
0.538779
0.538796
0.538812
0.538828
0.538845
0.538861
0.538877
0.538893
0.538910
0.538926
0.538942
0.538958
0.538975
0.538991
0.539007
0.539023
0.539040
0.539056
0.539072
0.539089
0.539105
0.539121
0.539137
0.539154
0.539170
0.539186
0.539202
0.539219
0.539235
0.539251
0.539268
0.539284
0.539300
0.539316
0.539333
0.539349
0.539365
0.539381
0.539398
0.539414
0.539430
0.539447
0.539463
0.539479
0.539495
0.539512
0.539528
0.539544
0.539561
0.539577
0.539593
0.539609
0.539626
0.539642
0.539658
0.539674
0.539691
0.539707
0.539723
0.539740
0.539756
0.539772
0.539788
0.539805
0.539821
0.539837
0.539854
0.539870
0.539886
0.539902
0.539919
0.539935
0.539951
0.539968
0.539984
0.540000
0.540016
0.540033
0.540049
0.540065
0.540082
0.540098
0.540114
0.540131
0.540147
0.540163
0.540179
0.540196
0.540212
0.540228
0.540245
0.540261
0.540277
0.540293
0.540310
0.540326
0.540342
0.540359
0.540375
0.540391
0.540408
0.540424
0.540440
0.540457
0.540473
0.540489
0.540505
0.540522
0.540538
0.540554
0.540571
0.540587
0.540603
0.540620
0.540636
0.540652
0.540669
0.540685
0.540701
0.540717
0.540734
0.540750
0.540766
0.540783
0.540799
0.540815
0.540832
0.540848
0.540864
0.540881
0.540897
0.540913
0.540929
0.540946
0.540962
0.540978
0.540995
0.541011
0.541027
0.541044
0.541060
0.541076
0.541093
0.541109
0.541125
0.541142
0.541158
0.541174
0.541191
0.541207
0.541223
0.541240
0.541256
0.541272
0.541289
0.541305
0.541321
0.541338
0.541354
0.541370
0.541386
0.541403
0.541419
0.541435
0.541452
0.541468
0.541485
0.541501
0.541517
0.541534
0.541550
0.541566
0.541582
0.541599
0.541615
0.541632
0.541648
0.541664
0.541680
0.541697
0.541713
0.541729
0.541746
0.541762
0.541779
0.541795
0.541811
0.541828
0.541844
0.541860
0.541876
0.541893
0.541909
0.541926
0.541942
0.541958
0.541975
0.541991
0.542007
0.542024
0.542040
0.542056
0.542073
0.542089
0.542105
0.542122
0.542138
0.542154
0.542171
0.542187
0.542203
0.542220
0.542236
0.542252
0.542269
0.542285
0.542301
0.542318
0.542334
0.542351
0.542367
0.542383
0.542400
0.542416
0.542432
0.542449
0.542465
0.542481
0.542498
0.542514
0.542530
0.542547
0.542563
0.542580
0.542596
0.542612
0.542629
0.542645
0.542661
0.542678
0.542694
0.542710
0.542727
0.542743
0.542760
0.542776
0.542792
0.542809
0.542825
0.542841
0.542858
0.542874
0.542890
0.542907
0.542923
0.542939
0.542956
0.542972
0.542989
0.543005
0.543021
0.543038
0.543054
0.543071
0.543087
0.543103
0.543120
0.543136
0.543152
0.543169
0.543185
0.543201
0.543218
0.543234
0.543251
0.543267
0.543283
0.543300
0.543316
0.543332
0.543349
0.543365
0.543382
0.543398
0.543414
0.543431
0.543447
0.543463
0.543480
0.543496
0.543513
0.543529
0.543545
0.543562
0.543578
0.543595
0.543611
0.543627
0.543644
0.543660
0.543676
0.543693
0.543709
0.543726
0.543742
0.543758
0.543775
0.543791
0.543808
0.543824
0.543840
0.543857
0.543873
0.543890
0.543906
0.543922
0.543939
0.543955
0.543971
0.543988
0.544004
0.544021
0.544037
0.544053
0.544070
0.544086
0.544103
0.544119
0.544135
0.544152
0.544168
0.544185
0.544201
0.544217
0.544234
0.544250
0.544267
0.544283
0.544299
0.544316
0.544332
0.544349
0.544365
0.544381
0.544398
0.544414
0.544431
0.544447
0.544463
0.544480
0.544496
0.544513
0.544529
0.544546
0.544562
0.544578
0.544595
0.544611
0.544628
0.544644
0.544660
0.544677
0.544693
0.544710
0.544726
0.544742
0.544759
0.544775
0.544792
0.544808
0.544825
0.544841
0.544857
0.544874
0.544890
0.544907
0.544923
0.544939
0.544956
0.544972
0.544989
0.545005
0.545022
0.545038
0.545054
0.545071
0.545087
0.545104
0.545120
0.545137
0.545153
0.545169
0.545186
0.545202
0.545219
0.545235
0.545251
0.545268
0.545284
0.545301
0.545317
0.545334
0.545350
0.545367
0.545383
0.545399
0.545416
0.545432
0.545449
0.545465
0.545482
0.545498
0.545514
0.545531
0.545547
0.545564
0.545580
0.545596
0.545613
0.545629
0.545646
0.545662
0.545679
0.545695
0.545712
0.545728
0.545744
0.545761
0.545777
0.545794
0.545810
0.545827
0.545843
0.545860
0.545876
0.545892
0.545909
0.545925
0.545942
0.545958
0.545975
0.545991
0.546008
0.546024
0.546040
0.546057
0.546073
0.546090
0.546106
0.546123
0.546139
0.546156
0.546172
0.546188
0.546205
0.546221
0.546238
0.546254
0.546271
0.546287
0.546304
0.546320
0.546337
0.546353
0.546370
0.546386
0.546402
0.546419
0.546435
0.546452
0.546468
0.546485
0.546501
0.546518
0.546534
0.546551
0.546567
0.546583
0.546600
0.546616
0.546633
0.546649
0.546666
0.546682
0.546699
0.546715
0.546732
0.546748
0.546764
0.546781
0.546797
0.546814
0.546830
0.546847
0.546863
0.546880
0.546896
0.546913
0.546929
0.546946
0.546962
0.546979
0.546995
0.547012
0.547028
0.547044
0.547061
0.547077
0.547094
0.547110
0.547127
0.547143
0.547160
0.547176
0.547193
0.547209
0.547226
0.547242
0.547259
0.547275
0.547292
0.547308
0.547325
0.547341
0.547358
0.547374
0.547391
0.547407
0.547423
0.547440
0.547456
0.547473
0.547489
0.547506
0.547522
0.547539
0.547555
0.547572
0.547588
0.547605
0.547621
0.547638
0.547654
0.547671
0.547687
0.547704
0.547720
0.547737
0.547753
0.547770
0.547786
0.547803
0.547819
0.547836
0.547852
0.547869
0.547885
0.547902
0.547918
0.547935
0.547951
0.547968
0.547984
0.548001
0.548017
0.548034
0.548050
0.548067
0.548083
0.548100
0.548116
0.548133
0.548149
0.548166
0.548182
0.548199
0.548215
0.548232
0.548248
0.548265
0.548281
0.548298
0.548314
0.548331
0.548347
0.548364
0.548380
0.548397
0.548413
0.548430
0.548446
0.548463
0.548479
0.548496
0.548512
0.548529
0.548545
0.548562
0.548578
0.548595
0.548611
0.548628
0.548644
0.548661
0.548677
0.548694
0.548710
0.548727
0.548743
0.548760
0.548776
0.548793
0.548810
0.548826
0.548843
0.548859
0.548876
0.548892
0.548909
0.548925
0.548942
0.548958
0.548975
0.548991
0.549008
0.549024
0.549041
0.549057
0.549074
0.549090
0.549107
0.549123
0.549140
0.549156
0.549173
0.549190
0.549206
0.549223
0.549239
0.549256
0.549272
0.549289
0.549305
0.549322
0.549338
0.549355
0.549371
0.549388
0.549405
0.549421
0.549437
0.549454
0.549471
0.549487
0.549504
0.549520
0.549537
0.549553
0.549570
0.549586
0.549603
0.549619
0.549636
0.549652
0.549669
0.549686
0.549702
0.549719
0.549735
0.549752
0.549768
0.549785
0.549801
0.549818
0.549834
0.549851
0.549868
0.549884
0.549901
0.549917
0.549934
0.549950
0.549967
0.549983
0.550000
0.550016
0.550033
0.550050
0.550066
0.550083
0.550099
0.550116
0.550132
0.550149
0.550165
0.550182
0.550199
0.550215
0.550232
0.550248
0.550265
0.550281
0.550298
0.550314
0.550331
0.550348
0.550364
0.550381
0.550397
0.550414
0.550430
0.550447
0.550463
0.550480
0.550497
0.550513
0.550530
0.550546
0.550563
0.550579
0.550596
0.550612
0.550629
0.550646
0.550662
0.550679
0.550695
0.550712
0.550729
0.550745
0.550762
0.550778
0.550795
0.550811
0.550828
0.550844
0.550861
0.550878
0.550894
0.550911
0.550927
0.550944
0.550960
0.550977
0.550994
0.551010
0.551027
0.551043
0.551060
0.551077
0.551093
0.551110
0.551126
0.551143
0.551159
0.551176
0.551193
0.551209
0.551226
0.551242
0.551259
0.551275
0.551292
0.551309
0.551325
0.551342
0.551358
0.551375
0.551391
0.551408
0.551425
0.551441
0.551458
0.551474
0.551491
0.551508
0.551524
0.551541
0.551557
0.551574
0.551591
0.551607
0.551624
0.551640
0.551657
0.551674
0.551690
0.551707
0.551723
0.551740
0.551756
0.551773
0.551790
0.551806
0.551823
0.551839
0.551856
0.551873
0.551889
0.551906
0.551922
0.551939
0.551956
0.551972
0.551989
0.552005
0.552022
0.552039
0.552055
0.552072
0.552088
0.552105
0.552122
0.552138
0.552155
0.552171
0.552188
0.552205
0.552221
0.552238
0.552255
0.552271
0.552288
0.552304
0.552321
0.552337
0.552354
0.552371
0.552387
0.552404
0.552421
0.552437
0.552454
0.552470
0.552487
0.552504
0.552520
0.552537
0.552554
0.552570
0.552587
0.552603
0.552620
0.552637
0.552653
0.552670
0.552686
0.552703
0.552720
0.552736
0.552753
0.552769
0.552786
0.552803
0.552819
0.552836
0.552853
0.552869
0.552886
0.552902
0.552919
0.552936
0.552952
0.552969
0.552986
0.553002
0.553019
0.553035
0.553052
0.553069
0.553085
0.553102
0.553119
0.553135
0.553152
0.553168
0.553185
0.553202
0.553218
0.553235
0.553252
0.553268
0.553285
0.553301
0.553318
0.553335
0.553351
0.553368
0.553385
0.553401
0.553418
0.553435
0.553451
0.553468
0.553485
0.553501
0.553518
0.553534
0.553551
0.553568
0.553584
0.553601
0.553618
0.553634
0.553651
0.553668
0.553684
0.553701
0.553718
0.553734
0.553751
0.553767
0.553784
0.553801
0.553817
0.553834
0.553851
0.553867
0.553884
0.553901
0.553917
0.553934
0.553951
0.553967
0.553984
0.554001
0.554017
0.554034
0.554050
0.554067
0.554084
0.554100
0.554117
0.554134
0.554150
0.554167
0.554184
0.554200
0.554217
0.554234
0.554250
0.554267
0.554284
0.554300
0.554317
0.554334
0.554350
0.554367
0.554384
0.554400
0.554417
0.554434
0.554450
0.554467
0.554484
0.554500
0.554517
0.554534
0.554550
0.554567
0.554584
0.554600
0.554617
0.554634
0.554650
0.554667
0.554684
0.554700
0.554717
0.554734
0.554750
0.554767
0.554784
0.554800
0.554817
0.554834
0.554850
0.554867
0.554884
0.554900
0.554917
0.554934
0.554950
0.554967
0.554984
0.555000
0.555017
0.555034
0.555050
0.555067
0.555084
0.555100
0.555117
0.555134
0.555150
0.555167
0.555184
0.555200
0.555217
0.555234
0.555251
0.555267
0.555284
0.555301
0.555317
0.555334
0.555351
0.555367
0.555384
0.555401
0.555417
0.555434
0.555451
0.555467
0.555484
0.555501
0.555518
0.555534
0.555551
0.555568
0.555584
0.555601
0.555618
0.555634
0.555651
0.555668
0.555684
0.555701
0.555718
0.555734
0.555751
0.555768
0.555785
0.555801
0.555818
0.555835
0.555851
0.555868
0.555885
0.555901
0.555918
0.555935
0.555952
0.555968
0.555985
0.556002
0.556018
0.556035
0.556052
0.556068
0.556085
0.556102
0.556119
0.556135
0.556152
0.556169
0.556185
0.556202
0.556219
0.556236
0.556252
0.556269
0.556286
0.556302
0.556319
0.556336
0.556353
0.556369
0.556386
0.556403
0.556419
0.556436
0.556453
0.556470
0.556486
0.556503
0.556520
0.556536
0.556553
0.556570
0.556586
0.556603
0.556620
0.556637
0.556653
0.556670
0.556687
0.556704
0.556720
0.556737
0.556754
0.556770
0.556787
0.556804
0.556821
0.556837
0.556854
0.556871
0.556887
0.556904
0.556921
0.556938
0.556954
0.556971
0.556988
0.557005
0.557021
0.557038
0.557055
0.557072
0.557088
0.557105
0.557122
0.557138
0.557155
0.557172
0.557189
0.557205
0.557222
0.557239
0.557256
0.557272
0.557289
0.557306
0.557322
0.557339
0.557356
0.557373
0.557389
0.557406
0.557423
0.557440
0.557456
0.557473
0.557490
0.557507
0.557523
0.557540
0.557557
0.557574
0.557590
0.557607
0.557624
0.557641
0.557657
0.557674
0.557691
0.557708
0.557724
0.557741
0.557758
0.557774
0.557791
0.557808
0.557825
0.557841
0.557858
0.557875
0.557892
0.557908
0.557925
0.557942
0.557959
0.557975
0.557992
0.558009
0.558026
0.558043
0.558059
0.558076
0.558093
0.558110
0.558126
0.558143
0.558160
0.558177
0.558193
0.558210
0.558227
0.558244
0.558260
0.558277
0.558294
0.558311
0.558327
0.558344
0.558361
0.558378
0.558394
0.558411
0.558428
0.558445
0.558461
0.558478
0.558495
0.558512
0.558529
0.558545
0.558562
0.558579
0.558596
0.558612
0.558629
0.558646
0.558663
0.558679
0.558696
0.558713
0.558730
0.558747
0.558763
0.558780
0.558797
0.558814
0.558830
0.558847
0.558864
0.558881
0.558898
0.558914
0.558931
0.558948
0.558965
0.558981
0.558998
0.559015
0.559032
0.559049
0.559065
0.559082
0.559099
0.559116
0.559132
0.559149
0.559166
0.559183
0.559200
0.559216
0.559233
0.559250
0.559267
0.559284
0.559300
0.559317
0.559334
0.559351
0.559367
0.559384
0.559401
0.559418
0.559435
0.559451
0.559468
0.559485
0.559502
0.559519
0.559535
0.559552
0.559569
0.559586
0.559602
0.559619
0.559636
0.559653
0.559670
0.559686
0.559703
0.559720
0.559737
0.559754
0.559770
0.559787
0.559804
0.559821
0.559838
0.559854
0.559871
0.559888
0.559905
0.559922
0.559938
0.559955
0.559972
0.559989
0.560006
0.560023
0.560039
0.560056
0.560073
0.560090
0.560107
0.560123
0.560140
0.560157
0.560174
0.560191
0.560207
0.560224
0.560241
0.560258
0.560275
0.560291
0.560308
0.560325
0.560342
0.560359
0.560376
0.560392
0.560409
0.560426
0.560443
0.560460
0.560476
0.560493
0.560510
0.560527
0.560544
0.560560
0.560577
0.560594
0.560611
0.560628
0.560645
0.560661
0.560678
0.560695
0.560712
0.560729
0.560746
0.560762
0.560779
0.560796
0.560813
0.560830
0.560846
0.560863
0.560880
0.560897
0.560914
0.560931
0.560947
0.560964
0.560981
0.560998
0.561015
0.561032
0.561048
0.561065
0.561082
0.561099
0.561116
0.561133
0.561149
0.561166
0.561183
0.561200
0.561217
0.561234
0.561250
0.561267
0.561284
0.561301
0.561318
0.561335
0.561351
0.561368
0.561385
0.561402
0.561419
0.561436
0.561452
0.561469
0.561486
0.561503
0.561520
0.561537
0.561554
0.561570
0.561587
0.561604
0.561621
0.561638
0.561655
0.561671
0.561688
0.561705
0.561722
0.561739
0.561756
0.561773
0.561789
0.561806
0.561823
0.561840
0.561857
0.561874
0.561890
0.561907
0.561924
0.561941
0.561958
0.561975
0.561992
0.562008
0.562025
0.562042
0.562059
0.562076
0.562093
0.562110
0.562126
0.562143
0.562160
0.562177
0.562194
0.562211
0.562228
0.562244
0.562261
0.562278
0.562295
0.562312
0.562329
0.562346
0.562362
0.562379
0.562396
0.562413
0.562430
0.562447
0.562464
0.562480
0.562497
0.562514
0.562531
0.562548
0.562565
0.562582
0.562599
0.562616
0.562632
0.562649
0.562666
0.562683
0.562700
0.562717
0.562734
0.562750
0.562767
0.562784
0.562801
0.562818
0.562835
0.562852
0.562869
0.562885
0.562902
0.562919
0.562936
0.562953
0.562970
0.562987
0.563004
0.563020
0.563037
0.563054
0.563071
0.563088
0.563105
0.563122
0.563139
0.563156
0.563172
0.563189
0.563206
0.563223
0.563240
0.563257
0.563274
0.563291
0.563308
0.563324
0.563341
0.563358
0.563375
0.563392
0.563409
0.563426
0.563443
0.563460
0.563476
0.563493
0.563510
0.563527
0.563544
0.563561
0.563578
0.563595
0.563612
0.563629
0.563645
0.563662
0.563679
0.563696
0.563713
0.563730
0.563747
0.563764
0.563781
0.563798
0.563814
0.563831
0.563848
0.563865
0.563882
0.563899
0.563916
0.563933
0.563950
0.563966
0.563983
0.564000
0.564017
0.564034
0.564051
0.564068
0.564085
0.564102
0.564119
0.564136
0.564152
0.564169
0.564186
0.564203
0.564220
0.564237
0.564254
0.564271
0.564288
0.564305
0.564322
0.564338
0.564355
0.564372
0.564389
0.564406
0.564423
0.564440
0.564457
0.564474
0.564491
0.564508
0.564525
0.564542
0.564558
0.564575
0.564592
0.564609
0.564626
0.564643
0.564660
0.564677
0.564694
0.564711
0.564728
0.564745
0.564762
0.564778
0.564795
0.564812
0.564829
0.564846
0.564863
0.564880
0.564897
0.564914
0.564931
0.564948
0.564965
0.564982
0.564998
0.565015
0.565032
0.565049
0.565066
0.565083
0.565100
0.565117
0.565134
0.565151
0.565168
0.565185
0.565202
0.565219
0.565236
0.565253
0.565269
0.565286
0.565303
0.565320
0.565337
0.565354
0.565371
0.565388
0.565405
0.565422
0.565439
0.565456
0.565473
0.565490
0.565507
0.565524
0.565541
0.565557
0.565574
0.565591
0.565608
0.565625
0.565642
0.565659
0.565676
0.565693
0.565710
0.565727
0.565744
0.565761
0.565778
0.565795
0.565812
0.565829
0.565846
0.565863
0.565880
0.565896
0.565913
0.565930
0.565947
0.565964
0.565981
0.565998
0.566015
0.566032
0.566049
0.566066
0.566083
0.566100
0.566117
0.566134
0.566151
0.566168
0.566185
0.566202
0.566219
0.566236
0.566253
0.566270
0.566287
0.566304
0.566320
0.566337
0.566354
0.566371
0.566388
0.566405
0.566422
0.566439
0.566456
0.566473
0.566490
0.566507
0.566524
0.566541
0.566558
0.566575
0.566592
0.566609
0.566626
0.566643
0.566660
0.566677
0.566694
0.566711
0.566728
0.566745
0.566762
0.566779
0.566796
0.566813
0.566830
0.566847
0.566864
0.566880
0.566898
0.566915
0.566931
0.566948
0.566965
0.566982
0.566999
0.567016
0.567033
0.567050
0.567067
0.567084
0.567101
0.567118
0.567135
0.567152
0.567169
0.567186
0.567203
0.567220
0.567237
0.567254
0.567271
0.567288
0.567305
0.567322
0.567339
0.567356
0.567373
0.567390
0.567407
0.567424
0.567441
0.567458
0.567475
0.567492
0.567509
0.567526
0.567543
0.567560
0.567577
0.567594
0.567611
0.567628
0.567645
0.567662
0.567679
0.567696
0.567713
0.567730
0.567747
0.567764
0.567781
0.567798
0.567815
0.567832
0.567849
0.567866
0.567883
0.567900
0.567917
0.567934
0.567951
0.567968
0.567985
0.568002
0.568019
0.568036
0.568053
0.568070
0.568087
0.568104
0.568121
0.568138
0.568155
0.568172
0.568189
0.568206
0.568223
0.568240
0.568257
0.568274
0.568291
0.568308
0.568325
0.568342
0.568359
0.568376
0.568393
0.568410
0.568427
0.568444
0.568461
0.568478
0.568496
0.568512
0.568529
0.568547
0.568564
0.568581
0.568598
0.568615
0.568632
0.568649
0.568666
0.568683
0.568700
0.568717
0.568734
0.568751
0.568768
0.568785
0.568802
0.568819
0.568836
0.568853
0.568870
0.568887
0.568904
0.568921
0.568938
0.568955
0.568972
0.568989
0.569006
0.569023
0.569040
0.569057
0.569074
0.569091
0.569108
0.569125
0.569143
0.569160
0.569177
0.569194
0.569211
0.569228
0.569245
0.569262
0.569279
0.569296
0.569313
0.569330
0.569347
0.569364
0.569381
0.569398
0.569415
0.569432
0.569449
0.569466
0.569483
0.569500
0.569517
0.569535
0.569551
0.569569
0.569586
0.569603
0.569620
0.569637
0.569654
0.569671
0.569688
0.569705
0.569722
0.569739
0.569756
0.569773
0.569790
0.569807
0.569824
0.569841
0.569858
0.569875
0.569893
0.569910
0.569927
0.569944
0.569961
0.569978
0.569995
0.570012
0.570029
0.570046
0.570063
0.570080
0.570097
0.570114
0.570131
0.570148
0.570165
0.570183
0.570200
0.570217
0.570234
0.570251
0.570268
0.570285
0.570302
0.570319
0.570336
0.570353
0.570370
0.570387
0.570404
0.570421
0.570439
0.570456
0.570473
0.570490
0.570507
0.570524
0.570541
0.570558
0.570575
0.570592
0.570609
0.570626
0.570643
0.570661
0.570678
0.570695
0.570712
0.570729
0.570746
0.570763
0.570780
0.570797
0.570814
0.570831
0.570848
0.570865
0.570882
0.570900
0.570917
0.570934
0.570951
0.570968
0.570985
0.571002
0.571019
0.571036
0.571053
0.571070
0.571087
0.571105
0.571122
0.571139
0.571156
0.571173
0.571190
0.571207
0.571224
0.571241
0.571258
0.571275
0.571292
0.571310
0.571327
0.571344
0.571361
0.571378
0.571395
0.571412
0.571429
0.571446
0.571463
0.571481
0.571498
0.571515
0.571532
0.571549
0.571566
0.571583
0.571600
0.571617
0.571634
0.571651
0.571669
0.571686
0.571703
0.571720
0.571737
0.571754
0.571771
0.571788
0.571805
0.571823
0.571840
0.571857
0.571874
0.571891
0.571908
0.571925
0.571942
0.571959
0.571976
0.571994
0.572011
0.572028
0.572045
0.572062
0.572079
0.572096
0.572113
0.572130
0.572148
0.572165
0.572182
0.572199
0.572216
0.572233
0.572250
0.572267
0.572285
0.572302
0.572319
0.572336
0.572353
0.572370
0.572387
0.572404
0.572421
0.572439
0.572456
0.572473
0.572490
0.572507
0.572524
0.572541
0.572558
0.572576
0.572593
0.572610
0.572627
0.572644
0.572661
0.572678
0.572695
0.572712
0.572730
0.572747
0.572764
0.572781
0.572798
0.572815
0.572832
0.572850
0.572867
0.572884
0.572901
0.572918
0.572935
0.572952
0.572969
0.572987
0.573004
0.573021
0.573038
0.573055
0.573072
0.573089
0.573107
0.573124
0.573141
0.573158
0.573175
0.573192
0.573209
0.573226
0.573244
0.573261
0.573278
0.573295
0.573312
0.573329
0.573347
0.573364
0.573381
0.573398
0.573415
0.573432
0.573449
0.573466
0.573484
0.573501
0.573518
0.573535
0.573552
0.573569
0.573587
0.573604
0.573621
0.573638
0.573655
0.573672
0.573689
0.573707
0.573724
0.573741
0.573758
0.573775
0.573792
0.573810
0.573827
0.573844
0.573861
0.573878
0.573895
0.573912
0.573930
0.573947
0.573964
0.573981
0.573998
0.574015
0.574033
0.574050
0.574067
0.574084
0.574101
0.574118
0.574135
0.574153
0.574170
0.574187
0.574204
0.574221
0.574239
0.574256
0.574273
0.574290
0.574307
0.574324
0.574342
0.574359
0.574376
0.574393
0.574410
0.574427
0.574444
0.574462
0.574479
0.574496
0.574513
0.574530
0.574548
0.574565
0.574582
0.574599
0.574616
0.574633
0.574651
0.574668
0.574685
0.574702
0.574719
0.574736
0.574754
0.574771
0.574788
0.574805
0.574822
0.574840
0.574857
0.574874
0.574891
0.574908
0.574925
0.574943
0.574960
0.574977
0.574994
0.575011
0.575029
0.575046
0.575063
0.575080
0.575097
0.575114
0.575132
0.575149
0.575166
0.575183
0.575200
0.575218
0.575235
0.575252
0.575269
0.575286
0.575304
0.575321
0.575338
0.575355
0.575372
0.575390
0.575407
0.575424
0.575441
0.575458
0.575476
0.575493
0.575510
0.575527
0.575544
0.575561
0.575579
0.575596
0.575613
0.575630
0.575647
0.575665
0.575682
0.575699
0.575716
0.575733
0.575751
0.575768
0.575785
0.575802
0.575820
0.575837
0.575854
0.575871
0.575888
0.575906
0.575923
0.575940
0.575957
0.575974
0.575992
0.576009
0.576026
0.576043
0.576060
0.576078
0.576095
0.576112
0.576129
0.576147
0.576164
0.576181
0.576198
0.576215
0.576233
0.576250
0.576267
0.576284
0.576301
0.576319
0.576336
0.576353
0.576370
0.576387
0.576405
0.576422
0.576439
0.576456
0.576474
0.576491
0.576508
0.576525
0.576542
0.576560
0.576577
0.576594
0.576611
0.576629
0.576646
0.576663
0.576680
0.576697
0.576715
0.576732
0.576749
0.576766
0.576784
0.576801
0.576818
0.576835
0.576853
0.576870
0.576887
0.576904
0.576921
0.576939
0.576956
0.576973
0.576990
0.577008
0.577025
0.577042
0.577059
0.577077
0.577094
0.577111
0.577128
0.577146
0.577163
0.577180
0.577197
0.577215
0.577232
0.577249
0.577266
0.577284
0.577301
0.577318
0.577335
0.577353
0.577370
0.577387
0.577404
0.577421
0.577439
0.577456
0.577473
0.577490
0.577508
0.577525
0.577542
0.577559
0.577577
0.577594
0.577611
0.577628
0.577646
0.577663
0.577680
0.577697
0.577715
0.577732
0.577749
0.577766
0.577784
0.577801
0.577818
0.577835
0.577853
0.577870
0.577887
0.577904
0.577922
0.577939
0.577956
0.577974
0.577991
0.578008
0.578025
0.578043
0.578060
0.578077
0.578094
0.578112
0.578129
0.578146
0.578163
0.578181
0.578198
0.578215
0.578232
0.578250
0.578267
0.578284
0.578302
0.578319
0.578336
0.578353
0.578371
0.578388
0.578405
0.578422
0.578440
0.578457
0.578474
0.578492
0.578509
0.578526
0.578543
0.578561
0.578578
0.578595
0.578612
0.578630
0.578647
0.578664
0.578681
0.578699
0.578716
0.578733
0.578751
0.578768
0.578785
0.578803
0.578820
0.578837
0.578854
0.578872
0.578889
0.578906
0.578923
0.578941
0.578958
0.578975
0.578993
0.579010
0.579027
0.579044
0.579062
0.579079
0.579096
0.579114
0.579131
0.579148
0.579165
0.579183
0.579200
0.579217
0.579235
0.579252
0.579269
0.579286
0.579304
0.579321
0.579338
0.579356
0.579373
0.579390
0.579408
0.579425
0.579442
0.579459
0.579477
0.579494
0.579511
0.579529
0.579546
0.579563
0.579580
0.579598
0.579615
0.579632
0.579650
0.579667
0.579684
0.579702
0.579719
0.579736
0.579754
0.579771
0.579788
0.579805
0.579823
0.579840
0.579857
0.579875
0.579892
0.579909
0.579927
0.579944
0.579961
0.579979
0.579996
0.580013
0.580030
0.580048
0.580065
0.580082
0.580100
0.580117
0.580134
0.580152
0.580169
0.580186
0.580204
0.580221
0.580238
0.580255
0.580273
0.580290
0.580307
0.580325
0.580342
0.580359
0.580377
0.580394
0.580411
0.580429
0.580446
0.580463
0.580481
0.580498
0.580515
0.580533
0.580550
0.580567
0.580585
0.580602
0.580619
0.580637
0.580654
0.580671
0.580689
0.580706
0.580723
0.580741
0.580758
0.580775
0.580792
0.580810
0.580827
0.580845
0.580862
0.580879
0.580897
0.580914
0.580931
0.580948
0.580966
0.580983
0.581001
0.581018
0.581035
0.581053
0.581070
0.581087
0.581105
0.581122
0.581139
0.581157
0.581174
0.581191
0.581209
0.581226
0.581243
0.581261
0.581278
0.581295
0.581313
0.581330
0.581347
0.581365
0.581382
0.581399
0.581417
0.581434
0.581451
0.581469
0.581486
0.581503
0.581521
0.581538
0.581555
0.581573
0.581590
0.581608
0.581625
0.581642
0.581660
0.581677
0.581694
0.581712
0.581729
0.581746
0.581764
0.581781
0.581798
0.581816
0.581833
0.581850
0.581868
0.581885
0.581903
0.581920
0.581937
0.581955
0.581972
0.581989
0.582007
0.582024
0.582041
0.582059
0.582076
0.582093
0.582111
0.582128
0.582146
0.582163
0.582180
0.582198
0.582215
0.582232
0.582250
0.582267
0.582285
0.582302
0.582319
0.582337
0.582354
0.582371
0.582389
0.582406
0.582423
0.582441
0.582458
0.582476
0.582493
0.582510
0.582528
0.582545
0.582562
0.582580
0.582597
0.582615
0.582632
0.582649
0.582667
0.582684
0.582701
0.582719
0.582736
0.582754
0.582771
0.582788
0.582806
0.582823
0.582841
0.582858
0.582875
0.582893
0.582910
0.582927
0.582945
0.582962
0.582980
0.582997
0.583014
0.583032
0.583049
0.583067
0.583084
0.583101
0.583119
0.583136
0.583153
0.583171
0.583188
0.583206
0.583223
0.583240
0.583258
0.583275
0.583293
0.583310
0.583327
0.583345
0.583362
0.583379
0.583397
0.583414
0.583432
0.583449
0.583467
0.583484
0.583501
0.583519
0.583536
0.583554
0.583571
0.583588
0.583606
0.583623
0.583641
0.583658
0.583675
0.583693
0.583710
0.583728
0.583745
0.583762
0.583780
0.583797
0.583815
0.583832
0.583849
0.583867
0.583884
0.583902
0.583919
0.583936
0.583954
0.583971
0.583989
0.584006
0.584023
0.584041
0.584058
0.584076
0.584093
0.584111
0.584128
0.584145
0.584163
0.584180
0.584198
0.584215
0.584232
0.584250
0.584267
0.584285
0.584302
0.584320
0.584337
0.584354
0.584372
0.584389
0.584407
0.584424
0.584442
0.584459
0.584476
0.584494
0.584511
0.584529
0.584546
0.584563
0.584581
0.584598
0.584616
0.584633
0.584651
0.584668
0.584685
0.584703
0.584720
0.584738
0.584755
0.584773
0.584790
0.584807
0.584825
0.584842
0.584860
0.584877
0.584895
0.584912
0.584929
0.584947
0.584964
0.584982
0.584999
0.585017
0.585034
0.585052
0.585069
0.585086
0.585104
0.585121
0.585139
0.585156
0.585174
0.585191
0.585208
0.585226
0.585243
0.585261
0.585278
0.585296
0.585313
0.585331
0.585348
0.585365
0.585383
0.585400
0.585418
0.585435
0.585453
0.585470
0.585488
0.585505
0.585522
0.585540
0.585557
0.585575
0.585592
0.585610
0.585627
0.585645
0.585662
0.585679
0.585697
0.585714
0.585732
0.585749
0.585767
0.585784
0.585802
0.585819
0.585837
0.585854
0.585872
0.585889
0.585906
0.585924
0.585941
0.585959
0.585976
0.585994
0.586011
0.586029
0.586046
0.586063
0.586081
0.586098
0.586116
0.586133
0.586151
0.586168
0.586186
0.586203
0.586221
0.586238
0.586256
0.586273
0.586291
0.586308
0.586326
0.586343
0.586360
0.586378
0.586395
0.586413
0.586430
0.586448
0.586465
0.586483
0.586500
0.586518
0.586535
0.586553
0.586570
0.586588
0.586605
0.586623
0.586640
0.586658
0.586675
0.586692
0.586710
0.586727
0.586745
0.586762
0.586780
0.586797
0.586815
0.586832
0.586850
0.586867
0.586885
0.586902
0.586920
0.586937
0.586955
0.586972
0.586990
0.587007
0.587025
0.587042
0.587060
0.587077
0.587095
0.587112
0.587130
0.587147
0.587165
0.587182
0.587200
0.587217
0.587235
0.587252
0.587270
0.587287
0.587304
0.587322
0.587339
0.587357
0.587374
0.587392
0.587409
0.587427
0.587444
0.587462
0.587479
0.587497
0.587514
0.587532
0.587549
0.587567
0.587584
0.587602
0.587619
0.587637
0.587654
0.587672
0.587689
0.587707
0.587724
0.587742
0.587759
0.587777
0.587794
0.587812
0.587829
0.587847
0.587865
0.587882
0.587899
0.587917
0.587935
0.587952
0.587970
0.587987
0.588005
0.588022
0.588040
0.588057
0.588075
0.588092
0.588110
0.588127
0.588145
0.588162
0.588180
0.588197
0.588215
0.588232
0.588250
0.588267
0.588285
0.588302
0.588320
0.588337
0.588355
0.588372
0.588390
0.588407
0.588425
0.588442
0.588460
0.588478
0.588495
0.588513
0.588530
0.588548
0.588565
0.588583
0.588600
0.588618
0.588635
0.588653
0.588670
0.588688
0.588705
0.588723
0.588740
0.588758
0.588775
0.588793
0.588811
0.588828
0.588846
0.588863
0.588881
0.588898
0.588916
0.588933
0.588951
0.588968
0.588986
0.589003
0.589021
0.589038
0.589056
0.589074
0.589091
0.589109
0.589126
0.589144
0.589161
0.589179
0.589196
0.589214
0.589231
0.589249
0.589266
0.589284
0.589302
0.589319
0.589337
0.589354
0.589372
0.589389
0.589407
0.589424
0.589442
0.589459
0.589477
0.589495
0.589512
0.589530
0.589547
0.589565
0.589582
0.589600
0.589617
0.589635
0.589653
0.589670
0.589688
0.589705
0.589723
0.589740
0.589758
0.589775
0.589793
0.589811
0.589828
0.589846
0.589863
0.589881
0.589898
0.589916
0.589933
0.589951
0.589969
0.589986
0.590004
0.590021
0.590039
0.590056
0.590074
0.590091
0.590109
0.590127
0.590144
0.590162
0.590179
0.590197
0.590214
0.590232
0.590250
0.590267
0.590285
0.590302
0.590320
0.590337
0.590355
0.590372
0.590390
0.590408
0.590425
0.590443
0.590460
0.590478
0.590496
0.590513
0.590531
0.590548
0.590566
0.590583
0.590601
0.590619
0.590636
0.590654
0.590671
0.590689
0.590706
0.590724
0.590742
0.590759
0.590777
0.590794
0.590812
0.590829
0.590847
0.590865
0.590882
0.590900
0.590917
0.590935
0.590953
0.590970
0.590988
0.591005
0.591023
0.591041
0.591058
0.591076
0.591093
0.591111
0.591128
0.591146
0.591164
0.591181
0.591199
0.591216
0.591234
0.591252
0.591269
0.591287
0.591304
0.591322
0.591340
0.591357
0.591375
0.591392
0.591410
0.591428
0.591445
0.591463
0.591480
0.591498
0.591516
0.591533
0.591551
0.591568
0.591586
0.591603
0.591621
0.591639
0.591656
0.591674
0.591691
0.591709
0.591727
0.591744
0.591762
0.591780
0.591797
0.591815
0.591832
0.591850
0.591868
0.591885
0.591903
0.591920
0.591938
0.591956
0.591973
0.591991
0.592008
0.592026
0.592044
0.592061
0.592079
0.592096
0.592114
0.592132
0.592149
0.592167
0.592185
0.592202
0.592220
0.592237
0.592255
0.592273
0.592290
0.592308
0.592326
0.592343
0.592361
0.592378
0.592396
0.592414
0.592431
0.592449
0.592466
0.592484
0.592502
0.592519
0.592537
0.592555
0.592572
0.592590
0.592607
0.592625
0.592643
0.592660
0.592678
0.592696
0.592713
0.592731
0.592749
0.592766
0.592784
0.592801
0.592819
0.592837
0.592854
0.592872
0.592890
0.592907
0.592925
0.592942
0.592960
0.592978
0.592995
0.593013
0.593031
0.593048
0.593066
0.593083
0.593101
0.593119
0.593136
0.593154
0.593172
0.593189
0.593207
0.593225
0.593242
0.593260
0.593278
0.593295
0.593313
0.593330
0.593348
0.593366
0.593383
0.593401
0.593419
0.593436
0.593454
0.593472
0.593489
0.593507
0.593525
0.593542
0.593560
0.593578
0.593595
0.593613
0.593630
0.593648
0.593666
0.593683
0.593701
0.593719
0.593736
0.593754
0.593772
0.593789
0.593807
0.593825
0.593842
0.593860
0.593878
0.593895
0.593913
0.593931
0.593948
0.593966
0.593984
0.594001
0.594019
0.594037
0.594054
0.594072
0.594090
0.594107
0.594125
0.594143
0.594160
0.594178
0.594196
0.594213
0.594231
0.594249
0.594266
0.594284
0.594302
0.594319
0.594337
0.594355
0.594372
0.594390
0.594408
0.594425
0.594443
0.594461
0.594478
0.594496
0.594514
0.594531
0.594549
0.594567
0.594584
0.594602
0.594620
0.594637
0.594655
0.594673
0.594690
0.594708
0.594726
0.594743
0.594761
0.594779
0.594796
0.594814
0.594832
0.594849
0.594867
0.594885
0.594903
0.594920
0.594938
0.594956
0.594973
0.594991
0.595009
0.595026
0.595044
0.595062
0.595079
0.595097
0.595115
0.595132
0.595150
0.595168
0.595186
0.595203
0.595221
0.595239
0.595256
0.595274
0.595292
0.595309
0.595327
0.595345
0.595362
0.595380
0.595398
0.595415
0.595433
0.595451
0.595469
0.595486
0.595504
0.595522
0.595539
0.595557
0.595575
0.595593
0.595610
0.595628
0.595646
0.595663
0.595681
0.595699
0.595716
0.595734
0.595752
0.595770
0.595787
0.595805
0.595823
0.595840
0.595858
0.595876
0.595893
0.595911
0.595929
0.595947
0.595964
0.595982
0.596000
0.596017
0.596035
0.596053
0.596071
0.596088
0.596106
0.596124
0.596141
0.596159
0.596177
0.596195
0.596212
0.596230
0.596248
0.596265
0.596283
0.596301
0.596319
0.596336
0.596354
0.596372
0.596389
0.596407
0.596425
0.596443
0.596460
0.596478
0.596496
0.596513
0.596531
0.596549
0.596567
0.596584
0.596602
0.596620
0.596638
0.596655
0.596673
0.596691
0.596709
0.596726
0.596744
0.596762
0.596779
0.596797
0.596815
0.596833
0.596850
0.596868
0.596886
0.596903
0.596921
0.596939
0.596957
0.596974
0.596992
0.597010
0.597028
0.597045
0.597063
0.597081
0.597099
0.597116
0.597134
0.597152
0.597170
0.597187
0.597205
0.597223
0.597241
0.597258
0.597276
0.597294
0.597311
0.597329
0.597347
0.597365
0.597382
0.597400
0.597418
0.597436
0.597453
0.597471
0.597489
0.597507
0.597524
0.597542
0.597560
0.597578
0.597595
0.597613
0.597631
0.597649
0.597666
0.597684
0.597702
0.597720
0.597737
0.597755
0.597773
0.597791
0.597808
0.597826
0.597844
0.597862
0.597879
0.597897
0.597915
0.597933
0.597951
0.597968
0.597986
0.598004
0.598022
0.598039
0.598057
0.598075
0.598093
0.598110
0.598128
0.598146
0.598164
0.598181
0.598199
0.598217
0.598235
0.598253
0.598270
0.598288
0.598306
0.598324
0.598341
0.598359
0.598377
0.598395
0.598412
0.598430
0.598448
0.598466
0.598484
0.598501
0.598519
0.598537
0.598555
0.598572
0.598590
0.598608
0.598626
0.598643
0.598661
0.598679
0.598697
0.598715
0.598732
0.598750
0.598768
0.598786
0.598803
0.598821
0.598839
0.598857
0.598875
0.598892
0.598910
0.598928
0.598946
0.598964
0.598981
0.598999
0.599017
0.599035
0.599052
0.599070
0.599088
0.599106
0.599124
0.599141
0.599159
0.599177
0.599195
0.599212
0.599230
0.599248
0.599266
0.599284
0.599301
0.599319
0.599337
0.599355
0.599373
0.599390
0.599408
0.599426
0.599444
0.599462
0.599479
0.599497
0.599515
0.599533
0.599551
0.599568
0.599586
0.599604
0.599622
0.599640
0.599657
0.599675
0.599693
0.599711
0.599729
0.599746
0.599764
0.599782
0.599800
0.599818
0.599835
0.599853
0.599871
0.599889
0.599907
0.599924
0.599942
0.599960
0.599978
0.599996
0.600013
0.600031
0.600049
0.600067
0.600085
0.600103
0.600120
0.600138
0.600156
0.600174
0.600192
0.600209
0.600227
0.600245
0.600263
0.600281
0.600298
0.600316
0.600334
0.600352
0.600370
0.600388
0.600405
0.600423
0.600441
0.600459
0.600477
0.600495
0.600512
0.600530
0.600548
0.600566
0.600584
0.600602
0.600619
0.600637
0.600655
0.600673
0.600691
0.600708
0.600726
0.600744
0.600762
0.600780
0.600798
0.600815
0.600833
0.600851
0.600869
0.600887
0.600905
0.600922
0.600940
0.600958
0.600976
0.600994
0.601011
0.601029
0.601047
0.601065
0.601083
0.601101
0.601119
0.601136
0.601154
0.601172
0.601190
0.601208
0.601226
0.601243
0.601261
0.601279
0.601297
0.601315
0.601333
0.601350
0.601368
0.601386
0.601404
0.601422
0.601440
0.601458
0.601475
0.601493
0.601511
0.601529
0.601547
0.601565
0.601582
0.601600
0.601618
0.601636
0.601654
0.601672
0.601690
0.601707
0.601725
0.601743
0.601761
0.601779
0.601797
0.601815
0.601832
0.601850
0.601868
0.601886
0.601904
0.601922
0.601940
0.601957
0.601975
0.601993
0.602011
0.602029
0.602047
0.602065
0.602082
0.602100
0.602118
0.602136
0.602154
0.602172
0.602190
0.602207
0.602225
0.602243
0.602261
0.602279
0.602297
0.602315
0.602333
0.602350
0.602368
0.602386
0.602404
0.602422
0.602440
0.602458
0.602475
0.602493
0.602511
0.602529
0.602547
0.602565
0.602583
0.602601
0.602618
0.602636
0.602654
0.602672
0.602690
0.602708
0.602726
0.602744
0.602761
0.602779
0.602797
0.602815
0.602833
0.602851
0.602869
0.602887
0.602904
0.602922
0.602940
0.602958
0.602976
0.602994
0.603012
0.603030
0.603048
0.603065
0.603083
0.603101
0.603119
0.603137
0.603155
0.603173
0.603191
0.603209
0.603226
0.603244
0.603262
0.603280
0.603298
0.603316
0.603334
0.603352
0.603370
0.603387
0.603405
0.603423
0.603441
0.603459
0.603477
0.603495
0.603513
0.603531
0.603549
0.603566
0.603584
0.603602
0.603620
0.603638
0.603656
0.603674
0.603692
0.603710
0.603728
0.603745
0.603763
0.603781
0.603799
0.603817
0.603835
0.603853
0.603871
0.603889
0.603907
0.603924
0.603942
0.603960
0.603978
0.603996
0.604014
0.604032
0.604050
0.604068
0.604086
0.604104
0.604122
0.604139
0.604157
0.604175
0.604193
0.604211
0.604229
0.604247
0.604265
0.604283
0.604301
0.604319
0.604336
0.604354
0.604372
0.604390
0.604408
0.604426
0.604444
0.604462
0.604480
0.604498
0.604516
0.604534
0.604551
0.604569
0.604587
0.604605
0.604623
0.604641
0.604659
0.604677
0.604695
0.604713
0.604731
0.604749
0.604767
0.604784
0.604802
0.604820
0.604838
0.604856
0.604874
0.604892
0.604910
0.604928
0.604946
0.604964
0.604982
0.605000
0.605018
0.605036
0.605054
0.605071
0.605089
0.605107
0.605125
0.605143
0.605161
0.605179
0.605197
0.605215
0.605233
0.605251
0.605269
0.605287
0.605305
0.605323
0.605341
0.605358
0.605376
0.605394
0.605412
0.605430
0.605448
0.605466
0.605484
0.605502
0.605520
0.605538
0.605556
0.605574
0.605592
0.605610
0.605628
0.605646
0.605664
0.605681
0.605699
0.605717
0.605735
0.605753
0.605771
0.605789
0.605807
0.605825
0.605843
0.605861
0.605879
0.605897
0.605915
0.605933
0.605951
0.605969
0.605987
0.606005
0.606023
0.606041
0.606059
0.606076
0.606094
0.606112
0.606130
0.606148
0.606166
0.606184
0.606202
0.606220
0.606238
0.606256
0.606274
0.606292
0.606310
0.606328
0.606346
0.606364
0.606382
0.606400
0.606418
0.606436
0.606454
0.606472
0.606490
0.606508
0.606526
0.606544
0.606562
0.606580
0.606598
0.606616
0.606633
0.606652
0.606669
0.606687
0.606705
0.606723
0.606741
0.606759
0.606777
0.606795
0.606813
0.606831
0.606849
0.606867
0.606885
0.606903
0.606921
0.606939
0.606957
0.606975
0.606993
0.607011
0.607029
0.607047
0.607065
0.607083
0.607101
0.607119
0.607137
0.607155
0.607173
0.607191
0.607209
0.607227
0.607245
0.607263
0.607281
0.607299
0.607317
0.607335
0.607353
0.607371
0.607389
0.607407
0.607425
0.607443
0.607461
0.607479
0.607497
0.607515
0.607533
0.607551
0.607569
0.607587
0.607605
0.607623
0.607641
0.607659
0.607677
0.607695
0.607713
0.607731
0.607749
0.607767
0.607785
0.607803
0.607821
0.607839
0.607857
0.607875
0.607893
0.607911
0.607929
0.607947
0.607965
0.607983
0.608001
0.608019
0.608037
0.608055
0.608073
0.608091
0.608109
0.608127
0.608145
0.608163
0.608181
0.608199
0.608217
0.608235
0.608253
0.608271
0.608289
0.608307
0.608325
0.608343
0.608361
0.608379
0.608397
0.608415
0.608433
0.608451
0.608469
0.608487
0.608505
0.608523
0.608541
0.608559
0.608577
0.608595
0.608613
0.608631
0.608649
0.608667
0.608685
0.608703
0.608721
0.608739
0.608758
0.608776
0.608793
0.608812
0.608830
0.608848
0.608866
0.608884
0.608902
0.608920
0.608938
0.608956
0.608974
0.608992
0.609010
0.609028
0.609046
0.609064
0.609082
0.609100
0.609118
0.609136
0.609154
0.609172
0.609190
0.609208
0.609226
0.609244
0.609262
0.609280
0.609298
0.609317
0.609335
0.609353
0.609371
0.609389
0.609407
0.609425
0.609443
0.609461
0.609479
0.609497
0.609515
0.609533
0.609551
0.609569
0.609587
0.609605
0.609623
0.609641
0.609659
0.609677
0.609695
0.609714
0.609732
0.609750
0.609768
0.609786
0.609804
0.609822
0.609840
0.609858
0.609876
0.609894
0.609912
0.609930
0.609948
0.609966
0.609984
0.610002
0.610020
0.610038
0.610057
0.610075
0.610093
0.610111
0.610129
0.610147
0.610165
0.610183
0.610201
0.610219
0.610237
0.610255
0.610273
0.610291
0.610309
0.610327
0.610346
0.610364
0.610382
0.610400
0.610418
0.610436
0.610454
0.610472
0.610490
0.610508
0.610526
0.610544
0.610562
0.610580
0.610599
0.610616
0.610635
0.610653
0.610671
0.610689
0.610707
0.610725
0.610743
0.610761
0.610779
0.610797
0.610815
0.610834
0.610852
0.610870
0.610888
0.610906
0.610924
0.610942
0.610960
0.610978
0.610996
0.611014
0.611032
0.611050
0.611069
0.611087
0.611105
0.611123
0.611141
0.611159
0.611177
0.611195
0.611213
0.611231
0.611249
0.611267
0.611286
0.611304
0.611322
0.611340
0.611358
0.611376
0.611394
0.611412
0.611430
0.611448
0.611466
0.611485
0.611503
0.611521
0.611539
0.611557
0.611575
0.611593
0.611611
0.611629
0.611647
0.611665
0.611684
0.611702
0.611720
0.611738
0.611756
0.611774
0.611792
0.611810
0.611828
0.611846
0.611865
0.611883
0.611901
0.611919
0.611937
0.611955
0.611973
0.611991
0.612009
0.612028
0.612046
0.612064
0.612082
0.612100
0.612118
0.612136
0.612154
0.612172
0.612191
0.612209
0.612227
0.612245
0.612263
0.612281
0.612299
0.612317
0.612335
0.612354
0.612372
0.612390
0.612408
0.612426
0.612444
0.612462
0.612480
0.612499
0.612517
0.612535
0.612553
0.612571
0.612589
0.612607
0.612625
0.612643
0.612662
0.612680
0.612698
0.612716
0.612734
0.612752
0.612770
0.612788
0.612807
0.612825
0.612843
0.612861
0.612879
0.612897
0.612915
0.612933
0.612952
0.612970
0.612988
0.613006
0.613024
0.613042
0.613060
0.613078
0.613097
0.613115
0.613133
0.613151
0.613169
0.613187
0.613205
0.613224
0.613242
0.613260
0.613278
0.613296
0.613314
0.613332
0.613351
0.613369
0.613387
0.613405
0.613423
0.613441
0.613459
0.613478
0.613496
0.613514
0.613532
0.613550
0.613568
0.613586
0.613605
0.613623
0.613641
0.613659
0.613677
0.613695
0.613713
0.613732
0.613750
0.613768
0.613786
0.613804
0.613822
0.613840
0.613859
0.613877
0.613895
0.613913
0.613931
0.613949
0.613968
0.613986
0.614004
0.614022
0.614040
0.614058
0.614076
0.614095
0.614113
0.614131
0.614149
0.614167
0.614185
0.614204
0.614222
0.614240
0.614258
0.614276
0.614294
0.614313
0.614331
0.614349
0.614367
0.614385
0.614403
0.614422
0.614440
0.614458
0.614476
0.614494
0.614512
0.614531
0.614549
0.614567
0.614585
0.614603
0.614621
0.614640
0.614658
0.614676
0.614694
0.614712
0.614730
0.614749
0.614767
0.614785
0.614803
0.614821
0.614839
0.614858
0.614876
0.614894
0.614912
0.614930
0.614949
0.614967
0.614985
0.615003
0.615021
0.615039
0.615058
0.615076
0.615094
0.615112
0.615130
0.615149
0.615167
0.615185
0.615203
0.615221
0.615239
0.615258
0.615276
0.615294
0.615312
0.615330
0.615349
0.615367
0.615385
0.615403
0.615421
0.615440
0.615458
0.615476
0.615494
0.615512
0.615531
0.615549
0.615567
0.615585
0.615603
0.615622
0.615640
0.615658
0.615676
0.615694
0.615712
0.615731
0.615749
0.615767
0.615785
0.615803
0.615822
0.615840
0.615858
0.615876
0.615894
0.615913
0.615931
0.615949
0.615967
0.615985
0.616004
0.616022
0.616040
0.616058
0.616077
0.616095
0.616113
0.616131
0.616149
0.616168
0.616186
0.616204
0.616222
0.616240
0.616259
0.616277
0.616295
0.616313
0.616331
0.616350
0.616368
0.616386
0.616404
0.616423
0.616441
0.616459
0.616477
0.616495
0.616514
0.616532
0.616550
0.616568
0.616587
0.616605
0.616623
0.616641
0.616659
0.616677
0.616696
0.616714
0.616732
0.616750
0.616769
0.616787
0.616805
0.616823
0.616842
0.616860
0.616878
0.616896
0.616914
0.616933
0.616951
0.616969
0.616987
0.617006
0.617024
0.617042
0.617060
0.617079
0.617097
0.617115
0.617133
0.617151
0.617170
0.617188
0.617206
0.617224
0.617243
0.617261
0.617279
0.617297
0.617316
0.617334
0.617352
0.617370
0.617388
0.617407
0.617425
0.617443
0.617462
0.617480
0.617498
0.617516
0.617534
0.617553
0.617571
0.617589
0.617607
0.617626
0.617644
0.617662
0.617680
0.617699
0.617717
0.617735
0.617753
0.617772
0.617790
0.617808
0.617826
0.617845
0.617863
0.617881
0.617899
0.617918
0.617936
0.617954
0.617972
0.617991
0.618009
0.618027
0.618045
0.618064
0.618082
0.618100
0.618118
0.618137
0.618155
0.618173
0.618191
0.618210
0.618228
0.618246
0.618265
0.618283
0.618301
0.618319
0.618338
0.618356
0.618374
0.618392
0.618411
0.618429
0.618447
0.618465
0.618484
0.618502
0.618520
0.618538
0.618557
0.618575
0.618593
0.618612
0.618630
0.618648
0.618666
0.618685
0.618703
0.618721
0.618739
0.618758
0.618776
0.618794
0.618813
0.618831
0.618849
0.618867
0.618886
0.618904
0.618922
0.618940
0.618959
0.618977
0.618995
0.619014
0.619032
0.619050
0.619068
0.619087
0.619105
0.619123
0.619142
0.619160
0.619178
0.619196
0.619215
0.619233
0.619251
0.619269
0.619288
0.619306
0.619324
0.619343
0.619361
0.619379
0.619397
0.619416
0.619434
0.619452
0.619471
0.619489
0.619507
0.619526
0.619544
0.619562
0.619580
0.619599
0.619617
0.619635
0.619654
0.619672
0.619690
0.619708
0.619727
0.619745
0.619763
0.619782
0.619800
0.619818
0.619837
0.619855
0.619873
0.619891
0.619910
0.619928
0.619946
0.619965
0.619983
0.620001
0.620020
0.620038
0.620056
0.620074
0.620093
0.620111
0.620129
0.620148
0.620166
0.620184
0.620203
0.620221
0.620239
0.620258
0.620276
0.620294
0.620312
0.620331
0.620349
0.620367
0.620386
0.620404
0.620422
0.620441
0.620459
0.620477
0.620496
0.620514
0.620532
0.620550
0.620569
0.620587
0.620605
0.620624
0.620642
0.620660
0.620679
0.620697
0.620715
0.620734
0.620752
0.620770
0.620789
0.620807
0.620825
0.620844
0.620862
0.620880
0.620899
0.620917
0.620935
0.620954
0.620972
0.620990
0.621009
0.621027
0.621045
0.621064
0.621082
0.621100
0.621119
0.621137
0.621155
0.621173
0.621192
0.621210
0.621229
0.621247
0.621265
0.621284
0.621302
0.621320
0.621338
0.621357
0.621375
0.621394
0.621412
0.621430
0.621449
0.621467
0.621485
0.621504
0.621522
0.621540
0.621559
0.621577
0.621595
0.621614
0.621632
0.621650
0.621669
0.621687
0.621705
0.621724
0.621742
0.621760
0.621779
0.621797
0.621815
0.621834
0.621852
0.621870
0.621889
0.621907
0.621926
0.621944
0.621962
0.621981
0.621999
0.622017
0.622036
0.622054
0.622072
0.622091
0.622109
0.622127
0.622146
0.622164
0.622182
0.622201
0.622219
0.622237
0.622256
0.622274
0.622293
0.622311
0.622329
0.622348
0.622366
0.622384
0.622403
0.622421
0.622440
0.622458
0.622476
0.622495
0.622513
0.622531
0.622550
0.622568
0.622586
0.622605
0.622623
0.622641
0.622660
0.622678
0.622696
0.622715
0.622733
0.622752
0.622770
0.622788
0.622807
0.622825
0.622844
0.622862
0.622880
0.622899
0.622917
0.622935
0.622954
0.622972
0.622991
0.623009
0.623027
0.623046
0.623064
0.623082
0.623101
0.623119
0.623138
0.623156
0.623174
0.623193
0.623211
0.623229
0.623248
0.623266
0.623285
0.623303
0.623321
0.623340
0.623358
0.623377
0.623395
0.623413
0.623432
0.623450
0.623468
0.623487
0.623505
0.623524
0.623542
0.623560
0.623579
0.623597
0.623616
0.623634
0.623652
0.623671
0.623689
0.623708
0.623726
0.623744
0.623763
0.623781
0.623800
0.623818
0.623836
0.623855
0.623873
0.623892
0.623910
0.623928
0.623947
0.623965
0.623983
0.624002
0.624020
0.624039
0.624057
0.624075
0.624094
0.624112
0.624131
0.624149
0.624167
0.624186
0.624204
0.624223
0.624241
0.624260
0.624278
0.624296
0.624315
0.624333
0.624352
0.624370
0.624388
0.624407
0.624425
0.624444
0.624462
0.624480
0.624499
0.624517
0.624536
0.624554
0.624573
0.624591
0.624609
0.624628
0.624646
0.624665
0.624683
0.624701
0.624720
0.624738
0.624757
0.624775
0.624793
0.624812
0.624830
0.624849
0.624867
0.624886
0.624904
0.624923
0.624941
0.624959
0.624978
0.624996
0.625015
0.625033
0.625051
0.625070
0.625088
0.625107
0.625125
0.625144
0.625162
0.625180
0.625199
0.625217
0.625236
0.625254
0.625273
0.625291
0.625309
0.625328
0.625346
0.625365
0.625383
0.625402
0.625420
0.625438
0.625457
0.625475
0.625494
0.625512
0.625531
0.625549
0.625568
0.625586
0.625604
0.625623
0.625641
0.625660
0.625678
0.625697
0.625715
0.625734
0.625752
0.625770
0.625789
0.625807
0.625826
0.625844
0.625863
0.625881
0.625900
0.625918
0.625936
0.625955
0.625973
0.625992
0.626010
0.626029
0.626047
0.626066
0.626084
0.626102
0.626121
0.626139
0.626158
0.626176
0.626195
0.626213
0.626232
0.626250
0.626269
0.626287
0.626305
0.626324
0.626342
0.626361
0.626379
0.626398
0.626416
0.626435
0.626453
0.626472
0.626490
0.626508
0.626527
0.626545
0.626564
0.626582
0.626601
0.626619
0.626638
0.626656
0.626675
0.626693
0.626712
0.626730
0.626749
0.626767
0.626786
0.626804
0.626822
0.626841
0.626859
0.626878
0.626896
0.626915
0.626933
0.626952
0.626970
0.626989
0.627007
0.627026
0.627044
0.627063
0.627081
0.627100
0.627118
0.627137
0.627155
0.627173
0.627192
0.627210
0.627229
0.627247
0.627266
0.627284
0.627303
0.627321
0.627340
0.627358
0.627377
0.627395
0.627414
0.627432
0.627451
0.627469
0.627488
0.627506
0.627525
0.627543
0.627562
0.627580
0.627599
0.627617
0.627635
0.627654
0.627672
0.627691
0.627709
0.627728
0.627746
0.627765
0.627784
0.627802
0.627820
0.627839
0.627857
0.627876
0.627894
0.627913
0.627931
0.627950
0.627968
0.627987
0.628005
0.628024
0.628042
0.628061
0.628079
0.628098
0.628116
0.628135
0.628153
0.628172
0.628190
0.628209
0.628227
0.628246
0.628264
0.628283
0.628301
0.628320
0.628338
0.628357
0.628375
0.628394
0.628413
0.628431
0.628449
0.628468
0.628487
0.628505
0.628523
0.628542
0.628561
0.628579
0.628598
0.628616
0.628635
0.628653
0.628672
0.628690
0.628709
0.628727
0.628746
0.628764
0.628783
0.628801
0.628820
0.628838
0.628857
0.628875
0.628894
0.628912
0.628931
0.628949
0.628968
0.628986
0.629005
0.629023
0.629042
0.629061
0.629079
0.629098
0.629116
0.629135
0.629153
0.629172
0.629190
0.629209
0.629227
0.629246
0.629264
0.629283
0.629301
0.629320
0.629338
0.629357
0.629376
0.629394
0.629413
0.629431
0.629450
0.629468
0.629487
0.629505
0.629524
0.629542
0.629561
0.629579
0.629598
0.629616
0.629635
0.629654
0.629672
0.629691
0.629709
0.629728
0.629746
0.629765
0.629783
0.629802
0.629820
0.629839
0.629857
0.629876
0.629895
0.629913
0.629932
0.629950
0.629969
0.629987
0.630006
0.630024
0.630043
0.630062
0.630080
0.630099
0.630117
0.630136
0.630154
0.630173
0.630191
0.630210
0.630228
0.630247
0.630266
0.630284
0.630303
0.630321
0.630340
0.630358
0.630377
0.630395
0.630414
0.630433
0.630451
0.630470
0.630488
0.630507
0.630525
0.630544
0.630562
0.630581
0.630600
0.630618
0.630637
0.630655
0.630674
0.630692
0.630711
0.630729
0.630748
0.630767
0.630785
0.630804
0.630822
0.630841
0.630860
0.630878
0.630897
0.630915
0.630934
0.630952
0.630971
0.630989
0.631008
0.631027
0.631045
0.631064
0.631082
0.631101
0.631120
0.631138
0.631157
0.631175
0.631194
0.631212
0.631231
0.631249
0.631268
0.631287
0.631305
0.631324
0.631342
0.631361
0.631380
0.631398
0.631417
0.631435
0.631454
0.631472
0.631491
0.631510
0.631528
0.631547
0.631565
0.631584
0.631603
0.631621
0.631640
0.631658
0.631677
0.631695
0.631714
0.631733
0.631751
0.631770
0.631788
0.631807
0.631826
0.631844
0.631863
0.631881
0.631900
0.631919
0.631937
0.631956
0.631974
0.631993
0.632012
0.632030
0.632049
0.632067
0.632086
0.632104
0.632123
0.632142
0.632160
0.632179
0.632197
0.632216
0.632235
0.632253
0.632272
0.632291
0.632309
0.632328
0.632346
0.632365
0.632384
0.632402
0.632421
0.632439
0.632458
0.632477
0.632495
0.632514
0.632532
0.632551
0.632570
0.632588
0.632607
0.632625
0.632644
0.632663
0.632681
0.632700
0.632719
0.632737
0.632756
0.632774
0.632793
0.632812
0.632830
0.632849
0.632867
0.632886
0.632905
0.632923
0.632942
0.632961
0.632979
0.632998
0.633016
0.633035
0.633054
0.633072
0.633091
0.633109
0.633128
0.633147
0.633165
0.633184
0.633203
0.633221
0.633240
0.633258
0.633277
0.633296
0.633314
0.633333
0.633352
0.633370
0.633389
0.633408
0.633426
0.633445
0.633463
0.633482
0.633501
0.633519
0.633538
0.633557
0.633575
0.633594
0.633612
0.633631
0.633650
0.633668
0.633687
0.633706
0.633724
0.633743
0.633762
0.633780
0.633799
0.633817
0.633836
0.633855
0.633873
0.633892
0.633911
0.633929
0.633948
0.633967
0.633985
0.634004
0.634023
0.634041
0.634060
0.634078
0.634097
0.634116
0.634134
0.634153
0.634172
0.634190
0.634209
0.634228
0.634246
0.634265
0.634284
0.634302
0.634321
0.634340
0.634358
0.634377
0.634395
0.634414
0.634433
0.634451
0.634470
0.634489
0.634507
0.634526
0.634545
0.634563
0.634582
0.634601
0.634619
0.634638
0.634657
0.634675
0.634694
0.634713
0.634731
0.634750
0.634769
0.634787
0.634806
0.634825
0.634843
0.634862
0.634881
0.634899
0.634918
0.634937
0.634955
0.634974
0.634993
0.635011
0.635030
0.635049
0.635067
0.635086
0.635105
0.635123
0.635142
0.635161
0.635179
0.635198
0.635217
0.635235
0.635254
0.635273
0.635291
0.635310
0.635329
0.635347
0.635366
0.635385
0.635403
0.635422
0.635441
0.635459
0.635478
0.635497
0.635516
0.635534
0.635553
0.635572
0.635590
0.635609
0.635628
0.635646
0.635665
0.635684
0.635702
0.635721
0.635740
0.635758
0.635777
0.635796
0.635814
0.635833
0.635852
0.635870
0.635889
0.635908
0.635927
0.635945
0.635964
0.635983
0.636001
0.636020
0.636039
0.636057
0.636076
0.636095
0.636113
0.636132
0.636151
0.636170
0.636188
0.636207
0.636226
0.636244
0.636263
0.636282
0.636300
0.636319
0.636338
0.636357
0.636375
0.636394
0.636413
0.636431
0.636450
0.636469
0.636488
0.636506
0.636525
0.636544
0.636562
0.636581
0.636600
0.636618
0.636637
0.636656
0.636675
0.636693
0.636712
0.636731
0.636749
0.636768
0.636787
0.636806
0.636824
0.636843
0.636862
0.636880
0.636899
0.636918
0.636936
0.636955
0.636974
0.636993
0.637011
0.637030
0.637049
0.637068
0.637086
0.637105
0.637124
0.637142
0.637161
0.637180
0.637199
0.637217
0.637236
0.637255
0.637273
0.637292
0.637311
0.637330
0.637348
0.637367
0.637386
0.637405
0.637423
0.637442
0.637461
0.637479
0.637498
0.637517
0.637536
0.637554
0.637573
0.637592
0.637611
0.637629
0.637648
0.637667
0.637686
0.637704
0.637723
0.637742
0.637760
0.637779
0.637798
0.637817
0.637835
0.637854
0.637873
0.637892
0.637910
0.637929
0.637948
0.637967
0.637985
0.638004
0.638023
0.638042
0.638060
0.638079
0.638098
0.638116
0.638135
0.638154
0.638173
0.638191
0.638210
0.638229
0.638248
0.638266
0.638285
0.638304
0.638323
0.638341
0.638360
0.638379
0.638398
0.638416
0.638435
0.638454
0.638473
0.638491
0.638510
0.638529
0.638548
0.638567
0.638585
0.638604
0.638623
0.638642
0.638660
0.638679
0.638698
0.638717
0.638735
0.638754
0.638773
0.638792
0.638810
0.638829
0.638848
0.638867
0.638885
0.638904
0.638923
0.638942
0.638960
0.638979
0.638998
0.639017
0.639036
0.639054
0.639073
0.639092
0.639111
0.639129
0.639148
0.639167
0.639186
0.639204
0.639223
0.639242
0.639261
0.639280
0.639298
0.639317
0.639336
0.639355
0.639373
0.639392
0.639411
0.639430
0.639448
0.639467
0.639486
0.639505
0.639524
0.639542
0.639561
0.639580
0.639599
0.639617
0.639636
0.639655
0.639674
0.639693
0.639711
0.639730
0.639749
0.639768
0.639787
0.639805
0.639824
0.639843
0.639862
0.639880
0.639899
0.639918
0.639937
0.639956
0.639974
0.639993
0.640012
0.640031
0.640050
0.640068
0.640087
0.640106
0.640125
0.640143
0.640162
0.640181
0.640200
0.640219
0.640237
0.640256
0.640275
0.640294
0.640313
0.640331
0.640350
0.640369
0.640388
0.640407
0.640425
0.640444
0.640463
0.640482
0.640501
0.640519
0.640538
0.640557
0.640576
0.640595
0.640613
0.640632
0.640651
0.640670
0.640689
0.640708
0.640726
0.640745
0.640764
0.640783
0.640802
0.640820
0.640839
0.640858
0.640877
0.640895
0.640914
0.640933
0.640952
0.640971
0.640990
0.641008
0.641027
0.641046
0.641065
0.641084
0.641103
0.641121
0.641140
0.641159
0.641178
0.641197
0.641215
0.641234
0.641253
0.641272
0.641291
0.641309
0.641328
0.641347
0.641366
0.641385
0.641404
0.641422
0.641441
0.641460
0.641479
0.641498
0.641517
0.641535
0.641554
0.641573
0.641592
0.641611
0.641629
0.641648
0.641667
0.641686
0.641705
0.641724
0.641742
0.641761
0.641780
0.641799
0.641818
0.641837
0.641856
0.641874
0.641893
0.641912
0.641931
0.641950
0.641968
0.641987
0.642006
0.642025
0.642044
0.642063
0.642082
0.642100
0.642119
0.642138
0.642157
0.642176
0.642195
0.642213
0.642232
0.642251
0.642270
0.642289
0.642308
0.642326
0.642345
0.642364
0.642383
0.642402
0.642421
0.642440
0.642458
0.642477
0.642496
0.642515
0.642534
0.642553
0.642571
0.642590
0.642609
0.642628
0.642647
0.642666
0.642685
0.642703
0.642722
0.642741
0.642760
0.642779
0.642798
0.642817
0.642836
0.642854
0.642873
0.642892
0.642911
0.642930
0.642949
0.642967
0.642986
0.643005
0.643024
0.643043
0.643062
0.643081
0.643100
0.643118
0.643137
0.643156
0.643175
0.643194
0.643213
0.643232
0.643250
0.643269
0.643288
0.643307
0.643326
0.643345
0.643364
0.643383
0.643401
0.643420
0.643439
0.643458
0.643477
0.643496
0.643515
0.643533
0.643552
0.643571
0.643590
0.643609
0.643628
0.643647
0.643666
0.643685
0.643703
0.643722
0.643741
0.643760
0.643779
0.643798
0.643817
0.643836
0.643854
0.643873
0.643892
0.643911
0.643930
0.643949
0.643968
0.643987
0.644006
0.644024
0.644043
0.644062
0.644081
0.644100
0.644119
0.644138
0.644157
0.644176
0.644194
0.644213
0.644232
0.644251
0.644270
0.644289
0.644308
0.644327
0.644346
0.644364
0.644383
0.644402
0.644421
0.644440
0.644459
0.644478
0.644497
0.644516
0.644534
0.644553
0.644572
0.644591
0.644610
0.644629
0.644648
0.644667
0.644686
0.644705
0.644724
0.644742
0.644761
0.644780
0.644799
0.644818
0.644837
0.644856
0.644875
0.644894
0.644913
0.644932
0.644950
0.644969
0.644988
0.645007
0.645026
0.645045
0.645064
0.645083
0.645102
0.645121
0.645139
0.645158
0.645177
0.645196
0.645215
0.645234
0.645253
0.645272
0.645291
0.645310
0.645329
0.645348
0.645366
0.645385
0.645404
0.645423
0.645442
0.645461
0.645480
0.645499
0.645518
0.645537
0.645556
0.645575
0.645594
0.645612
0.645631
0.645650
0.645669
0.645688
0.645707
0.645726
0.645745
0.645764
0.645783
0.645802
0.645821
0.645840
0.645858
0.645877
0.645896
0.645915
0.645934
0.645953
0.645972
0.645991
0.646010
0.646029
0.646048
0.646067
0.646086
0.646105
0.646124
0.646143
0.646161
0.646180
0.646199
0.646218
0.646237
0.646256
0.646275
0.646294
0.646313
0.646332
0.646351
0.646370
0.646389
0.646408
0.646427
0.646446
0.646465
0.646483
0.646502
0.646521
0.646540
0.646559
0.646578
0.646597
0.646616
0.646635
0.646654
0.646673
0.646692
0.646711
0.646730
0.646749
0.646768
0.646787
0.646806
0.646825
0.646844
0.646862
0.646881
0.646900
0.646919
0.646938
0.646957
0.646976
0.646995
0.647014
0.647033
0.647052
0.647071
0.647090
0.647109
0.647128
0.647147
0.647166
0.647185
0.647204
0.647223
0.647242
0.647261
0.647280
0.647299
0.647318
0.647337
0.647355
0.647374
0.647393
0.647412
0.647431
0.647450
0.647469
0.647488
0.647507
0.647526
0.647545
0.647564
0.647583
0.647602
0.647621
0.647640
0.647659
0.647678
0.647697
0.647716
0.647735
0.647754
0.647773
0.647792
0.647811
0.647830
0.647849
0.647868
0.647887
0.647906
0.647925
0.647944
0.647963
0.647982
0.648001
0.648020
0.648039
0.648058
0.648077
0.648096
0.648114
0.648133
0.648152
0.648171
0.648190
0.648209
0.648228
0.648247
0.648266
0.648285
0.648304
0.648323
0.648342
0.648361
0.648380
0.648399
0.648418
0.648437
0.648456
0.648475
0.648494
0.648513
0.648532
0.648551
0.648570
0.648589
0.648608
0.648627
0.648646
0.648665
0.648684
0.648703
0.648722
0.648741
0.648760
0.648779
0.648798
0.648817
0.648836
0.648855
0.648874
0.648893
0.648912
0.648931
0.648950
0.648969
0.648988
0.649007
0.649026
0.649045
0.649064
0.649083
0.649102
0.649121
0.649140
0.649159
0.649178
0.649197
0.649216
0.649235
0.649254
0.649273
0.649292
0.649311
0.649330
0.649350
0.649368
0.649387
0.649407
0.649426
0.649445
0.649464
0.649483
0.649502
0.649521
0.649540
0.649559
0.649578
0.649597
0.649616
0.649635
0.649654
0.649673
0.649692
0.649711
0.649730
0.649749
0.649768
0.649787
0.649806
0.649825
0.649844
0.649863
0.649882
0.649901
0.649920
0.649939
0.649958
0.649977
0.649996
0.650015
0.650034
0.650053
0.650072
0.650091
0.650110
0.650129
0.650148
0.650168
0.650187
0.650206
0.650225
0.650244
0.650263
0.650282
0.650301
0.650320
0.650339
0.650358
0.650377
0.650396
0.650415
0.650434
0.650453
0.650472
0.650491
0.650510
0.650529
0.650548
0.650567
0.650586
0.650605
0.650624
0.650644
0.650663
0.650682
0.650701
0.650720
0.650739
0.650758
0.650777
0.650796
0.650815
0.650834
0.650853
0.650872
0.650891
0.650910
0.650929
0.650948
0.650967
0.650986
0.651005
0.651024
0.651044
0.651063
0.651082
0.651101
0.651120
0.651139
0.651158
0.651177
0.651196
0.651215
0.651234
0.651253
0.651272
0.651291
0.651310
0.651329
0.651349
0.651367
0.651387
0.651406
0.651425
0.651444
0.651463
0.651482
0.651501
0.651520
0.651539
0.651558
0.651577
0.651596
0.651615
0.651634
0.651654
0.651673
0.651692
0.651711
0.651730
0.651749
0.651768
0.651787
0.651806
0.651825
0.651844
0.651863
0.651882
0.651901
0.651921
0.651940
0.651959
0.651978
0.651997
0.652016
0.652035
0.652054
0.652073
0.652092
0.652111
0.652130
0.652150
0.652169
0.652188
0.652207
0.652226
0.652245
0.652264
0.652283
0.652302
0.652321
0.652340
0.652360
0.652378
0.652398
0.652417
0.652436
0.652455
0.652474
0.652493
0.652512
0.652531
0.652550
0.652569
0.652589
0.652608
0.652627
0.652646
0.652665
0.652684
0.652703
0.652722
0.652741
0.652760
0.652780
0.652799
0.652818
0.652837
0.652856
0.652875
0.652894
0.652913
0.652932
0.652951
0.652970
0.652990
0.653009
0.653028
0.653047
0.653066
0.653085
0.653104
0.653123
0.653142
0.653161
0.653181
0.653200
0.653219
0.653238
0.653257
0.653276
0.653295
0.653314
0.653333
0.653353
0.653372
0.653391
0.653410
0.653429
0.653448
0.653467
0.653486
0.653505
0.653525
0.653544
0.653563
0.653582
0.653601
0.653620
0.653639
0.653658
0.653678
0.653697
0.653716
0.653735
0.653754
0.653773
0.653792
0.653811
0.653830
0.653850
0.653869
0.653888
0.653907
0.653926
0.653945
0.653964
0.653983
0.654003
0.654022
0.654041
0.654060
0.654079
0.654098
0.654117
0.654136
0.654156
0.654175
0.654194
0.654213
0.654232
0.654251
0.654270
0.654290
0.654309
0.654328
0.654347
0.654366
0.654385
0.654404
0.654423
0.654443
0.654462
0.654481
0.654500
0.654519
0.654538
0.654557
0.654577
0.654596
0.654615
0.654634
0.654653
0.654672
0.654691
0.654711
0.654730
0.654749
0.654768
0.654787
0.654806
0.654825
0.654845
0.654864
0.654883
0.654902
0.654921
0.654940
0.654960
0.654979
0.654998
0.655017
0.655036
0.655055
0.655074
0.655093
0.655113
0.655132
0.655151
0.655170
0.655189
0.655209
0.655228
0.655247
0.655266
0.655285
0.655304
0.655323
0.655343
0.655362
0.655381
0.655400
0.655419
0.655438
0.655458
0.655477
0.655496
0.655515
0.655534
0.655553
0.655572
0.655592
0.655611
0.655630
0.655649
0.655668
0.655687
0.655707
0.655726
0.655745
0.655764
0.655783
0.655803
0.655822
0.655841
0.655860
0.655879
0.655898
0.655917
0.655937
0.655956
0.655975
0.655994
0.656013
0.656033
0.656052
0.656071
0.656090
0.656109
0.656128
0.656148
0.656167
0.656186
0.656205
0.656224
0.656243
0.656263
0.656282
0.656301
0.656320
0.656339
0.656359
0.656378
0.656397
0.656416
0.656435
0.656455
0.656474
0.656493
0.656512
0.656531
0.656550
0.656570
0.656589
0.656608
0.656627
0.656646
0.656665
0.656685
0.656704
0.656723
0.656742
0.656761
0.656781
0.656800
0.656819
0.656838
0.656857
0.656877
0.656896
0.656915
0.656934
0.656953
0.656973
0.656992
0.657011
0.657030
0.657049
0.657069
0.657088
0.657107
0.657126
0.657145
0.657165
0.657184
0.657203
0.657222
0.657241
0.657261
0.657280
0.657299
0.657318
0.657337
0.657357
0.657376
0.657395
0.657414
0.657433
0.657453
0.657472
0.657491
0.657510
0.657530
0.657549
0.657568
0.657587
0.657606
0.657626
0.657645
0.657664
0.657683
0.657702
0.657722
0.657741
0.657760
0.657779
0.657799
0.657818
0.657837
0.657856
0.657875
0.657895
0.657914
0.657933
0.657952
0.657972
0.657991
0.658010
0.658029
0.658048
0.658068
0.658087
0.658106
0.658125
0.658145
0.658164
0.658183
0.658202
0.658221
0.658241
0.658260
0.658279
0.658298
0.658318
0.658337
0.658356
0.658375
0.658394
0.658414
0.658433
0.658452
0.658471
0.658491
0.658510
0.658529
0.658548
0.658568
0.658587
0.658606
0.658625
0.658645
0.658664
0.658683
0.658702
0.658721
0.658741
0.658760
0.658779
0.658798
0.658818
0.658837
0.658856
0.658875
0.658895
0.658914
0.658933
0.658952
0.658972
0.658991
0.659010
0.659029
0.659049
0.659068
0.659087
0.659106
0.659126
0.659145
0.659164
0.659183
0.659203
0.659222
0.659241
0.659260
0.659280
0.659299
0.659318
0.659337
0.659357
0.659376
0.659395
0.659414
0.659434
0.659453
0.659472
0.659491
0.659511
0.659530
0.659549
0.659568
0.659588
0.659607
0.659626
0.659645
0.659665
0.659684
0.659703
0.659722
0.659742
0.659761
0.659780
0.659800
0.659819
0.659838
0.659857
0.659877
0.659896
0.659915
0.659934
0.659954
0.659973
0.659992
0.660012
0.660031
0.660050
0.660069
0.660089
0.660108
0.660127
0.660146
0.660166
0.660185
0.660204
0.660223
0.660243
0.660262
0.660281
0.660301
0.660320
0.660339
0.660358
0.660378
0.660397
0.660416
0.660436
0.660455
0.660474
0.660493
0.660513
0.660532
0.660551
0.660570
0.660590
0.660609
0.660628
0.660648
0.660667
0.660686
0.660705
0.660725
0.660744
0.660763
0.660783
0.660802
0.660821
0.660841
0.660860
0.660879
0.660898
0.660918
0.660937
0.660956
0.660975
0.660995
0.661014
0.661033
0.661053
0.661072
0.661091
0.661111
0.661130
0.661149
0.661169
0.661188
0.661207
0.661226
0.661246
0.661265
0.661284
0.661304
0.661323
0.661342
0.661362
0.661381
0.661400
0.661419
0.661439
0.661458
0.661477
0.661497
0.661516
0.661535
0.661554
0.661574
0.661593
0.661612
0.661632
0.661651
0.661670
0.661690
0.661709
0.661728
0.661748
0.661767
0.661786
0.661805
0.661825
0.661844
0.661863
0.661883
0.661902
0.661921
0.661941
0.661960
0.661979
0.661999
0.662018
0.662037
0.662057
0.662076
0.662095
0.662115
0.662134
0.662153
0.662173
0.662192
0.662211
0.662230
0.662250
0.662269
0.662289
0.662308
0.662327
0.662346
0.662366
0.662385
0.662404
0.662424
0.662443
0.662462
0.662482
0.662501
0.662520
0.662540
0.662559
0.662578
0.662598
0.662617
0.662636
0.662656
0.662675
0.662694
0.662714
0.662733
0.662752
0.662772
0.662791
0.662810
0.662830
0.662849
0.662868
0.662888
0.662907
0.662926
0.662946
0.662965
0.662985
0.663004
0.663023
0.663043
0.663062
0.663081
0.663100
0.663120
0.663139
0.663158
0.663178
0.663197
0.663217
0.663236
0.663255
0.663275
0.663294
0.663313
0.663333
0.663352
0.663371
0.663391
0.663410
0.663429
0.663449
0.663468
0.663488
0.663507
0.663526
0.663546
0.663565
0.663584
0.663604
0.663623
0.663642
0.663662
0.663681
0.663700
0.663720
0.663739
0.663758
0.663778
0.663797
0.663817
0.663836
0.663855
0.663875
0.663894
0.663913
0.663933
0.663952
0.663971
0.663991
0.664010
0.664029
0.664049
0.664068
0.664088
0.664107
0.664126
0.664146
0.664165
0.664184
0.664204
0.664223
0.664243
0.664262
0.664281
0.664301
0.664320
0.664339
0.664359
0.664378
0.664398
0.664417
0.664436
0.664456
0.664475
0.664494
0.664514
0.664533
0.664553
0.664572
0.664591
0.664611
0.664630
0.664649
0.664669
0.664688
0.664708
0.664727
0.664746
0.664766
0.664785
0.664804
0.664824
0.664843
0.664863
0.664882
0.664901
0.664921
0.664940
0.664960
0.664979
0.664998
0.665018
0.665037
0.665056
0.665076
0.665095
0.665115
0.665134
0.665153
0.665173
0.665192
0.665212
0.665231
0.665250
0.665270
0.665289
0.665309
0.665328
0.665347
0.665367
0.665386
0.665406
0.665425
0.665444
0.665464
0.665483
0.665503
0.665522
0.665541
0.665561
0.665580
0.665600
0.665619
0.665638
0.665658
0.665677
0.665697
0.665716
0.665735
0.665755
0.665774
0.665794
0.665813
0.665832
0.665852
0.665871
0.665891
0.665910
0.665930
0.665949
0.665968
0.665988
0.666007
0.666027
0.666046
0.666065
0.666085
0.666104
0.666124
0.666143
0.666162
0.666182
0.666201
0.666221
0.666240
0.666260
0.666279
0.666298
0.666318
0.666337
0.666357
0.666376
0.666395
0.666415
0.666434
0.666454
0.666473
0.666493
0.666512
0.666531
0.666551
0.666570
0.666590
0.666609
0.666629
0.666648
0.666667
0.666687
0.666706
0.666726
0.666745
0.666765
0.666784
0.666803
0.666823
0.666842
0.666862
0.666881
0.666901
0.666920
0.666939
0.666959
0.666978
0.666998
0.667017
0.667037
0.667056
0.667075
0.667095
0.667114
0.667134
0.667153
0.667173
0.667192
0.667212
0.667231
0.667250
0.667270
0.667289
0.667309
0.667328
0.667348
0.667367
0.667387
0.667406
0.667425
0.667445
0.667464
0.667484
0.667503
0.667523
0.667542
0.667562
0.667581
0.667600
0.667620
0.667639
0.667659
0.667678
0.667698
0.667717
0.667737
0.667756
0.667776
0.667795
0.667815
0.667834
0.667853
0.667873
0.667892
0.667912
0.667931
0.667951
0.667970
0.667990
0.668009
0.668028
0.668048
0.668067
0.668087
0.668106
0.668126
0.668145
0.668165
0.668184
0.668204
0.668223
0.668243
0.668262
0.668281
0.668301
0.668320
0.668340
0.668359
0.668379
0.668398
0.668418
0.668437
0.668457
0.668476
0.668496
0.668515
0.668535
0.668554
0.668574
0.668593
0.668612
0.668632
0.668651
0.668671
0.668690
0.668710
0.668729
0.668749
0.668768
0.668788
0.668807
0.668827
0.668846
0.668866
0.668885
0.668905
0.668924
0.668944
0.668963
0.668983
0.669002
0.669022
0.669041
0.669060
0.669080
0.669100
0.669119
0.669138
0.669158
0.669177
0.669197
0.669216
0.669236
0.669255
0.669275
0.669294
0.669314
0.669333
0.669353
0.669372
0.669392
0.669411
0.669431
0.669450
0.669470
0.669489
0.669509
0.669528
0.669548
0.669567
0.669587
0.669606
0.669626
0.669645
0.669665
0.669684
0.669704
0.669723
0.669743
0.669762
0.669782
0.669801
0.669821
0.669840
0.669860
0.669879
0.669899
0.669918
0.669938
0.669957
0.669977
0.669996
0.670016
0.670035
0.670055
0.670074
0.670094
0.670113
0.670133
0.670152
0.670172
0.670191
0.670211
0.670231
0.670250
0.670269
0.670289
0.670309
0.670328
0.670348
0.670367
0.670387
0.670406
0.670426
0.670445
0.670465
0.670484
0.670504
0.670523
0.670543
0.670562
0.670582
0.670601
0.670621
0.670640
0.670660
0.670679
0.670699
0.670718
0.670738
0.670757
0.670777
0.670797
0.670816
0.670836
0.670855
0.670875
0.670894
0.670914
0.670933
0.670953
0.670972
0.670992
0.671011
0.671031
0.671050
0.671070
0.671090
0.671109
0.671128
0.671148
0.671168
0.671187
0.671207
0.671226
0.671246
0.671265
0.671285
0.671304
0.671324
0.671343
0.671363
0.671382
0.671402
0.671422
0.671441
0.671461
0.671480
0.671500
0.671519
0.671539
0.671558
0.671578
0.671597
0.671617
0.671637
0.671656
0.671676
0.671695
0.671715
0.671734
0.671754
0.671773
0.671793
0.671812
0.671832
0.671852
0.671871
0.671891
0.671910
0.671930
0.671949
0.671969
0.671988
0.672008
0.672028
0.672047
0.672067
0.672086
0.672106
0.672125
0.672145
0.672164
0.672184
0.672204
0.672223
0.672243
0.672262
0.672282
0.672301
0.672321
0.672341
0.672360
0.672380
0.672399
0.672419
0.672438
0.672458
0.672477
0.672497
0.672517
0.672536
0.672556
0.672575
0.672595
0.672614
0.672634
0.672654
0.672673
0.672693
0.672712
0.672732
0.672751
0.672771
0.672791
0.672810
0.672830
0.672849
0.672869
0.672888
0.672908
0.672928
0.672947
0.672967
0.672986
0.673006
0.673025
0.673045
0.673065
0.673084
0.673104
0.673123
0.673143
0.673162
0.673182
0.673202
0.673221
0.673241
0.673260
0.673280
0.673300
0.673319
0.673339
0.673358
0.673378
0.673398
0.673417
0.673437
0.673456
0.673476
0.673495
0.673515
0.673535
0.673554
0.673574
0.673593
0.673613
0.673633
0.673652
0.673672
0.673691
0.673711
0.673731
0.673750
0.673770
0.673789
0.673809
0.673829
0.673848
0.673868
0.673887
0.673907
0.673926
0.673946
0.673966
0.673985
0.674005
0.674024
0.674044
0.674064
0.674083
0.674103
0.674123
0.674142
0.674162
0.674181
0.674201
0.674221
0.674240
0.674260
0.674279
0.674299
0.674319
0.674338
0.674358
0.674377
0.674397
0.674417
0.674436
0.674456
0.674475
0.674495
0.674515
0.674534
0.674554
0.674574
0.674593
0.674613
0.674632
0.674652
0.674672
0.674691
0.674711
0.674730
0.674750
0.674770
0.674789
0.674809
0.674829
0.674848
0.674868
0.674887
0.674907
0.674927
0.674946
0.674966
0.674986
0.675005
0.675025
0.675044
0.675064
0.675084
0.675103
0.675123
0.675143
0.675162
0.675182
0.675202
0.675221
0.675241
0.675260
0.675280
0.675300
0.675319
0.675339
0.675359
0.675378
0.675398
0.675417
0.675437
0.675457
0.675476
0.675496
0.675516
0.675535
0.675555
0.675575
0.675594
0.675614
0.675634
0.675653
0.675673
0.675692
0.675712
0.675732
0.675751
0.675771
0.675791
0.675810
0.675830
0.675850
0.675869
0.675889
0.675908
0.675928
0.675948
0.675967
0.675987
0.676007
0.676026
0.676046
0.676066
0.676085
0.676105
0.676125
0.676144
0.676164
0.676184
0.676203
0.676223
0.676243
0.676262
0.676282
0.676301
0.676321
0.676341
0.676360
0.676380
0.676400
0.676419
0.676439
0.676459
0.676478
0.676498
0.676518
0.676537
0.676557
0.676577
0.676596
0.676616
0.676636
0.676655
0.676675
0.676695
0.676714
0.676734
0.676754
0.676773
0.676793
0.676813
0.676832
0.676852
0.676872
0.676891
0.676911
0.676931
0.676950
0.676970
0.676990
0.677009
0.677029
0.677049
0.677068
0.677088
0.677108
0.677127
0.677147
0.677167
0.677187
0.677206
0.677226
0.677246
0.677265
0.677285
0.677305
0.677324
0.677344
0.677364
0.677383
0.677403
0.677423
0.677442
0.677462
0.677482
0.677501
0.677521
0.677541
0.677560
0.677580
0.677600
0.677620
0.677639
0.677659
0.677679
0.677698
0.677718
0.677738
0.677757
0.677777
0.677797
0.677816
0.677836
0.677856
0.677875
0.677895
0.677915
0.677935
0.677954
0.677974
0.677994
0.678013
0.678033
0.678053
0.678072
0.678092
0.678112
0.678131
0.678151
0.678171
0.678191
0.678210
0.678230
0.678250
0.678269
0.678289
0.678309
0.678328
0.678348
0.678368
0.678388
0.678407
0.678427
0.678447
0.678466
0.678486
0.678506
0.678526
0.678545
0.678565
0.678585
0.678604
0.678624
0.678644
0.678664
0.678683
0.678703
0.678723
0.678742
0.678762
0.678782
0.678802
0.678821
0.678841
0.678861
0.678880
0.678900
0.678920
0.678939
0.678959
0.678979
0.678999
0.679018
0.679038
0.679058
0.679078
0.679097
0.679117
0.679137
0.679156
0.679176
0.679196
0.679216
0.679235
0.679255
0.679275
0.679294
0.679314
0.679334
0.679354
0.679373
0.679393
0.679413
0.679433
0.679452
0.679472
0.679492
0.679512
0.679531
0.679551
0.679571
0.679590
0.679610
0.679630
0.679650
0.679669
0.679689
0.679709
0.679729
0.679748
0.679768
0.679788
0.679808
0.679827
0.679847
0.679867
0.679886
0.679906
0.679926
0.679946
0.679966
0.679985
0.680005
0.680025
0.680044
0.680064
0.680084
0.680104
0.680123
0.680143
0.680163
0.680183
0.680202
0.680222
0.680242
0.680262
0.680281
0.680301
0.680321
0.680341
0.680360
0.680380
0.680400
0.680420
0.680439
0.680459
0.680479
0.680499
0.680518
0.680538
0.680558
0.680578
0.680597
0.680617
0.680637
0.680657
0.680676
0.680696
0.680716
0.680736
0.680755
0.680775
0.680795
0.680815
0.680835
0.680854
0.680874
0.680894
0.680914
0.680933
0.680953
0.680973
0.680993
0.681012
0.681032
0.681052
0.681072
0.681092
0.681111
0.681131
0.681151
0.681171
0.681190
0.681210
0.681230
0.681250
0.681270
0.681289
0.681309
0.681329
0.681349
0.681368
0.681388
0.681408
0.681428
0.681447
0.681467
0.681487
0.681507
0.681527
0.681546
0.681566
0.681586
0.681606
0.681625
0.681645
0.681665
0.681685
0.681704
0.681724
0.681744
0.681764
0.681784
0.681803
0.681823
0.681843
0.681863
0.681883
0.681902
0.681922
0.681942
0.681962
0.681982
0.682001
0.682021
0.682041
0.682061
0.682081
0.682100
0.682120
0.682140
0.682160
0.682179
0.682199
0.682219
0.682239
0.682259
0.682278
0.682298
0.682318
0.682338
0.682358
0.682378
0.682397
0.682417
0.682437
0.682457
0.682476
0.682496
0.682516
0.682536
0.682556
0.682575
0.682595
0.682615
0.682635
0.682655
0.682674
0.682694
0.682714
0.682734
0.682754
0.682774
0.682793
0.682813
0.682833
0.682853
0.682873
0.682892
0.682912
0.682932
0.682952
0.682972
0.682991
0.683011
0.683031
0.683051
0.683071
0.683091
0.683110
0.683130
0.683150
0.683170
0.683190
0.683209
0.683229
0.683249
0.683269
0.683289
0.683308
0.683328
0.683348
0.683368
0.683388
0.683408
0.683427
0.683447
0.683467
0.683487
0.683507
0.683527
0.683546
0.683566
0.683586
0.683606
0.683626
0.683646
0.683665
0.683685
0.683705
0.683725
0.683745
0.683765
0.683784
0.683804
0.683824
0.683844
0.683864
0.683883
0.683903
0.683923
0.683943
0.683963
0.683983
0.684003
0.684022
0.684042
0.684062
0.684082
0.684102
0.684122
0.684141
0.684161
0.684181
0.684201
0.684221
0.684241
0.684260
0.684280
0.684300
0.684320
0.684340
0.684360
0.684380
0.684399
0.684419
0.684439
0.684459
0.684479
0.684499
0.684518
0.684538
0.684558
0.684578
0.684598
0.684618
0.684638
0.684657
0.684677
0.684697
0.684717
0.684737
0.684757
0.684776
0.684796
0.684816
0.684836
0.684856
0.684876
0.684896
0.684916
0.684935
0.684955
0.684975
0.684995
0.685015
0.685035
0.685055
0.685074
0.685094
0.685114
0.685134
0.685154
0.685174
0.685193
0.685213
0.685233
0.685253
0.685273
0.685293
0.685313
0.685333
0.685353
0.685372
0.685392
0.685412
0.685432
0.685452
0.685472
0.685492
0.685511
0.685531
0.685551
0.685571
0.685591
0.685611
0.685631
0.685651
0.685670
0.685690
0.685710
0.685730
0.685750
0.685770
0.685790
0.685810
0.685829
0.685849
0.685869
0.685889
0.685909
0.685929
0.685949
0.685969
0.685988
0.686008
0.686028
0.686048
0.686068
0.686088
0.686108
0.686128
0.686148
0.686167
0.686187
0.686207
0.686227
0.686247
0.686267
0.686287
0.686307
0.686327
0.686346
0.686366
0.686386
0.686406
0.686426
0.686446
0.686466
0.686486
0.686506
0.686526
0.686545
0.686565
0.686585
0.686605
0.686625
0.686645
0.686665
0.686685
0.686705
0.686725
0.686744
0.686764
0.686784
0.686804
0.686824
0.686844
0.686864
0.686884
0.686904
0.686924
0.686943
0.686963
0.686983
0.687003
0.687023
0.687043
0.687063
0.687083
0.687103
0.687123
0.687143
0.687163
0.687182
0.687202
0.687222
0.687242
0.687262
0.687282
0.687302
0.687322
0.687342
0.687362
0.687381
0.687401
0.687421
0.687441
0.687461
0.687481
0.687501
0.687521
0.687541
0.687561
0.687581
0.687601
0.687621
0.687640
0.687660
0.687680
0.687700
0.687720
0.687740
0.687760
0.687780
0.687800
0.687820
0.687840
0.687860
0.687880
0.687899
0.687919
0.687939
0.687959
0.687979
0.687999
0.688019
0.688039
0.688059
0.688079
0.688099
0.688119
0.688139
0.688159
0.688179
0.688198
0.688218
0.688238
0.688258
0.688278
0.688298
0.688318
0.688338
0.688358
0.688378
0.688398
0.688418
0.688438
0.688458
0.688478
0.688498
0.688517
0.688537
0.688557
0.688577
0.688597
0.688617
0.688637
0.688657
0.688677
0.688697
0.688717
0.688737
0.688757
0.688777
0.688797
0.688817
0.688837
0.688857
0.688877
0.688896
0.688916
0.688936
0.688956
0.688976
0.688996
0.689016
0.689036
0.689056
0.689076
0.689096
0.689116
0.689136
0.689156
0.689176
0.689196
0.689216
0.689236
0.689256
0.689276
0.689296
0.689316
0.689335
0.689355
0.689375
0.689395
0.689415
0.689435
0.689455
0.689475
0.689495
0.689515
0.689535
0.689555
0.689575
0.689595
0.689615
0.689635
0.689655
0.689675
0.689695
0.689715
0.689735
0.689755
0.689775
0.689795
0.689815
0.689835
0.689855
0.689875
0.689895
0.689915
0.689935
0.689955
0.689975
0.689994
0.690014
0.690034
0.690054
0.690074
0.690094
0.690114
0.690134
0.690154
0.690174
0.690194
0.690214
0.690234
0.690254
0.690274
0.690294
0.690314
0.690334
0.690354
0.690374
0.690394
0.690414
0.690434
0.690454
0.690474
0.690494
0.690514
0.690534
0.690554
0.690574
0.690594
0.690614
0.690634
0.690654
0.690674
0.690694
0.690714
0.690734
0.690754
0.690774
0.690794
0.690814
0.690834
0.690854
0.690874
0.690894
0.690914
0.690934
0.690954
0.690974
0.690994
0.691014
0.691034
0.691054
0.691074
0.691094
0.691114
0.691134
0.691154
0.691174
0.691194
0.691214
0.691234
0.691254
0.691274
0.691294
0.691314
0.691334
0.691354
0.691374
0.691394
0.691414
0.691434
0.691454
0.691474
0.691494
0.691514
0.691534
0.691554
0.691574
0.691594
0.691614
0.691634
0.691654
0.691674
0.691694
0.691714
0.691734
0.691754
0.691774
0.691794
0.691814
0.691834
0.691854
0.691874
0.691894
0.691914
0.691934
0.691954
0.691974
0.691995
0.692015
0.692035
0.692055
0.692075
0.692095
0.692115
0.692135
0.692155
0.692175
0.692195
0.692215
0.692235
0.692255
0.692275
0.692295
0.692315
0.692335
0.692355
0.692375
0.692395
0.692415
0.692435
0.692455
0.692475
0.692495
0.692515
0.692535
0.692555
0.692575
0.692595
0.692616
0.692636
0.692656
0.692676
0.692696
0.692716
0.692736
0.692756
0.692776
0.692796
0.692816
0.692836
0.692856
0.692876
0.692896
0.692916
0.692936
0.692956
0.692976
0.692996
0.693016
0.693036
0.693056
0.693076
0.693097
0.693117
0.693137
0.693157
0.693177
0.693197
0.693217
0.693237
0.693257
0.693277
0.693297
0.693317
0.693337
0.693357
0.693377
0.693397
0.693417
0.693437
0.693457
0.693478
0.693498
0.693518
0.693538
0.693558
0.693578
0.693598
0.693618
0.693638
0.693658
0.693678
0.693698
0.693718
0.693738
0.693758
0.693778
0.693799
0.693819
0.693839
0.693859
0.693879
0.693899
0.693919
0.693939
0.693959
0.693979
0.693999
0.694019
0.694039
0.694059
0.694080
0.694100
0.694120
0.694140
0.694160
0.694180
0.694200
0.694220
0.694240
0.694260
0.694280
0.694300
0.694320
0.694341
0.694361
0.694381
0.694401
0.694421
0.694441
0.694461
0.694481
0.694501
0.694521
0.694541
0.694561
0.694581
0.694602
0.694622
0.694642
0.694662
0.694682
0.694702
0.694722
0.694742
0.694762
0.694782
0.694802
0.694823
0.694843
0.694863
0.694883
0.694903
0.694923
0.694943
0.694963
0.694983
0.695003
0.695023
0.695044
0.695064
0.695084
0.695104
0.695124
0.695144
0.695164
0.695184
0.695204
0.695224
0.695245
0.695265
0.695285
0.695305
0.695325
0.695345
0.695365
0.695385
0.695405
0.695425
0.695446
0.695466
0.695486
0.695506
0.695526
0.695546
0.695566
0.695586
0.695606
0.695626
0.695647
0.695667
0.695687
0.695707
0.695727
0.695747
0.695767
0.695787
0.695807
0.695828
0.695848
0.695868
0.695888
0.695908
0.695928
0.695948
0.695968
0.695988
0.696009
0.696029
0.696049
0.696069
0.696089
0.696109
0.696129
0.696150
0.696170
0.696190
0.696210
0.696230
0.696250
0.696270
0.696290
0.696311
0.696331
0.696351
0.696371
0.696391
0.696411
0.696431
0.696451
0.696471
0.696492
0.696512
0.696532
0.696552
0.696572
0.696592
0.696612
0.696632
0.696653
0.696673
0.696693
0.696713
0.696733
0.696753
0.696773
0.696794
0.696814
0.696834
0.696854
0.696874
0.696894
0.696914
0.696935
0.696955
0.696975
0.696995
0.697015
0.697035
0.697055
0.697075
0.697096
0.697116
0.697136
0.697156
0.697176
0.697196
0.697216
0.697237
0.697257
0.697277
0.697297
0.697317
0.697337
0.697358
0.697378
0.697398
0.697418
0.697438
0.697458
0.697478
0.697499
0.697519
0.697539
0.697559
0.697579
0.697599
0.697620
0.697640
0.697660
0.697680
0.697700
0.697720
0.697740
0.697761
0.697781
0.697801
0.697821
0.697841
0.697861
0.697882
0.697902
0.697922
0.697942
0.697962
0.697982
0.698003
0.698023
0.698043
0.698063
0.698083
0.698103
0.698123
0.698144
0.698164
0.698184
0.698204
0.698224
0.698245
0.698265
0.698285
0.698305
0.698325
0.698345
0.698365
0.698386
0.698406
0.698426
0.698446
0.698466
0.698487
0.698507
0.698527
0.698547
0.698567
0.698587
0.698608
0.698628
0.698648
0.698668
0.698688
0.698709
0.698729
0.698749
0.698769
0.698789
0.698809
0.698830
0.698850
0.698870
0.698890
0.698910
0.698931
0.698951
0.698971
0.698991
0.699011
0.699031
0.699052
0.699072
0.699092
0.699112
0.699132
0.699153
0.699173
0.699193
0.699213
0.699233
0.699253
0.699274
0.699294
0.699314
0.699334
0.699354
0.699375
0.699395
0.699415
0.699435
0.699455
0.699476
0.699496
0.699516
0.699536
0.699557
0.699577
0.699597
0.699617
0.699637
0.699657
0.699678
0.699698
0.699718
0.699738
0.699759
0.699779
0.699799
0.699819
0.699839
0.699860
0.699880
0.699900
0.699920
0.699940
0.699961
0.699981
0.700001
0.700021
0.700041
0.700062
0.700082
0.700102
0.700122
0.700142
0.700163
0.700183
0.700203
0.700223
0.700243
0.700264
0.700284
0.700304
0.700324
0.700345
0.700365
0.700385
0.700405
0.700425
0.700446
0.700466
0.700486
0.700506
0.700527
0.700547
0.700567
0.700587
0.700607
0.700628
0.700648
0.700668
0.700688
0.700709
0.700729
0.700749
0.700769
0.700790
0.700810
0.700830
0.700850
0.700870
0.700891
0.700911
0.700931
0.700951
0.700972
0.700992
0.701012
0.701032
0.701053
0.701073
0.701093
0.701113
0.701133
0.701154
0.701174
0.701194
0.701214
0.701235
0.701255
0.701275
0.701295
0.701316
0.701336
0.701356
0.701376
0.701397
0.701417
0.701437
0.701457
0.701478
0.701498
0.701518
0.701538
0.701558
0.701579
0.701599
0.701619
0.701640
0.701660
0.701680
0.701700
0.701721
0.701741
0.701761
0.701781
0.701802
0.701822
0.701842
0.701862
0.701883
0.701903
0.701923
0.701943
0.701964
0.701984
0.702004
0.702024
0.702045
0.702065
0.702085
0.702105
0.702126
0.702146
0.702166
0.702186
0.702207
0.702227
0.702247
0.702267
0.702288
0.702308
0.702328
0.702349
0.702369
0.702389
0.702409
0.702430
0.702450
0.702470
0.702490
0.702511
0.702531
0.702551
0.702571
0.702592
0.702612
0.702632
0.702653
0.702673
0.702693
0.702713
0.702734
0.702754
0.702774
0.702794
0.702815
0.702835
0.702855
0.702876
0.702896
0.702916
0.702936
0.702957
0.702977
0.702997
0.703017
0.703038
0.703058
0.703078
0.703099
0.703119
0.703139
0.703159
0.703180
0.703200
0.703220
0.703241
0.703261
0.703281
0.703301
0.703322
0.703342
0.703362
0.703383
0.703403
0.703423
0.703443
0.703464
0.703484
0.703504
0.703525
0.703545
0.703565
0.703586
0.703606
0.703626
0.703646
0.703667
0.703687
0.703707
0.703728
0.703748
0.703768
0.703788
0.703809
0.703829
0.703849
0.703870
0.703890
0.703910
0.703931
0.703951
0.703971
0.703991
0.704012
0.704032
0.704052
0.704073
0.704093
0.704113
0.704134
0.704154
0.704174
0.704195
0.704215
0.704235
0.704255
0.704276
0.704296
0.704316
0.704337
0.704357
0.704377
0.704398
0.704418
0.704438
0.704459
0.704479
0.704499
0.704519
0.704540
0.704560
0.704580
0.704601
0.704621
0.704641
0.704662
0.704682
0.704702
0.704723
0.704743
0.704763
0.704784
0.704804
0.704824
0.704845
0.704865
0.704885
0.704906
0.704926
0.704946
0.704966
0.704987
0.705007
0.705028
0.705048
0.705068
0.705088
0.705109
0.705129
0.705149
0.705170
0.705190
0.705210
0.705231
0.705251
0.705271
0.705292
0.705312
0.705332
0.705353
0.705373
0.705393
0.705414
0.705434
0.705454
0.705475
0.705495
0.705515
0.705536
0.705556
0.705576
0.705597
0.705617
0.705638
0.705658
0.705678
0.705699
0.705719
0.705739
0.705759
0.705780
0.705800
0.705821
0.705841
0.705861
0.705882
0.705902
0.705922
0.705943
0.705963
0.705983
0.706004
0.706024
0.706044
0.706065
0.706085
0.706105
0.706126
0.706146
0.706167
0.706187
0.706207
0.706228
0.706248
0.706268
0.706289
0.706309
0.706329
0.706350
0.706370
0.706390
0.706411
0.706431
0.706452
0.706472
0.706492
0.706513
0.706533
0.706553
0.706574
0.706594
0.706614
0.706635
0.706655
0.706675
0.706696
0.706716
0.706737
0.706757
0.706777
0.706798
0.706818
0.706838
0.706859
0.706879
0.706900
0.706920
0.706940
0.706961
0.706981
0.707001
0.707022
0.707042
0.707062
0.707083
0.707103
0.707124
0.707144
0.707164
0.707185
0.707205
0.707225
0.707246
0.707266
0.707287
0.707307
0.707327
0.707348
0.707368
0.707388
0.707409
0.707429
0.707450
0.707470
0.707490
0.707511
0.707531
0.707552
0.707572
0.707592
0.707613
0.707633
0.707653
0.707674
0.707694
0.707715
0.707735
0.707755
0.707776
0.707796
0.707817
0.707837
0.707857
0.707878
0.707898
0.707919
0.707939
0.707959
0.707980
0.708000
0.708021
0.708041
0.708061
0.708082
0.708102
0.708122
0.708143
0.708163
0.708184
0.708204
0.708225
0.708245
0.708265
0.708286
0.708306
0.708327
0.708347
0.708367
0.708388
0.708408
0.708428
0.708449
0.708469
0.708490
0.708510
0.708530
0.708551
0.708571
0.708592
0.708612
0.708633
0.708653
0.708673
0.708694
0.708714
0.708735
0.708755
0.708776
0.708796
0.708816
0.708837
0.708857
0.708877
0.708898
0.708918
0.708939
0.708959
0.708980
0.709000
0.709020
0.709041
0.709061
0.709082
0.709102
0.709123
0.709143
0.709163
0.709184
0.709204
0.709225
0.709245
0.709265
0.709286
0.709306
0.709327
0.709347
0.709368
0.709388
0.709409
0.709429
0.709449
0.709470
0.709490
0.709511
0.709531
0.709552
0.709572
0.709592
0.709613
0.709633
0.709654
0.709674
0.709694
0.709715
0.709735
0.709756
0.709776
0.709797
0.709817
0.709838
0.709858
0.709878
0.709899
0.709919
0.709940
0.709960
0.709981
0.710001
0.710022
0.710042
0.710062
0.710083
0.710103
0.710124
0.710144
0.710165
0.710185
0.710206
0.710226
0.710246
0.710267
0.710287
0.710308
0.710328
0.710349
0.710369
0.710390
0.710410
0.710430
0.710451
0.710471
0.710492
0.710512
0.710533
0.710553
0.710574
0.710594
0.710615
0.710635
0.710655
0.710676
0.710696
0.710717
0.710737
0.710758
0.710778
0.710799
0.710819
0.710840
0.710860
0.710880
0.710901
0.710921
0.710942
0.710962
0.710983
0.711003
0.711024
0.711044
0.711065
0.711085
0.711106
0.711126
0.711146
0.711167
0.711187
0.711208
0.711228
0.711249
0.711269
0.711290
0.711310
0.711331
0.711351
0.711372
0.711392
0.711413
0.711433
0.711454
0.711474
0.711494
0.711515
0.711536
0.711556
0.711576
0.711597
0.711617
0.711638
0.711658
0.711679
0.711699
0.711720
0.711740
0.711761
0.711781
0.711802
0.711822
0.711843
0.711863
0.711884
0.711904
0.711925
0.711945
0.711966
0.711986
0.712007
0.712027
0.712048
0.712068
0.712089
0.712109
0.712129
0.712150
0.712171
0.712191
0.712211
0.712232
0.712252
0.712273
0.712293
0.712314
0.712334
0.712355
0.712375
0.712396
0.712416
0.712437
0.712457
0.712478
0.712498
0.712519
0.712539
0.712560
0.712580
0.712601
0.712621
0.712642
0.712662
0.712683
0.712703
0.712724
0.712744
0.712765
0.712785
0.712806
0.712826
0.712847
0.712867
0.712888
0.712908
0.712929
0.712949
0.712970
0.712991
0.713011
0.713031
0.713052
0.713073
0.713093
0.713114
0.713134
0.713155
0.713175
0.713196
0.713216
0.713237
0.713257
0.713278
0.713298
0.713319
0.713339
0.713360
0.713380
0.713401
0.713421
0.713442
0.713462
0.713483
0.713503
0.713524
0.713544
0.713565
0.713585
0.713606
0.713627
0.713647
0.713668
0.713688
0.713709
0.713729
0.713750
0.713770
0.713791
0.713811
0.713832
0.713852
0.713873
0.713893
0.713914
0.713934
0.713955
0.713976
0.713996
0.714017
0.714037
0.714058
0.714078
0.714099
0.714119
0.714140
0.714160
0.714181
0.714201
0.714222
0.714242
0.714263
0.714284
0.714304
0.714325
0.714345
0.714366
0.714386
0.714407
0.714427
0.714448
0.714468
0.714489
0.714510
0.714530
0.714551
0.714571
0.714592
0.714612
0.714633
0.714653
0.714674
0.714694
0.714715
0.714735
0.714756
0.714777
0.714797
0.714818
0.714838
0.714859
0.714879
0.714900
0.714920
0.714941
0.714962
0.714982
0.715003
0.715023
0.715044
0.715064
0.715085
0.715105
0.715126
0.715147
0.715167
0.715188
0.715208
0.715229
0.715249
0.715270
0.715291
0.715311
0.715332
0.715352
0.715373
0.715393
0.715414
0.715435
0.715455
0.715476
0.715496
0.715517
0.715537
0.715558
0.715578
0.715599
0.715620
0.715640
0.715661
0.715681
0.715702
0.715722
0.715743
0.715764
0.715784
0.715805
0.715825
0.715846
0.715867
0.715887
0.715908
0.715928
0.715949
0.715969
0.715990
0.716011
0.716031
0.716052
0.716072
0.716093
0.716113
0.716134
0.716155
0.716175
0.716196
0.716216
0.716237
0.716257
0.716278
0.716299
0.716319
0.716340
0.716360
0.716381
0.716402
0.716422
0.716443
0.716463
0.716484
0.716505
0.716525
0.716546
0.716566
0.716587
0.716608
0.716628
0.716649
0.716669
0.716690
0.716710
0.716731
0.716752
0.716772
0.716793
0.716813
0.716834
0.716855
0.716875
0.716896
0.716916
0.716937
0.716958
0.716978
0.716999
0.717019
0.717040
0.717061
0.717081
0.717102
0.717123
0.717143
0.717164
0.717184
0.717205
0.717226
0.717246
0.717267
0.717287
0.717308
0.717329
0.717349
0.717370
0.717390
0.717411
0.717432
0.717452
0.717473
0.717493
0.717514
0.717535
0.717555
0.717576
0.717597
0.717617
0.717638
0.717658
0.717679
0.717700
0.717720
0.717741
0.717761
0.717782
0.717803
0.717823
0.717844
0.717865
0.717885
0.717906
0.717926
0.717947
0.717968
0.717988
0.718009
0.718030
0.718050
0.718071
0.718091
0.718112
0.718133
0.718153
0.718174
0.718195
0.718215
0.718236
0.718256
0.718277
0.718298
0.718318
0.718339
0.718360
0.718380
0.718401
0.718422
0.718442
0.718463
0.718483
0.718504
0.718525
0.718545
0.718566
0.718587
0.718607
0.718628
0.718648
0.718669
0.718690
0.718710
0.718731
0.718752
0.718772
0.718793
0.718814
0.718834
0.718855
0.718875
0.718896
0.718917
0.718938
0.718958
0.718979
0.718999
0.719020
0.719041
0.719061
0.719082
0.719103
0.719123
0.719144
0.719165
0.719185
0.719206
0.719227
0.719247
0.719268
0.719289
0.719309
0.719330
0.719351
0.719371
0.719392
0.719413
0.719433
0.719454
0.719475
0.719495
0.719516
0.719536
0.719557
0.719578
0.719598
0.719619
0.719640
0.719660
0.719681
0.719702
0.719722
0.719743
0.719764
0.719784
0.719805
0.719826
0.719846
0.719867
0.719888
0.719908
0.719929
0.719950
0.719970
0.719991
0.720012
0.720032
0.720053
0.720074
0.720094
0.720115
0.720136
0.720156
0.720177
0.720198
0.720218
0.720239
0.720260
0.720281
0.720301
0.720322
0.720343
0.720363
0.720384
0.720405
0.720425
0.720446
0.720467
0.720487
0.720508
0.720529
0.720549
0.720570
0.720591
0.720611
0.720632
0.720653
0.720673
0.720694
0.720715
0.720736
0.720756
0.720777
0.720798
0.720818
0.720839
0.720860
0.720880
0.720901
0.720922
0.720942
0.720963
0.720984
0.721005
0.721025
0.721046
0.721067
0.721087
0.721108
0.721129
0.721149
0.721170
0.721191
0.721211
0.721232
0.721253
0.721274
0.721294
0.721315
0.721336
0.721356
0.721377
0.721398
0.721418
0.721439
0.721460
0.721481
0.721501
0.721522
0.721543
0.721563
0.721584
0.721605
0.721626
0.721646
0.721667
0.721688
0.721708
0.721729
0.721750
0.721771
0.721791
0.721812
0.721833
0.721853
0.721874
0.721895
0.721915
0.721936
0.721957
0.721978
0.721998
0.722019
0.722040
0.722060
0.722081
0.722102
0.722123
0.722143
0.722164
0.722185
0.722206
0.722226
0.722247
0.722268
0.722288
0.722309
0.722330
0.722351
0.722371
0.722392
0.722413
0.722433
0.722454
0.722475
0.722496
0.722516
0.722537
0.722558
0.722579
0.722599
0.722620
0.722641
0.722662
0.722682
0.722703
0.722724
0.722744
0.722765
0.722786
0.722807
0.722827
0.722848
0.722869
0.722890
0.722910
0.722931
0.722952
0.722972
0.722993
0.723014
0.723035
0.723055
0.723076
0.723097
0.723118
0.723138
0.723159
0.723180
0.723201
0.723221
0.723242
0.723263
0.723284
0.723304
0.723325
0.723346
0.723367
0.723387
0.723408
0.723429
0.723450
0.723470
0.723491
0.723512
0.723533
0.723553
0.723574
0.723595
0.723616
0.723636
0.723657
0.723678
0.723699
0.723719
0.723740
0.723761
0.723782
0.723802
0.723823
0.723844
0.723865
0.723885
0.723906
0.723927
0.723948
0.723968
0.723989
0.724010
0.724031
0.724052
0.724072
0.724093
0.724114
0.724135
0.724155
0.724176
0.724197
0.724218
0.724238
0.724259
0.724280
0.724301
0.724322
0.724342
0.724363
0.724384
0.724405
0.724425
0.724446
0.724467
0.724488
0.724508
0.724529
0.724550
0.724571
0.724592
0.724612
0.724633
0.724654
0.724675
0.724695
0.724716
0.724737
0.724758
0.724779
0.724799
0.724820
0.724841
0.724862
0.724882
0.724903
0.724924
0.724945
0.724966
0.724986
0.725007
0.725028
0.725049
0.725069
0.725090
0.725111
0.725132
0.725153
0.725173
0.725194
0.725215
0.725236
0.725257
0.725277
0.725298
0.725319
0.725340
0.725361
0.725381
0.725402
0.725423
0.725444
0.725465
0.725485
0.725506
0.725527
0.725548
0.725569
0.725589
0.725610
0.725631
0.725652
0.725673
0.725693
0.725714
0.725735
0.725756
0.725777
0.725797
0.725818
0.725839
0.725860
0.725880
0.725901
0.725922
0.725943
0.725964
0.725984
0.726005
0.726026
0.726047
0.726068
0.726089
0.726109
0.726130
0.726151
0.726172
0.726193
0.726213
0.726234
0.726255
0.726276
0.726297
0.726318
0.726338
0.726359
0.726380
0.726401
0.726422
0.726442
0.726463
0.726484
0.726505
0.726526
0.726546
0.726567
0.726588
0.726609
0.726630
0.726651
0.726671
0.726692
0.726713
0.726734
0.726755
0.726776
0.726796
0.726817
0.726838
0.726859
0.726880
0.726900
0.726921
0.726942
0.726963
0.726984
0.727005
0.727025
0.727046
0.727067
0.727088
0.727109
0.727130
0.727150
0.727171
0.727192
0.727213
0.727234
0.727255
0.727275
0.727296
0.727317
0.727338
0.727359
0.727380
0.727401
0.727421
0.727442
0.727463
0.727484
0.727505
0.727526
0.727546
0.727567
0.727588
0.727609
0.727630
0.727651
0.727671
0.727692
0.727713
0.727734
0.727755
0.727776
0.727797
0.727817
0.727838
0.727859
0.727880
0.727901
0.727922
0.727943
0.727963
0.727984
0.728005
0.728026
0.728047
0.728068
0.728088
0.728109
0.728130
0.728151
0.728172
0.728193
0.728214
0.728235
0.728255
0.728276
0.728297
0.728318
0.728339
0.728360
0.728380
0.728401
0.728422
0.728443
0.728464
0.728485
0.728506
0.728527
0.728547
0.728568
0.728589
0.728610
0.728631
0.728652
0.728673
0.728693
0.728714
0.728735
0.728756
0.728777
0.728798
0.728819
0.728840
0.728860
0.728881
0.728902
0.728923
0.728944
0.728965
0.728986
0.729007
0.729027
0.729048
0.729069
0.729090
0.729111
0.729132
0.729153
0.729173
0.729194
0.729215
0.729236
0.729257
0.729278
0.729299
0.729320
0.729341
0.729361
0.729382
0.729403
0.729424
0.729445
0.729466
0.729487
0.729508
0.729529
0.729549
0.729570
0.729591
0.729612
0.729633
0.729654
0.729675
0.729696
0.729717
0.729737
0.729758
0.729779
0.729800
0.729821
0.729842
0.729863
0.729884
0.729905
0.729925
0.729946
0.729967
0.729988
0.730009
0.730030
0.730051
0.730072
0.730093
0.730114
0.730134
0.730155
0.730176
0.730197
0.730218
0.730239
0.730260
0.730281
0.730302
0.730323
0.730344
0.730364
0.730385
0.730406
0.730427
0.730448
0.730469
0.730490
0.730511
0.730532
0.730553
0.730574
0.730594
0.730615
0.730636
0.730657
0.730678
0.730699
0.730720
0.730741
0.730762
0.730783
0.730804
0.730824
0.730845
0.730866
0.730887
0.730908
0.730929
0.730950
0.730971
0.730992
0.731013
0.731034
0.731055
0.731076
0.731097
0.731117
0.731138
0.731159
0.731180
0.731201
0.731222
0.731243
0.731264
0.731285
0.731306
0.731327
0.731348
0.731369
0.731389
0.731410
0.731431
0.731452
0.731473
0.731494
0.731515
0.731536
0.731557
0.731578
0.731599
0.731620
0.731641
0.731662
0.731683
0.731703
0.731724
0.731745
0.731766
0.731787
0.731808
0.731829
0.731850
0.731871
0.731892
0.731913
0.731934
0.731955
0.731976
0.731997
0.732017
0.732038
0.732059
0.732080
0.732101
0.732122
0.732143
0.732164
0.732185
0.732206
0.732227
0.732248
0.732269
0.732290
0.732311
0.732332
0.732353
0.732374
0.732395
0.732416
0.732437
0.732458
0.732478
0.732499
0.732520
0.732541
0.732562
0.732583
0.732604
0.732625
0.732646
0.732667
0.732688
0.732709
0.732730
0.732751
0.732772
0.732793
0.732814
0.732835
0.732856
0.732877
0.732898
0.732919
0.732939
0.732960
0.732981
0.733002
0.733023
0.733044
0.733065
0.733086
0.733107
0.733128
0.733149
0.733170
0.733191
0.733212
0.733233
0.733254
0.733275
0.733296
0.733317
0.733338
0.733359
0.733380
0.733401
0.733422
0.733443
0.733464
0.733485
0.733506
0.733527
0.733548
0.733569
0.733590
0.733611
0.733632
0.733653
0.733674
0.733695
0.733716
0.733737
0.733758
0.733779
0.733799
0.733820
0.733841
0.733862
0.733883
0.733904
0.733925
0.733946
0.733967
0.733988
0.734009
0.734030
0.734051
0.734072
0.734093
0.734114
0.734135
0.734156
0.734177
0.734198
0.734219
0.734240
0.734261
0.734282
0.734303
0.734324
0.734345
0.734366
0.734387
0.734408
0.734429
0.734450
0.734471
0.734492
0.734513
0.734534
0.734555
0.734576
0.734597
0.734618
0.734639
0.734660
0.734681
0.734702
0.734723
0.734744
0.734765
0.734786
0.734807
0.734828
0.734849
0.734870
0.734891
0.734912
0.734933
0.734954
0.734975
0.734996
0.735017
0.735038
0.735059
0.735080
0.735101
0.735123
0.735144
0.735164
0.735186
0.735207
0.735228
0.735249
0.735270
0.735291
0.735312
0.735333
0.735354
0.735375
0.735396
0.735417
0.735438
0.735459
0.735480
0.735501
0.735522
0.735543
0.735564
0.735585
0.735606
0.735627
0.735648
0.735669
0.735690
0.735711
0.735732
0.735753
0.735774
0.735795
0.735816
0.735837
0.735858
0.735879
0.735900
0.735921
0.735942
0.735964
0.735984
0.736005
0.736027
0.736048
0.736069
0.736090
0.736111
0.736132
0.736153
0.736174
0.736195
0.736216
0.736237
0.736258
0.736279
0.736300
0.736321
0.736342
0.736363
0.736384
0.736405
0.736426
0.736447
0.736468
0.736489
0.736510
0.736532
0.736553
0.736574
0.736595
0.736616
0.736637
0.736658
0.736679
0.736700
0.736721
0.736742
0.736763
0.736784
0.736805
0.736826
0.736847
0.736868
0.736889
0.736910
0.736931
0.736953
0.736974
0.736995
0.737016
0.737037
0.737058
0.737079
0.737100
0.737121
0.737142
0.737163
0.737184
0.737205
0.737226
0.737247
0.737268
0.737289
0.737311
0.737332
0.737353
0.737374
0.737395
0.737416
0.737437
0.737458
0.737479
0.737500
0.737521
0.737542
0.737563
0.737584
0.737605
0.737627
0.737648
0.737669
0.737690
0.737711
0.737732
0.737753
0.737774
0.737795
0.737816
0.737837
0.737858
0.737879
0.737901
0.737922
0.737943
0.737964
0.737985
0.738006
0.738027
0.738048
0.738069
0.738090
0.738111
0.738132
0.738153
0.738175
0.738196
0.738217
0.738238
0.738259
0.738280
0.738301
0.738322
0.738343
0.738364
0.738385
0.738407
0.738428
0.738449
0.738470
0.738491
0.738512
0.738533
0.738554
0.738575
0.738596
0.738617
0.738639
0.738660
0.738681
0.738702
0.738723
0.738744
0.738765
0.738786
0.738807
0.738828
0.738849
0.738871
0.738892
0.738913
0.738934
0.738955
0.738976
0.738997
0.739018
0.739039
0.739060
0.739082
0.739103
0.739124
0.739145
0.739166
0.739187
0.739208
0.739229
0.739250
0.739272
0.739293
0.739314
0.739335
0.739356
0.739377
0.739398
0.739419
0.739440
0.739462
0.739483
0.739504
0.739525
0.739546
0.739567
0.739588
0.739609
0.739630
0.739652
0.739673
0.739694
0.739715
0.739736
0.739757
0.739778
0.739799
0.739821
0.739842
0.739863
0.739884
0.739905
0.739926
0.739947
0.739968
0.739990
0.740011
0.740032
0.740053
0.740074
0.740095
0.740116
0.740137
0.740158
0.740180
0.740201
0.740222
0.740243
0.740264
0.740285
0.740306
0.740327
0.740349
0.740370
0.740391
0.740412
0.740433
0.740454
0.740475
0.740497
0.740518
0.740539
0.740560
0.740581
0.740602
0.740623
0.740645
0.740666
0.740687
0.740708
0.740729
0.740750
0.740771
0.740792
0.740814
0.740835
0.740856
0.740877
0.740898
0.740919
0.740941
0.740962
0.740983
0.741004
0.741025
0.741046
0.741067
0.741089
0.741110
0.741131
0.741152
0.741173
0.741194
0.741216
0.741237
0.741258
0.741279
0.741300
0.741321
0.741342
0.741364
0.741385
0.741406
0.741427
0.741448
0.741469
0.741491
0.741512
0.741533
0.741554
0.741575
0.741596
0.741618
0.741639
0.741660
0.741681
0.741702
0.741723
0.741744
0.741766
0.741787
0.741808
0.741829
0.741850
0.741871
0.741893
0.741914
0.741935
0.741956
0.741977
0.741999
0.742020
0.742041
0.742062
0.742083
0.742104
0.742125
0.742147
0.742168
0.742189
0.742210
0.742231
0.742253
0.742274
0.742295
0.742316
0.742337
0.742358
0.742379
0.742401
0.742422
0.742443
0.742464
0.742485
0.742507
0.742528
0.742549
0.742570
0.742591
0.742613
0.742634
0.742655
0.742676
0.742697
0.742719
0.742740
0.742761
0.742782
0.742803
0.742824
0.742846
0.742867
0.742888
0.742909
0.742930
0.742952
0.742973
0.742994
0.743015
0.743036
0.743057
0.743079
0.743100
0.743121
0.743142
0.743164
0.743185
0.743206
0.743227
0.743248
0.743269
0.743291
0.743312
0.743333
0.743354
0.743376
0.743397
0.743418
0.743439
0.743460
0.743482
0.743503
0.743524
0.743545
0.743566
0.743587
0.743609
0.743630
0.743651
0.743672
0.743693
0.743715
0.743736
0.743757
0.743778
0.743800
0.743821
0.743842
0.743863
0.743884
0.743906
0.743927
0.743948
0.743969
0.743990
0.744012
0.744033
0.744054
0.744075
0.744097
0.744118
0.744139
0.744160
0.744181
0.744203
0.744224
0.744245
0.744266
0.744288
0.744309
0.744330
0.744351
0.744372
0.744394
0.744415
0.744436
0.744457
0.744479
0.744500
0.744521
0.744542
0.744563
0.744585
0.744606
0.744627
0.744648
0.744670
0.744691
0.744712
0.744733
0.744755
0.744776
0.744797
0.744818
0.744839
0.744861
0.744882
0.744903
0.744924
0.744946
0.744967
0.744988
0.745009
0.745031
0.745052
0.745073
0.745094
0.745115
0.745137
0.745158
0.745179
0.745200
0.745222
0.745243
0.745264
0.745285
0.745307
0.745328
0.745349
0.745370
0.745392
0.745413
0.745434
0.745455
0.745477
0.745498
0.745519
0.745540
0.745562
0.745583
0.745604
0.745625
0.745647
0.745668
0.745689
0.745710
0.745732
0.745753
0.745774
0.745795
0.745817
0.745838
0.745859
0.745880
0.745902
0.745923
0.745944
0.745965
0.745987
0.746008
0.746029
0.746050
0.746072
0.746093
0.746114
0.746136
0.746157
0.746178
0.746199
0.746221
0.746242
0.746263
0.746284
0.746306
0.746327
0.746348
0.746370
0.746391
0.746412
0.746433
0.746455
0.746476
0.746497
0.746518
0.746540
0.746561
0.746582
0.746603
0.746625
0.746646
0.746667
0.746689
0.746710
0.746731
0.746752
0.746774
0.746795
0.746816
0.746838
0.746859
0.746880
0.746901
0.746923
0.746944
0.746965
0.746986
0.747008
0.747029
0.747050
0.747072
0.747093
0.747114
0.747135
0.747157
0.747178
0.747199
0.747221
0.747242
0.747263
0.747284
0.747306
0.747327
0.747348
0.747370
0.747391
0.747412
0.747433
0.747455
0.747476
0.747497
0.747519
0.747540
0.747561
0.747583
0.747604
0.747625
0.747646
0.747668
0.747689
0.747710
0.747732
0.747753
0.747774
0.747795
0.747817
0.747838
0.747859
0.747881
0.747902
0.747923
0.747945
0.747966
0.747987
0.748009
0.748030
0.748051
0.748072
0.748094
0.748115
0.748136
0.748158
0.748179
0.748200
0.748222
0.748243
0.748264
0.748286
0.748307
0.748328
0.748349
0.748371
0.748392
0.748413
0.748435
0.748456
0.748477
0.748499
0.748520
0.748541
0.748563
0.748584
0.748605
0.748626
0.748648
0.748669
0.748691
0.748712
0.748733
0.748754
0.748776
0.748797
0.748818
0.748840
0.748861
0.748882
0.748904
0.748925
0.748946
0.748968
0.748989
0.749010
0.749032
0.749053
0.749074
0.749096
0.749117
0.749138
0.749160
0.749181
0.749202
0.749224
0.749245
0.749266
0.749288
0.749309
0.749330
0.749352
0.749373
0.749394
0.749416
0.749437
0.749458
0.749480
0.749501
0.749522
0.749544
0.749565
0.749586
0.749608
0.749629
0.749650
0.749672
0.749693
0.749714
0.749736
0.749757
0.749778
0.749800
0.749821
0.749842
0.749864
0.749885
0.749907
0.749928
0.749949
0.749971
0.749992
0.750013
0.750035
0.750056
0.750077
0.750099
0.750120
0.750141
0.750163
0.750184
0.750205
0.750227
0.750248
0.750270
0.750291
0.750312
0.750334
0.750355
0.750376
0.750398
0.750419
0.750440
0.750462
0.750483
0.750504
0.750526
0.750547
0.750569
0.750590
0.750611
0.750633
0.750654
0.750675
0.750697
0.750718
0.750739
0.750761
0.750782
0.750803
0.750825
0.750846
0.750868
0.750889
0.750910
0.750932
0.750953
0.750974
0.750996
0.751017
0.751039
0.751060
0.751081
0.751103
0.751124
0.751146
0.751167
0.751188
0.751210
0.751231
0.751252
0.751274
0.751295
0.751316
0.751338
0.751359
0.751381
0.751402
0.751423
0.751445
0.751466
0.751487
0.751509
0.751530
0.751552
0.751573
0.751594
0.751616
0.751637
0.751659
0.751680
0.751701
0.751723
0.751744
0.751765
0.751787
0.751808
0.751830
0.751851
0.751872
0.751894
0.751915
0.751937
0.751958
0.751979
0.752001
0.752022
0.752044
0.752065
0.752086
0.752108
0.752129
0.752151
0.752172
0.752193
0.752215
0.752236
0.752258
0.752279
0.752300
0.752322
0.752343
0.752365
0.752386
0.752407
0.752429
0.752450
0.752472
0.752493
0.752514
0.752536
0.752557
0.752579
0.752600
0.752621
0.752643
0.752664
0.752686
0.752707
0.752729
0.752750
0.752771
0.752793
0.752814
0.752836
0.752857
0.752878
0.752900
0.752921
0.752943
0.752964
0.752985
0.753007
0.753028
0.753050
0.753071
0.753093
0.753114
0.753135
0.753157
0.753178
0.753200
0.753221
0.753242
0.753264
0.753285
0.753307
0.753328
0.753350
0.753371
0.753392
0.753414
0.753435
0.753457
0.753478
0.753499
0.753521
0.753542
0.753564
0.753585
0.753607
0.753628
0.753650
0.753671
0.753692
0.753714
0.753735
0.753757
0.753778
0.753800
0.753821
0.753842
0.753864
0.753885
0.753907
0.753928
0.753950
0.753971
0.753992
0.754014
0.754035
0.754057
0.754078
0.754100
0.754121
0.754143
0.754164
0.754185
0.754207
0.754228
0.754250
0.754271
0.754293
0.754314
0.754336
0.754357
0.754378
0.754400
0.754421
0.754443
0.754464
0.754486
0.754507
0.754529
0.754550
0.754571
0.754593
0.754614
0.754636
0.754657
0.754679
0.754700
0.754722
0.754743
0.754765
0.754786
0.754808
0.754829
0.754850
0.754872
0.754893
0.754915
0.754936
0.754958
0.754979
0.755001
0.755022
0.755044
0.755065
0.755087
0.755108
0.755129
0.755151
0.755172
0.755194
0.755215
0.755237
0.755258
0.755280
0.755301
0.755323
0.755344
0.755366
0.755387
0.755408
0.755430
0.755451
0.755473
0.755494
0.755516
0.755537
0.755559
0.755580
0.755602
0.755623
0.755645
0.755666
0.755688
0.755709
0.755731
0.755752
0.755774
0.755795
0.755817
0.755838
0.755859
0.755881
0.755902
0.755924
0.755945
0.755967
0.755988
0.756010
0.756031
0.756053
0.756074
0.756096
0.756117
0.756139
0.756160
0.756182
0.756203
0.756225
0.756246
0.756268
0.756289
0.756311
0.756332
0.756354
0.756375
0.756397
0.756418
0.756440
0.756461
0.756483
0.756504
0.756526
0.756547
0.756569
0.756590
0.756611
0.756633
0.756655
0.756676
0.756698
0.756719
0.756741
0.756762
0.756784
0.756805
0.756827
0.756848
0.756870
0.756891
0.756913
0.756934
0.756956
0.756977
0.756999
0.757020
0.757042
0.757063
0.757085
0.757106
0.757128
0.757149
0.757171
0.757192
0.757214
0.757235
0.757257
0.757278
0.757300
0.757321
0.757343
0.757364
0.757386
0.757407
0.757429
0.757450
0.757472
0.757493
0.757515
0.757536
0.757558
0.757579
0.757601
0.757622
0.757644
0.757665
0.757687
0.757709
0.757730
0.757752
0.757773
0.757795
0.757816
0.757838
0.757859
0.757881
0.757902
0.757924
0.757945
0.757967
0.757988
0.758010
0.758031
0.758053
0.758074
0.758096
0.758117
0.758139
0.758161
0.758182
0.758204
0.758225
0.758247
0.758268
0.758290
0.758311
0.758333
0.758354
0.758376
0.758398
0.758419
0.758440
0.758462
0.758484
0.758505
0.758527
0.758548
0.758570
0.758591
0.758613
0.758634
0.758656
0.758677
0.758699
0.758721
0.758742
0.758764
0.758785
0.758807
0.758828
0.758850
0.758871
0.758893
0.758914
0.758936
0.758958
0.758979
0.759001
0.759022
0.759044
0.759065
0.759087
0.759108
0.759130
0.759152
0.759173
0.759195
0.759216
0.759238
0.759259
0.759281
0.759302
0.759324
0.759345
0.759367
0.759389
0.759410
0.759432
0.759453
0.759475
0.759496
0.759518
0.759539
0.759561
0.759583
0.759604
0.759626
0.759647
0.759669
0.759691
0.759712
0.759734
0.759755
0.759777
0.759798
0.759820
0.759841
0.759863
0.759885
0.759906
0.759928
0.759949
0.759971
0.759992
0.760014
0.760036
0.760057
0.760079
0.760100
0.760122
0.760143
0.760165
0.760187
0.760208
0.760230
0.760251
0.760273
0.760294
0.760316
0.760338
0.760359
0.760381
0.760402
0.760424
0.760446
0.760467
0.760489
0.760510
0.760532
0.760554
0.760575
0.760597
0.760618
0.760640
0.760661
0.760683
0.760705
0.760726
0.760748
0.760769
0.760791
0.760813
0.760834
0.760856
0.760877
0.760899
0.760920
0.760942
0.760964
0.760985
0.761007
0.761028
0.761050
0.761072
0.761093
0.761115
0.761136
0.761158
0.761180
0.761201
0.761223
0.761244
0.761266
0.761288
0.761309
0.761331
0.761352
0.761374
0.761396
0.761417
0.761439
0.761460
0.761482
0.761504
0.761525
0.761547
0.761568
0.761590
0.761612
0.761633
0.761655
0.761676
0.761698
0.761720
0.761741
0.761763
0.761785
0.761806
0.761828
0.761849
0.761871
0.761893
0.761914
0.761936
0.761957
0.761979
0.762001
0.762022
0.762044
0.762066
0.762087
0.762109
0.762130
0.762152
0.762174
0.762195
0.762217
0.762239
0.762260
0.762282
0.762303
0.762325
0.762347
0.762368
0.762390
0.762411
0.762433
0.762455
0.762476
0.762498
0.762520
0.762541
0.762563
0.762584
0.762606
0.762628
0.762649
0.762671
0.762693
0.762714
0.762736
0.762757
0.762779
0.762801
0.762823
0.762844
0.762866
0.762887
0.762909
0.762931
0.762952
0.762974
0.762996
0.763017
0.763039
0.763060
0.763082
0.763104
0.763125
0.763147
0.763169
0.763190
0.763212
0.763234
0.763255
0.763277
0.763299
0.763320
0.763342
0.763363
0.763385
0.763407
0.763428
0.763450
0.763472
0.763493
0.763515
0.763537
0.763558
0.763580
0.763602
0.763623
0.763645
0.763667
0.763688
0.763710
0.763732
0.763753
0.763775
0.763797
0.763818
0.763840
0.763861
0.763883
0.763905
0.763926
0.763948
0.763970
0.763991
0.764013
0.764035
0.764056
0.764078
0.764100
0.764121
0.764143
0.764165
0.764186
0.764208
0.764230
0.764251
0.764273
0.764295
0.764316
0.764338
0.764360
0.764381
0.764403
0.764425
0.764446
0.764468
0.764490
0.764511
0.764533
0.764555
0.764576
0.764598
0.764620
0.764642
0.764663
0.764685
0.764706
0.764728
0.764750
0.764772
0.764793
0.764815
0.764837
0.764858
0.764880
0.764902
0.764923
0.764945
0.764967
0.764988
0.765010
0.765032
0.765053
0.765075
0.765097
0.765119
0.765140
0.765162
0.765184
0.765205
0.765227
0.765249
0.765270
0.765292
0.765314
0.765335
0.765357
0.765379
0.765400
0.765422
0.765444
0.765465
0.765487
0.765509
0.765531
0.765552
0.765574
0.765596
0.765617
0.765639
0.765661
0.765682
0.765704
0.765726
0.765748
0.765769
0.765791
0.765813
0.765834
0.765856
0.765878
0.765899
0.765921
0.765943
0.765965
0.765986
0.766008
0.766030
0.766051
0.766073
0.766095
0.766116
0.766138
0.766160
0.766182
0.766203
0.766225
0.766247
0.766269
0.766290
0.766312
0.766334
0.766355
0.766377
0.766399
0.766420
0.766442
0.766464
0.766486
0.766507
0.766529
0.766551
0.766572
0.766594
0.766616
0.766638
0.766659
0.766681
0.766703
0.766725
0.766746
0.766768
0.766790
0.766811
0.766833
0.766855
0.766877
0.766898
0.766920
0.766942
0.766963
0.766985
0.767007
0.767029
0.767050
0.767072
0.767094
0.767116
0.767137
0.767159
0.767181
0.767202
0.767224
0.767246
0.767268
0.767289
0.767311
0.767333
0.767355
0.767376
0.767398
0.767420
0.767442
0.767463
0.767485
0.767507
0.767528
0.767550
0.767572
0.767594
0.767615
0.767637
0.767659
0.767681
0.767702
0.767724
0.767746
0.767768
0.767789
0.767811
0.767833
0.767855
0.767876
0.767898
0.767920
0.767942
0.767963
0.767985
0.768007
0.768029
0.768050
0.768072
0.768094
0.768116
0.768137
0.768159
0.768181
0.768203
0.768224
0.768246
0.768268
0.768290
0.768311
0.768333
0.768355
0.768377
0.768398
0.768420
0.768442
0.768464
0.768485
0.768507
0.768529
0.768551
0.768572
0.768594
0.768616
0.768638
0.768660
0.768681
0.768703
0.768725
0.768747
0.768768
0.768790
0.768812
0.768834
0.768855
0.768877
0.768899
0.768921
0.768943
0.768964
0.768986
0.769008
0.769030
0.769051
0.769073
0.769095
0.769117
0.769139
0.769160
0.769182
0.769204
0.769226
0.769247
0.769269
0.769291
0.769313
0.769334
0.769356
0.769378
0.769400
0.769422
0.769443
0.769465
0.769487
0.769509
0.769530
0.769552
0.769574
0.769596
0.769618
0.769639
0.769661
0.769683
0.769705
0.769727
0.769748
0.769770
0.769792
0.769814
0.769836
0.769857
0.769879
0.769901
0.769923
0.769944
0.769966
0.769988
0.770010
0.770032
0.770053
0.770075
0.770097
0.770119
0.770141
0.770162
0.770184
0.770206
0.770228
0.770250
0.770271
0.770293
0.770315
0.770337
0.770359
0.770380
0.770402
0.770424
0.770446
0.770468
0.770489
0.770511
0.770533
0.770555
0.770577
0.770598
0.770620
0.770642
0.770664
0.770686
0.770707
0.770729
0.770751
0.770773
0.770795
0.770817
0.770838
0.770860
0.770882
0.770904
0.770926
0.770947
0.770969
0.770991
0.771013
0.771035
0.771056
0.771078
0.771100
0.771122
0.771144
0.771166
0.771187
0.771209
0.771231
0.771253
0.771275
0.771297
0.771318
0.771340
0.771362
0.771384
0.771406
0.771428
0.771449
0.771471
0.771493
0.771515
0.771537
0.771558
0.771580
0.771602
0.771624
0.771646
0.771668
0.771689
0.771711
0.771733
0.771755
0.771777
0.771799
0.771820
0.771842
0.771864
0.771886
0.771908
0.771930
0.771951
0.771973
0.771995
0.772017
0.772039
0.772061
0.772082
0.772104
0.772126
0.772148
0.772170
0.772192
0.772213
0.772235
0.772257
0.772279
0.772301
0.772323
0.772345
0.772366
0.772388
0.772410
0.772432
0.772454
0.772476
0.772497
0.772519
0.772541
0.772563
0.772585
0.772607
0.772629
0.772650
0.772672
0.772694
0.772716
0.772738
0.772760
0.772781
0.772803
0.772825
0.772847
0.772869
0.772891
0.772913
0.772935
0.772956
0.772978
0.773000
0.773022
0.773044
0.773066
0.773088
0.773109
0.773131
0.773153
0.773175
0.773197
0.773219
0.773241
0.773262
0.773284
0.773306
0.773328
0.773350
0.773372
0.773394
0.773416
0.773437
0.773459
0.773481
0.773503
0.773525
0.773547
0.773569
0.773590
0.773612
0.773634
0.773656
0.773678
0.773700
0.773722
0.773744
0.773765
0.773787
0.773809
0.773831
0.773853
0.773875
0.773897
0.773919
0.773940
0.773962
0.773984
0.774006
0.774028
0.774050
0.774072
0.774094
0.774116
0.774137
0.774159
0.774181
0.774203
0.774225
0.774247
0.774269
0.774291
0.774313
0.774334
0.774356
0.774378
0.774400
0.774422
0.774444
0.774466
0.774488
0.774510
0.774531
0.774553
0.774575
0.774597
0.774619
0.774641
0.774663
0.774685
0.774707
0.774729
0.774750
0.774772
0.774794
0.774816
0.774838
0.774860
0.774882
0.774904
0.774926
0.774948
0.774969
0.774991
0.775013
0.775035
0.775057
0.775079
0.775101
0.775123
0.775145
0.775167
0.775188
0.775210
0.775232
0.775254
0.775276
0.775298
0.775320
0.775342
0.775364
0.775386
0.775408
0.775430
0.775451
0.775473
0.775495
0.775517
0.775539
0.775561
0.775583
0.775605
0.775627
0.775649
0.775670
0.775692
0.775714
0.775736
0.775758
0.775780
0.775802
0.775824
0.775846
0.775868
0.775890
0.775912
0.775934
0.775955
0.775977
0.775999
0.776021
0.776043
0.776065
0.776087
0.776109
0.776131
0.776153
0.776175
0.776197
0.776219
0.776241
0.776262
0.776284
0.776306
0.776328
0.776350
0.776372
0.776394
0.776416
0.776438
0.776460
0.776482
0.776504
0.776526
0.776548
0.776570
0.776592
0.776614
0.776635
0.776657
0.776679
0.776701
0.776723
0.776745
0.776767
0.776789
0.776811
0.776833
0.776855
0.776877
0.776899
0.776921
0.776943
0.776965
0.776987
0.777008
0.777030
0.777052
0.777074
0.777096
0.777118
0.777140
0.777162
0.777184
0.777206
0.777228
0.777250
0.777272
0.777294
0.777316
0.777338
0.777360
0.777382
0.777404
0.777426
0.777448
0.777469
0.777491
0.777513
0.777535
0.777557
0.777579
0.777601
0.777623
0.777645
0.777667
0.777689
0.777711
0.777733
0.777755
0.777777
0.777799
0.777821
0.777843
0.777865
0.777887
0.777909
0.777931
0.777953
0.777975
0.777997
0.778019
0.778041
0.778063
0.778084
0.778106
0.778128
0.778150
0.778172
0.778194
0.778216
0.778238
0.778260
0.778282
0.778304
0.778326
0.778348
0.778370
0.778392
0.778414
0.778436
0.778458
0.778480
0.778502
0.778524
0.778546
0.778568
0.778590
0.778612
0.778634
0.778656
0.778678
0.778700
0.778722
0.778744
0.778766
0.778788
0.778810
0.778832
0.778854
0.778876
0.778898
0.778920
0.778942
0.778964
0.778986
0.779008
0.779030
0.779052
0.779074
0.779096
0.779118
0.779140
0.779162
0.779184
0.779206
0.779228
0.779250
0.779272
0.779294
0.779316
0.779338
0.779360
0.779382
0.779404
0.779426
0.779448
0.779470
0.779492
0.779514
0.779536
0.779558
0.779580
0.779602
0.779624
0.779646
0.779668
0.779690
0.779712
0.779734
0.779756
0.779778
0.779800
0.779822
0.779844
0.779866
0.779888
0.779910
0.779932
0.779954
0.779976
0.779998
0.780020
0.780042
0.780064
0.780086
0.780108
0.780130
0.780152
0.780174
0.780196
0.780218
0.780240
0.780262
0.780284
0.780306
0.780328
0.780350
0.780372
0.780394
0.780416
0.780438
0.780460
0.780482
0.780504
0.780526
0.780548
0.780570
0.780592
0.780614
0.780636
0.780658
0.780680
0.780702
0.780724
0.780747
0.780769
0.780791
0.780813
0.780835
0.780857
0.780879
0.780901
0.780923
0.780945
0.780967
0.780989
0.781011
0.781033
0.781055
0.781077
0.781099
0.781121
0.781143
0.781165
0.781187
0.781209
0.781231
0.781253
0.781275
0.781297
0.781319
0.781342
0.781363
0.781386
0.781408
0.781430
0.781452
0.781474
0.781496
0.781518
0.781540
0.781562
0.781584
0.781606
0.781628
0.781650
0.781672
0.781694
0.781716
0.781738
0.781760
0.781782
0.781804
0.781827
0.781849
0.781871
0.781893
0.781915
0.781937
0.781959
0.781981
0.782003
0.782025
0.782047
0.782069
0.782091
0.782113
0.782135
0.782157
0.782179
0.782202
0.782223
0.782246
0.782268
0.782290
0.782312
0.782334
0.782356
0.782378
0.782400
0.782422
0.782444
0.782466
0.782488
0.782510
0.782532
0.782555
0.782577
0.782599
0.782621
0.782643
0.782665
0.782687
0.782709
0.782731
0.782753
0.782775
0.782797
0.782819
0.782841
0.782864
0.782886
0.782908
0.782930
0.782952
0.782974
0.782996
0.783018
0.783040
0.783062
0.783084
0.783106
0.783128
0.783151
0.783173
0.783195
0.783217
0.783239
0.783261
0.783283
0.783305
0.783327
0.783349
0.783371
0.783393
0.783416
0.783438
0.783460
0.783482
0.783504
0.783526
0.783548
0.783570
0.783592
0.783614
0.783637
0.783659
0.783681
0.783703
0.783725
0.783747
0.783769
0.783791
0.783813
0.783835
0.783858
0.783880
0.783902
0.783924
0.783946
0.783968
0.783990
0.784012
0.784034
0.784056
0.784078
0.784101
0.784123
0.784145
0.784167
0.784189
0.784211
0.784233
0.784255
0.784277
0.784299
0.784322
0.784344
0.784366
0.784388
0.784410
0.784432
0.784454
0.784476
0.784498
0.784521
0.784543
0.784565
0.784587
0.784609
0.784631
0.784653
0.784675
0.784698
0.784720
0.784742
0.784764
0.784786
0.784808
0.784830
0.784852
0.784874
0.784897
0.784919
0.784941
0.784963
0.784985
0.785007
0.785029
0.785051
0.785073
0.785096
0.785118
0.785140
0.785162
0.785184
0.785206
0.785228
0.785250
0.785273
0.785295
0.785317
0.785339
0.785361
0.785383
0.785406
0.785428
0.785450
0.785472
0.785494
0.785516
0.785538
0.785560
0.785583
0.785605
0.785627
0.785649
0.785671
0.785693
0.785715
0.785737
0.785760
0.785782
0.785804
0.785826
0.785848
0.785870
0.785893
0.785915
0.785937
0.785959
0.785981
0.786003
0.786025
0.786047
0.786070
0.786092
0.786114
0.786136
0.786158
0.786180
0.786202
0.786225
0.786247
0.786269
0.786291
0.786313
0.786335
0.786358
0.786380
0.786402
0.786424
0.786446
0.786468
0.786491
0.786513
0.786535
0.786557
0.786579
0.786601
0.786623
0.786646
0.786668
0.786690
0.786712
0.786734
0.786756
0.786779
0.786801
0.786823
0.786845
0.786867
0.786889
0.786911
0.786934
0.786956
0.786978
0.787000
0.787022
0.787045
0.787067
0.787089
0.787111
0.787133
0.787155
0.787177
0.787200
0.787222
0.787244
0.787266
0.787288
0.787311
0.787333
0.787355
0.787377
0.787399
0.787421
0.787444
0.787466
0.787488
0.787510
0.787532
0.787555
0.787577
0.787599
0.787621
0.787643
0.787665
0.787688
0.787710
0.787732
0.787754
0.787776
0.787798
0.787821
0.787843
0.787865
0.787887
0.787909
0.787932
0.787954
0.787976
0.787998
0.788020
0.788043
0.788065
0.788087
0.788109
0.788131
0.788153
0.788176
0.788198
0.788220
0.788242
0.788264
0.788287
0.788309
0.788331
0.788353
0.788375
0.788398
0.788420
0.788442
0.788464
0.788486
0.788509
0.788531
0.788553
0.788575
0.788597
0.788620
0.788642
0.788664
0.788686
0.788708
0.788731
0.788753
0.788775
0.788797
0.788819
0.788842
0.788864
0.788886
0.788908
0.788930
0.788953
0.788975
0.788997
0.789019
0.789041
0.789064
0.789086
0.789108
0.789130
0.789153
0.789175
0.789197
0.789219
0.789241
0.789264
0.789286
0.789308
0.789330
0.789352
0.789375
0.789397
0.789419
0.789441
0.789464
0.789486
0.789508
0.789530
0.789552
0.789575
0.789597
0.789619
0.789641
0.789664
0.789686
0.789708
0.789730
0.789752
0.789775
0.789797
0.789819
0.789841
0.789864
0.789886
0.789908
0.789930
0.789953
0.789975
0.789997
0.790019
0.790041
0.790064
0.790086
0.790108
0.790130
0.790153
0.790175
0.790197
0.790219
0.790242
0.790264
0.790286
0.790308
0.790331
0.790353
0.790375
0.790397
0.790419
0.790442
0.790464
0.790486
0.790508
0.790531
0.790553
0.790575
0.790597
0.790620
0.790642
0.790664
0.790686
0.790709
0.790731
0.790753
0.790775
0.790798
0.790820
0.790842
0.790864
0.790887
0.790909
0.790931
0.790953
0.790976
0.790998
0.791020
0.791042
0.791065
0.791087
0.791109
0.791131
0.791154
0.791176
0.791198
0.791220
0.791243
0.791265
0.791287
0.791309
0.791332
0.791354
0.791376
0.791398
0.791421
0.791443
0.791465
0.791488
0.791510
0.791532
0.791554
0.791577
0.791599
0.791621
0.791643
0.791666
0.791688
0.791710
0.791733
0.791755
0.791777
0.791799
0.791822
0.791844
0.791866
0.791888
0.791911
0.791933
0.791955
0.791977
0.792000
0.792022
0.792044
0.792067
0.792089
0.792111
0.792133
0.792156
0.792178
0.792200
0.792223
0.792245
0.792267
0.792289
0.792312
0.792334
0.792356
0.792378
0.792401
0.792423
0.792445
0.792468
0.792490
0.792512
0.792535
0.792557
0.792579
0.792601
0.792624
0.792646
0.792668
0.792691
0.792713
0.792735
0.792757
0.792780
0.792802
0.792824
0.792847
0.792869
0.792891
0.792913
0.792936
0.792958
0.792980
0.793003
0.793025
0.793047
0.793069
0.793092
0.793114
0.793136
0.793159
0.793181
0.793203
0.793226
0.793248
0.793270
0.793293
0.793315
0.793337
0.793359
0.793382
0.793404
0.793426
0.793449
0.793471
0.793493
0.793516
0.793538
0.793560
0.793582
0.793605
0.793627
0.793649
0.793672
0.793694
0.793716
0.793739
0.793761
0.793783
0.793806
0.793828
0.793850
0.793873
0.793895
0.793917
0.793939
0.793962
0.793984
0.794006
0.794029
0.794051
0.794073
0.794096
0.794118
0.794140
0.794163
0.794185
0.794207
0.794230
0.794252
0.794274
0.794297
0.794319
0.794341
0.794364
0.794386
0.794408
0.794431
0.794453
0.794475
0.794497
0.794520
0.794542
0.794565
0.794587
0.794609
0.794632
0.794654
0.794676
0.794698
0.794721
0.794743
0.794766
0.794788
0.794810
0.794833
0.794855
0.794877
0.794899
0.794922
0.794944
0.794967
0.794989
0.795011
0.795034
0.795056
0.795078
0.795101
0.795123
0.795145
0.795168
0.795190
0.795212
0.795235
0.795257
0.795279
0.795302
0.795324
0.795346
0.795369
0.795391
0.795413
0.795436
0.795458
0.795480
0.795503
0.795525
0.795548
0.795570
0.795592
0.795615
0.795637
0.795659
0.795682
0.795704
0.795726
0.795749
0.795771
0.795793
0.795816
0.795838
0.795861
0.795883
0.795905
0.795928
0.795950
0.795972
0.795995
0.796017
0.796039
0.796062
0.796084
0.796106
0.796129
0.796151
0.796173
0.796196
0.796218
0.796241
0.796263
0.796285
0.796308
0.796330
0.796353
0.796375
0.796397
0.796420
0.796442
0.796464
0.796487
0.796509
0.796532
0.796554
0.796576
0.796599
0.796621
0.796643
0.796666
0.796688
0.796710
0.796733
0.796755
0.796778
0.796800
0.796822
0.796845
0.796867
0.796889
0.796912
0.796934
0.796957
0.796979
0.797001
0.797024
0.797046
0.797069
0.797091
0.797113
0.797136
0.797158
0.797180
0.797203
0.797225
0.797248
0.797270
0.797292
0.797315
0.797337
0.797360
0.797382
0.797404
0.797427
0.797449
0.797472
0.797494
0.797516
0.797539
0.797561
0.797584
0.797606
0.797628
0.797651
0.797673
0.797696
0.797718
0.797740
0.797763
0.797785
0.797808
0.797830
0.797852
0.797875
0.797897
0.797920
0.797942
0.797964
0.797987
0.798009
0.798031
0.798054
0.798076
0.798099
0.798121
0.798143
0.798166
0.798188
0.798211
0.798233
0.798256
0.798278
0.798300
0.798323
0.798345
0.798368
0.798390
0.798413
0.798435
0.798457
0.798480
0.798502
0.798525
0.798547
0.798569
0.798592
0.798614
0.798637
0.798659
0.798682
0.798704
0.798726
0.798749
0.798771
0.798794
0.798816
0.798838
0.798861
0.798883
0.798906
0.798928
0.798951
0.798973
0.798995
0.799018
0.799040
0.799063
0.799085
0.799108
0.799130
0.799152
0.799175
0.799197
0.799220
0.799242
0.799265
0.799287
0.799309
0.799332
0.799354
0.799377
0.799399
0.799422
0.799444
0.799466
0.799489
0.799511
0.799534
0.799556
0.799579
0.799601
0.799624
0.799646
0.799668
0.799691
0.799713
0.799736
0.799758
0.799781
0.799803
0.799825
0.799848
0.799870
0.799893
0.799915
0.799938
0.799960
0.799983
0.800005
0.800028
0.800050
0.800072
0.800095
0.800117
0.800140
0.800162
0.800185
0.800207
0.800230
0.800252
0.800275
0.800297
0.800319
0.800342
0.800364
0.800387
0.800409
0.800432
0.800454
0.800477
0.800499
0.800521
0.800544
0.800566
0.800589
0.800611
0.800634
0.800656
0.800679
0.800701
0.800724
0.800746
0.800769
0.800791
0.800813
0.800836
0.800858
0.800881
0.800903
0.800926
0.800948
0.800971
0.800993
0.801016
0.801038
0.801061
0.801083
0.801106
0.801128
0.801151
0.801173
0.801195
0.801218
0.801240
0.801263
0.801285
0.801308
0.801330
0.801353
0.801375
0.801398
0.801420
0.801443
0.801465
0.801488
0.801510
0.801533
0.801555
0.801578
0.801600
0.801623
0.801645
0.801668
0.801690
0.801712
0.801735
0.801758
0.801780
0.801802
0.801825
0.801847
0.801870
0.801892
0.801915
0.801937
0.801960
0.801982
0.802005
0.802027
0.802050
0.802072
0.802095
0.802117
0.802140
0.802162
0.802185
0.802207
0.802230
0.802252
0.802275
0.802297
0.802320
0.802342
0.802365
0.802387
0.802410
0.802432
0.802455
0.802477
0.802500
0.802522
0.802545
0.802567
0.802590
0.802612
0.802635
0.802657
0.802680
0.802702
0.802725
0.802747
0.802770
0.802792
0.802815
0.802837
0.802860
0.802882
0.802905
0.802927
0.802950
0.802972
0.802995
0.803017
0.803040
0.803062
0.803085
0.803107
0.803130
0.803153
0.803175
0.803198
0.803220
0.803243
0.803265
0.803288
0.803310
0.803333
0.803355
0.803378
0.803400
0.803423
0.803445
0.803468
0.803490
0.803513
0.803535
0.803558
0.803580
0.803603
0.803626
0.803648
0.803670
0.803693
0.803716
0.803738
0.803761
0.803783
0.803806
0.803828
0.803851
0.803873
0.803896
0.803918
0.803941
0.803963
0.803986
0.804008
0.804031
0.804053
0.804076
0.804099
0.804121
0.804144
0.804166
0.804189
0.804211
0.804234
0.804256
0.804279
0.804301
0.804324
0.804346
0.804369
0.804392
0.804414
0.804437
0.804459
0.804482
0.804504
0.804527
0.804549
0.804572
0.804595
0.804617
0.804640
0.804662
0.804685
0.804707
0.804730
0.804752
0.804775
0.804797
0.804820
0.804843
0.804865
0.804888
0.804910
0.804933
0.804955
0.804978
0.805000
0.805023
0.805045
0.805068
0.805091
0.805113
0.805136
0.805158
0.805181
0.805203
0.805226
0.805249
0.805271
0.805294
0.805316
0.805339
0.805361
0.805384
0.805407
0.805429
0.805452
0.805474
0.805497
0.805519
0.805542
0.805564
0.805587
0.805610
0.805632
0.805655
0.805677
0.805700
0.805722
0.805745
0.805768
0.805790
0.805813
0.805835
0.805858
0.805880
0.805903
0.805926
0.805948
0.805971
0.805993
0.806016
0.806038
0.806061
0.806084
0.806106
0.806129
0.806151
0.806174
0.806197
0.806219
0.806242
0.806264
0.806287
0.806309
0.806332
0.806355
0.806377
0.806400
0.806422
0.806445
0.806468
0.806490
0.806513
0.806535
0.806558
0.806581
0.806603
0.806626
0.806648
0.806671
0.806694
0.806716
0.806739
0.806761
0.806784
0.806806
0.806829
0.806852
0.806874
0.806897
0.806919
0.806942
0.806965
0.806987
0.807010
0.807032
0.807055
0.807078
0.807100
0.807123
0.807145
0.807168
0.807191
0.807213
0.807236
0.807258
0.807281
0.807304
0.807326
0.807349
0.807371
0.807394
0.807417
0.807439
0.807462
0.807484
0.807507
0.807530
0.807552
0.807575
0.807598
0.807620
0.807643
0.807665
0.807688
0.807711
0.807733
0.807756
0.807778
0.807801
0.807824
0.807846
0.807869
0.807892
0.807914
0.807937
0.807959
0.807982
0.808005
0.808027
0.808050
0.808072
0.808095
0.808118
0.808140
0.808163
0.808186
0.808208
0.808231
0.808253
0.808276
0.808299
0.808321
0.808344
0.808367
0.808389
0.808412
0.808434
0.808457
0.808480
0.808502
0.808525
0.808548
0.808570
0.808593
0.808615
0.808638
0.808661
0.808683
0.808706
0.808729
0.808751
0.808774
0.808797
0.808819
0.808842
0.808864
0.808887
0.808910
0.808932
0.808955
0.808978
0.809000
0.809023
0.809046
0.809068
0.809091
0.809114
0.809136
0.809159
0.809181
0.809204
0.809227
0.809249
0.809272
0.809295
0.809317
0.809340
0.809363
0.809385
0.809408
0.809431
0.809453
0.809476
0.809499
0.809521
0.809544
0.809567
0.809589
0.809612
0.809634
0.809657
0.809680
0.809702
0.809725
0.809748
0.809770
0.809793
0.809816
0.809838
0.809861
0.809884
0.809906
0.809929
0.809952
0.809974
0.809997
0.810020
0.810042
0.810065
0.810088
0.810110
0.810133
0.810156
0.810178
0.810201
0.810224
0.810246
0.810269
0.810292
0.810314
0.810337
0.810360
0.810382
0.810405
0.810428
0.810450
0.810473
0.810496
0.810518
0.810541
0.810564
0.810586
0.810609
0.810632
0.810654
0.810677
0.810700
0.810722
0.810745
0.810768
0.810791
0.810813
0.810836
0.810859
0.810881
0.810904
0.810927
0.810949
0.810972
0.810995
0.811017
0.811040
0.811063
0.811085
0.811108
0.811131
0.811153
0.811176
0.811199
0.811222
0.811244
0.811267
0.811290
0.811312
0.811335
0.811358
0.811380
0.811403
0.811426
0.811448
0.811471
0.811494
0.811516
0.811539
0.811562
0.811585
0.811607
0.811630
0.811653
0.811675
0.811698
0.811721
0.811743
0.811766
0.811789
0.811812
0.811834
0.811857
0.811880
0.811902
0.811925
0.811948
0.811971
0.811993
0.812016
0.812039
0.812061
0.812084
0.812107
0.812129
0.812152
0.812175
0.812198
0.812220
0.812243
0.812266
0.812288
0.812311
0.812334
0.812357
0.812379
0.812402
0.812425
0.812447
0.812470
0.812493
0.812516
0.812538
0.812561
0.812584
0.812606
0.812629
0.812652
0.812675
0.812697
0.812720
0.812743
0.812765
0.812788
0.812811
0.812834
0.812856
0.812879
0.812902
0.812925
0.812947
0.812970
0.812993
0.813015
0.813038
0.813061
0.813084
0.813106
0.813129
0.813152
0.813175
0.813197
0.813220
0.813243
0.813265
0.813288
0.813311
0.813334
0.813356
0.813379
0.813402
0.813425
0.813447
0.813470
0.813493
0.813515
0.813538
0.813561
0.813584
0.813606
0.813629
0.813652
0.813675
0.813697
0.813720
0.813743
0.813766
0.813788
0.813811
0.813834
0.813857
0.813879
0.813902
0.813925
0.813948
0.813970
0.813993
0.814016
0.814039
0.814061
0.814084
0.814107
0.814130
0.814152
0.814175
0.814198
0.814221
0.814243
0.814266
0.814289
0.814312
0.814334
0.814357
0.814380
0.814403
0.814425
0.814448
0.814471
0.814494
0.814516
0.814539
0.814562
0.814585
0.814607
0.814630
0.814653
0.814676
0.814699
0.814721
0.814744
0.814767
0.814790
0.814812
0.814835
0.814858
0.814881
0.814903
0.814926
0.814949
0.814972
0.814994
0.815017
0.815040
0.815063
0.815086
0.815108
0.815131
0.815154
0.815177
0.815199
0.815222
0.815245
0.815268
0.815290
0.815313
0.815336
0.815359
0.815382
0.815404
0.815427
0.815450
0.815473
0.815496
0.815518
0.815541
0.815564
0.815587
0.815609
0.815632
0.815655
0.815678
0.815701
0.815723
0.815746
0.815769
0.815792
0.815815
0.815837
0.815860
0.815883
0.815906
0.815928
0.815951
0.815974
0.815997
0.816020
0.816042
0.816065
0.816088
0.816111
0.816134
0.816156
0.816179
0.816202
0.816225
0.816248
0.816270
0.816293
0.816316
0.816339
0.816362
0.816384
0.816407
0.816430
0.816453
0.816476
0.816498
0.816521
0.816544
0.816567
0.816590
0.816612
0.816635
0.816658
0.816681
0.816704
0.816726
0.816749
0.816772
0.816795
0.816818
0.816840
0.816863
0.816886
0.816909
0.816932
0.816955
0.816977
0.817000
0.817023
0.817046
0.817069
0.817091
0.817114
0.817137
0.817160
0.817183
0.817205
0.817228
0.817251
0.817274
0.817297
0.817319
0.817342
0.817365
0.817388
0.817411
0.817434
0.817456
0.817479
0.817502
0.817525
0.817548
0.817571
0.817593
0.817616
0.817639
0.817662
0.817685
0.817707
0.817730
0.817753
0.817776
0.817799
0.817822
0.817845
0.817867
0.817890
0.817913
0.817936
0.817959
0.817982
0.818004
0.818027
0.818050
0.818073
0.818096
0.818118
0.818141
0.818164
0.818187
0.818210
0.818233
0.818256
0.818278
0.818301
0.818324
0.818347
0.818370
0.818392
0.818415
0.818438
0.818461
0.818484
0.818507
0.818530
0.818552
0.818575
0.818598
0.818621
0.818644
0.818667
0.818689
0.818712
0.818735
0.818758
0.818781
0.818804
0.818827
0.818849
0.818872
0.818895
0.818918
0.818941
0.818964
0.818987
0.819009
0.819032
0.819055
0.819078
0.819101
0.819124
0.819147
0.819169
0.819192
0.819215
0.819238
0.819261
0.819284
0.819307
0.819329
0.819352
0.819375
0.819398
0.819421
0.819444
0.819467
0.819490
0.819512
0.819535
0.819558
0.819581
0.819604
0.819627
0.819650
0.819672
0.819695
0.819718
0.819741
0.819764
0.819787
0.819810
0.819833
0.819855
0.819878
0.819901
0.819924
0.819947
0.819970
0.819993
0.820015
0.820038
0.820061
0.820084
0.820107
0.820130
0.820153
0.820176
0.820198
0.820221
0.820244
0.820267
0.820290
0.820313
0.820336
0.820359
0.820382
0.820404
0.820427
0.820450
0.820473
0.820496
0.820519
0.820542
0.820565
0.820588
0.820610
0.820633
0.820656
0.820679
0.820702
0.820725
0.820748
0.820771
0.820794
0.820816
0.820839
0.820862
0.820885
0.820908
0.820931
0.820954
0.820977
0.821000
0.821023
0.821045
0.821068
0.821091
0.821114
0.821137
0.821160
0.821183
0.821206
0.821229
0.821252
0.821274
0.821297
0.821320
0.821343
0.821366
0.821389
0.821412
0.821435
0.821458
0.821481
0.821503
0.821526
0.821549
0.821572
0.821595
0.821618
0.821641
0.821664
0.821687
0.821710
0.821733
0.821756
0.821778
0.821801
0.821824
0.821847
0.821870
0.821893
0.821916
0.821939
0.821962
0.821985
0.822008
0.822031
0.822053
0.822076
0.822099
0.822122
0.822145
0.822168
0.822191
0.822214
0.822237
0.822260
0.822283
0.822306
0.822328
0.822351
0.822374
0.822397
0.822420
0.822443
0.822466
0.822489
0.822512
0.822535
0.822558
0.822581
0.822604
0.822627
0.822649
0.822672
0.822695
0.822718
0.822741
0.822764
0.822787
0.822810
0.822833
0.822856
0.822879
0.822902
0.822925
0.822948
0.822971
0.822994
0.823016
0.823039
0.823062
0.823085
0.823108
0.823131
0.823154
0.823177
0.823200
0.823223
0.823246
0.823269
0.823292
0.823315
0.823338
0.823361
0.823384
0.823407
0.823429
0.823452
0.823475
0.823498
0.823521
0.823544
0.823567
0.823590
0.823613
0.823636
0.823659
0.823682
0.823705
0.823728
0.823751
0.823774
0.823797
0.823820
0.823843
0.823866
0.823889
0.823912
0.823934
0.823957
0.823980
0.824003
0.824026
0.824049
0.824072
0.824095
0.824118
0.824141
0.824164
0.824187
0.824210
0.824233
0.824256
0.824279
0.824302
0.824325
0.824348
0.824371
0.824394
0.824417
0.824440
0.824463
0.824486
0.824509
0.824532
0.824554
0.824578
0.824601
0.824623
0.824646
0.824669
0.824692
0.824715
0.824738
0.824761
0.824784
0.824807
0.824830
0.824853
0.824876
0.824899
0.824922
0.824945
0.824968
0.824991
0.825014
0.825037
0.825060
0.825083
0.825106
0.825129
0.825152
0.825175
0.825198
0.825221
0.825244
0.825267
0.825290
0.825313
0.825336
0.825359
0.825382
0.825405
0.825428
0.825451
0.825474
0.825497
0.825520
0.825543
0.825566
0.825589
0.825612
0.825635
0.825658
0.825681
0.825704
0.825727
0.825750
0.825773
0.825796
0.825819
0.825842
0.825865
0.825888
0.825911
0.825934
0.825957
0.825980
0.826003
0.826026
0.826049
0.826072
0.826095
0.826118
0.826141
0.826164
0.826187
0.826210
0.826233
0.826256
0.826279
0.826302
0.826325
0.826348
0.826371
0.826394
0.826417
0.826440
0.826463
0.826486
0.826509
0.826532
0.826555
0.826578
0.826601
0.826624
0.826647
0.826670
0.826693
0.826716
0.826739
0.826762
0.826785
0.826808
0.826831
0.826854
0.826877
0.826900
0.826923
0.826946
0.826969
0.826992
0.827015
0.827038
0.827061
0.827084
0.827108
0.827131
0.827153
0.827177
0.827200
0.827223
0.827246
0.827269
0.827292
0.827315
0.827338
0.827361
0.827384
0.827407
0.827430
0.827453
0.827476
0.827499
0.827522
0.827545
0.827568
0.827591
0.827614
0.827637
0.827660
0.827683
0.827706
0.827729
0.827752
0.827775
0.827798
0.827822
0.827845
0.827868
0.827891
0.827914
0.827937
0.827960
0.827983
0.828006
0.828029
0.828052
0.828075
0.828098
0.828121
0.828144
0.828167
0.828190
0.828213
0.828236
0.828259
0.828282
0.828305
0.828329
0.828352
0.828375
0.828398
0.828421
0.828444
0.828467
0.828490
0.828513
0.828536
0.828559
0.828582
0.828605
0.828628
0.828651
0.828674
0.828697
0.828720
0.828744
0.828767
0.828790
0.828813
0.828836
0.828859
0.828882
0.828905
0.828928
0.828951
0.828974
0.828997
0.829020
0.829043
0.829066
0.829090
0.829113
0.829136
0.829159
0.829182
0.829205
0.829228
0.829251
0.829274
0.829297
0.829320
0.829343
0.829366
0.829389
0.829413
0.829436
0.829459
0.829482
0.829505
0.829528
0.829551
0.829574
0.829597
0.829620
0.829643
0.829666
0.829689
0.829713
0.829736
0.829759
0.829782
0.829805
0.829828
0.829851
0.829874
0.829897
0.829920
0.829943
0.829967
0.829989
0.830013
0.830036
0.830059
0.830082
0.830105
0.830128
0.830151
0.830174
0.830197
0.830220
0.830244
0.830267
0.830290
0.830313
0.830336
0.830359
0.830382
0.830405
0.830428
0.830451
0.830475
0.830498
0.830521
0.830544
0.830567
0.830590
0.830613
0.830636
0.830659
0.830682
0.830705
0.830729
0.830752
0.830775
0.830798
0.830821
0.830844
0.830867
0.830890
0.830913
0.830937
0.830960
0.830983
0.831006
0.831029
0.831052
0.831075
0.831098
0.831121
0.831145
0.831168
0.831191
0.831214
0.831237
0.831260
0.831283
0.831306
0.831329
0.831353
0.831376
0.831399
0.831422
0.831445
0.831468
0.831491
0.831514
0.831537
0.831561
0.831584
0.831607
0.831630
0.831653
0.831676
0.831699
0.831722
0.831746
0.831769
0.831792
0.831815
0.831838
0.831861
0.831884
0.831907
0.831931
0.831954
0.831977
0.832000
0.832023
0.832046
0.832069
0.832093
0.832116
0.832139
0.832162
0.832185
0.832208
0.832231
0.832254
0.832278
0.832301
0.832324
0.832347
0.832370
0.832393
0.832416
0.832440
0.832463
0.832486
0.832509
0.832532
0.832555
0.832578
0.832602
0.832625
0.832648
0.832671
0.832694
0.832717
0.832740
0.832764
0.832787
0.832810
0.832833
0.832856
0.832879
0.832902
0.832926
0.832949
0.832972
0.832995
0.833018
0.833041
0.833064
0.833088
0.833111
0.833134
0.833157
0.833180
0.833203
0.833227
0.833250
0.833273
0.833296
0.833319
0.833342
0.833365
0.833389
0.833412
0.833435
0.833458
0.833481
0.833504
0.833528
0.833551
0.833574
0.833597
0.833620
0.833643
0.833667
0.833690
0.833713
0.833736
0.833759
0.833782
0.833806
0.833829
0.833852
0.833875
0.833898
0.833921
0.833945
0.833968
0.833991
0.834014
0.834037
0.834060
0.834084
0.834107
0.834130
0.834153
0.834176
0.834200
0.834223
0.834246
0.834269
0.834292
0.834315
0.834339
0.834362
0.834385
0.834408
0.834431
0.834454
0.834478
0.834501
0.834524
0.834547
0.834570
0.834594
0.834617
0.834640
0.834663
0.834686
0.834710
0.834733
0.834756
0.834779
0.834802
0.834825
0.834849
0.834872
0.834895
0.834918
0.834941
0.834965
0.834988
0.835011
0.835034
0.835057
0.835081
0.835104
0.835127
0.835150
0.835173
0.835196
0.835220
0.835243
0.835266
0.835289
0.835313
0.835336
0.835359
0.835382
0.835405
0.835429
0.835452
0.835475
0.835498
0.835521
0.835545
0.835568
0.835591
0.835614
0.835637
0.835661
0.835684
0.835707
0.835730
0.835753
0.835777
0.835800
0.835823
0.835846
0.835869
0.835893
0.835916
0.835939
0.835962
0.835985
0.836009
0.836032
0.836055
0.836078
0.836102
0.836125
0.836148
0.836171
0.836194
0.836218
0.836241
0.836264
0.836287
0.836311
0.836334
0.836357
0.836380
0.836403
0.836427
0.836450
0.836473
0.836496
0.836520
0.836543
0.836566
0.836589
0.836612
0.836636
0.836659
0.836682
0.836705
0.836729
0.836752
0.836775
0.836798
0.836821
0.836845
0.836868
0.836891
0.836914
0.836938
0.836961
0.836984
0.837007
0.837031
0.837054
0.837077
0.837100
0.837124
0.837147
0.837170
0.837193
0.837216
0.837240
0.837263
0.837286
0.837309
0.837333
0.837356
0.837379
0.837402
0.837426
0.837449
0.837472
0.837495
0.837519
0.837542
0.837565
0.837588
0.837612
0.837635
0.837658
0.837681
0.837705
0.837728
0.837751
0.837774
0.837798
0.837821
0.837844
0.837867
0.837891
0.837914
0.837937
0.837960
0.837984
0.838007
0.838030
0.838053
0.838077
0.838100
0.838123
0.838146
0.838170
0.838193
0.838216
0.838239
0.838263
0.838286
0.838309
0.838332
0.838356
0.838379
0.838402
0.838426
0.838449
0.838472
0.838495
0.838519
0.838542
0.838565
0.838588
0.838612
0.838635
0.838658
0.838682
0.838705
0.838728
0.838751
0.838775
0.838798
0.838821
0.838844
0.838868
0.838891
0.838914
0.838937
0.838961
0.838984
0.839007
0.839031
0.839054
0.839077
0.839100
0.839124
0.839147
0.839170
0.839194
0.839217
0.839240
0.839263
0.839287
0.839310
0.839333
0.839356
0.839380
0.839403
0.839426
0.839450
0.839473
0.839496
0.839520
0.839543
0.839566
0.839589
0.839613
0.839636
0.839659
0.839683
0.839706
0.839729
0.839752
0.839776
0.839799
0.839822
0.839846
0.839869
0.839892
0.839916
0.839939
0.839962
0.839985
0.840009
0.840032
0.840055
0.840079
0.840102
0.840125
0.840149
0.840172
0.840195
0.840218
0.840242
0.840265
0.840288
0.840312
0.840335
0.840358
0.840381
0.840405
0.840428
0.840452
0.840475
0.840498
0.840521
0.840545
0.840568
0.840591
0.840615
0.840638
0.840661
0.840684
0.840708
0.840731
0.840755
0.840778
0.840801
0.840824
0.840848
0.840871
0.840894
0.840918
0.840941
0.840964
0.840988
0.841011
0.841034
0.841058
0.841081
0.841104
0.841128
0.841151
0.841174
0.841197
0.841221
0.841244
0.841268
0.841291
0.841314
0.841337
0.841361
0.841384
0.841407
0.841431
0.841454
0.841477
0.841501
0.841524
0.841547
0.841571
0.841594
0.841617
0.841641
0.841664
0.841687
0.841711
0.841734
0.841757
0.841781
0.841804
0.841827
0.841851
0.841874
0.841897
0.841921
0.841944
0.841967
0.841991
0.842014
0.842037
0.842061
0.842084
0.842107
0.842131
0.842154
0.842178
0.842201
0.842224
0.842247
0.842271
0.842294
0.842317
0.842341
0.842364
0.842388
0.842411
0.842434
0.842458
0.842481
0.842504
0.842528
0.842551
0.842574
0.842598
0.842621
0.842644
0.842668
0.842691
0.842715
0.842738
0.842761
0.842785
0.842808
0.842831
0.842855
0.842878
0.842901
0.842925
0.842948
0.842971
0.842995
0.843018
0.843041
0.843065
0.843088
0.843112
0.843135
0.843158
0.843182
0.843205
0.843228
0.843252
0.843275
0.843299
0.843322
0.843345
0.843369
0.843392
0.843415
0.843439
0.843462
0.843485
0.843509
0.843532
0.843556
0.843579
0.843602
0.843626
0.843649
0.843672
0.843696
0.843719
0.843743
0.843766
0.843789
0.843813
0.843836
0.843859
0.843883
0.843906
0.843930
0.843953
0.843976
0.844000
0.844023
0.844047
0.844070
0.844093
0.844117
0.844140
0.844163
0.844187
0.844210
0.844234
0.844257
0.844280
0.844304
0.844327
0.844351
0.844374
0.844397
0.844421
0.844444
0.844467
0.844491
0.844514
0.844538
0.844561
0.844584
0.844608
0.844631
0.844655
0.844678
0.844701
0.844725
0.844748
0.844771
0.844795
0.844818
0.844842
0.844865
0.844888
0.844912
0.844935
0.844959
0.844982
0.845006
0.845029
0.845052
0.845076
0.845099
0.845123
0.845146
0.845169
0.845193
0.845216
0.845240
0.845263
0.845286
0.845310
0.845333
0.845357
0.845380
0.845403
0.845427
0.845450
0.845474
0.845497
0.845521
0.845544
0.845567
0.845591
0.845614
0.845638
0.845661
0.845684
0.845708
0.845731
0.845755
0.845778
0.845801
0.845825
0.845848
0.845872
0.845895
0.845919
0.845942
0.845965
0.845989
0.846012
0.846036
0.846059
0.846083
0.846106
0.846129
0.846153
0.846176
0.846200
0.846223
0.846247
0.846270
0.846293
0.846317
0.846340
0.846364
0.846387
0.846411
0.846434
0.846457
0.846481
0.846504
0.846528
0.846551
0.846575
0.846598
0.846621
0.846645
0.846668
0.846692
0.846715
0.846739
0.846762
0.846786
0.846809
0.846832
0.846856
0.846879
0.846903
0.846926
0.846950
0.846973
0.846996
0.847020
0.847043
0.847067
0.847090
0.847114
0.847137
0.847161
0.847184
0.847207
0.847231
0.847254
0.847278
0.847301
0.847325
0.847348
0.847372
0.847395
0.847419
0.847442
0.847465
0.847489
0.847512
0.847536
0.847559
0.847583
0.847606
0.847630
0.847653
0.847676
0.847700
0.847724
0.847747
0.847770
0.847794
0.847817
0.847841
0.847864
0.847888
0.847911
0.847935
0.847958
0.847982
0.848005
0.848028
0.848052
0.848075
0.848099
0.848122
0.848146
0.848169
0.848193
0.848216
0.848240
0.848263
0.848287
0.848310
0.848334
0.848357
0.848380
0.848404
0.848427
0.848451
0.848474
0.848498
0.848521
0.848545
0.848568
0.848592
0.848615
0.848639
0.848662
0.848686
0.848709
0.848733
0.848756
0.848780
0.848803
0.848827
0.848850
0.848874
0.848897
0.848920
0.848944
0.848967
0.848991
0.849014
0.849038
0.849061
0.849085
0.849108
0.849132
0.849155
0.849179
0.849202
0.849226
0.849249
0.849273
0.849296
0.849320
0.849343
0.849367
0.849390
0.849414
0.849437
0.849461
0.849484
0.849508
0.849531
0.849555
0.849578
0.849602
0.849625
0.849649
0.849672
0.849696
0.849719
0.849743
0.849766
0.849790
0.849813
0.849837
0.849860
0.849884
0.849907
0.849931
0.849954
0.849978
0.850001
0.850025
0.850048
0.850072
0.850095
0.850119
0.850142
0.850166
0.850189
0.850213
0.850236
0.850260
0.850283
0.850307
0.850330
0.850354
0.850377
0.850401
0.850424
0.850448
0.850471
0.850495
0.850518
0.850542
0.850565
0.850589
0.850613
0.850636
0.850660
0.850683
0.850707
0.850730
0.850754
0.850777
0.850801
0.850824
0.850848
0.850871
0.850895
0.850918
0.850942
0.850965
0.850989
0.851012
0.851036
0.851059
0.851083
0.851107
0.851130
0.851154
0.851177
0.851201
0.851224
0.851248
0.851271
0.851295
0.851318
0.851342
0.851365
0.851389
0.851412
0.851436
0.851460
0.851483
0.851507
0.851530
0.851554
0.851577
0.851601
0.851624
0.851648
0.851671
0.851695
0.851718
0.851742
0.851766
0.851789
0.851813
0.851836
0.851860
0.851883
0.851907
0.851930
0.851954
0.851978
0.852001
0.852025
0.852048
0.852072
0.852095
0.852119
0.852142
0.852166
0.852189
0.852213
0.852236
0.852260
0.852284
0.852307
0.852331
0.852354
0.852378
0.852401
0.852425
0.852448
0.852472
0.852496
0.852519
0.852543
0.852566
0.852590
0.852613
0.852637
0.852661
0.852684
0.852708
0.852731
0.852755
0.852778
0.852802
0.852825
0.852849
0.852873
0.852896
0.852920
0.852943
0.852967
0.852990
0.853014
0.853038
0.853061
0.853085
0.853108
0.853132
0.853155
0.853179
0.853203
0.853226
0.853250
0.853273
0.853297
0.853320
0.853344
0.853368
0.853391
0.853415
0.853438
0.853462
0.853485
0.853509
0.853533
0.853556
0.853580
0.853603
0.853627
0.853650
0.853674
0.853698
0.853721
0.853745
0.853768
0.853792
0.853816
0.853839
0.853863
0.853886
0.853910
0.853934
0.853957
0.853981
0.854004
0.854028
0.854051
0.854075
0.854099
0.854122
0.854146
0.854169
0.854193
0.854217
0.854240
0.854264
0.854287
0.854311
0.854335
0.854358
0.854382
0.854405
0.854429
0.854453
0.854476
0.854500
0.854523
0.854547
0.854570
0.854594
0.854618
0.854641
0.854665
0.854688
0.854712
0.854736
0.854759
0.854783
0.854807
0.854830
0.854854
0.854877
0.854901
0.854925
0.854948
0.854972
0.854995
0.855019
0.855043
0.855066
0.855090
0.855113
0.855137
0.855161
0.855184
0.855208
0.855232
0.855255
0.855279
0.855302
0.855326
0.855350
0.855373
0.855397
0.855420
0.855444
0.855468
0.855491
0.855515
0.855539
0.855562
0.855586
0.855609
0.855633
0.855657
0.855680
0.855704
0.855728
0.855751
0.855775
0.855798
0.855822
0.855846
0.855869
0.855893
0.855917
0.855940
0.855964
0.855988
0.856011
0.856035
0.856058
0.856082
0.856106
0.856129
0.856153
0.856177
0.856200
0.856224
0.856247
0.856271
0.856295
0.856318
0.856342
0.856366
0.856389
0.856413
0.856436
0.856460
0.856484
0.856507
0.856531
0.856555
0.856578
0.856602
0.856626
0.856649
0.856673
0.856697
0.856720
0.856744
0.856767
0.856791
0.856815
0.856839
0.856862
0.856886
0.856909
0.856933
0.856957
0.856980
0.857004
0.857028
0.857051
0.857075
0.857099
0.857122
0.857146
0.857169
0.857193
0.857217
0.857241
0.857264
0.857288
0.857311
0.857335
0.857359
0.857382
0.857406
0.857430
0.857454
0.857477
0.857501
0.857524
0.857548
0.857572
0.857595
0.857619
0.857643
0.857666
0.857690
0.857714
0.857737
0.857761
0.857785
0.857808
0.857832
0.857856
0.857879
0.857903
0.857927
0.857950
0.857974
0.857998
0.858021
0.858045
0.858069
0.858092
0.858116
0.858140
0.858164
0.858187
0.858211
0.858234
0.858258
0.858282
0.858305
0.858329
0.858353
0.858377
0.858400
0.858424
0.858448
0.858471
0.858495
0.858519
0.858542
0.858566
0.858590
0.858613
0.858637
0.858661
0.858684
0.858708
0.858732
0.858755
0.858779
0.858803
0.858826
0.858850
0.858874
0.858898
0.858921
0.858945
0.858969
0.858992
0.859016
0.859040
0.859063
0.859087
0.859111
0.859134
0.859158
0.859182
0.859206
0.859229
0.859253
0.859277
0.859300
0.859324
0.859348
0.859371
0.859395
0.859419
0.859443
0.859466
0.859490
0.859514
0.859537
0.859561
0.859585
0.859609
0.859632
0.859656
0.859680
0.859703
0.859727
0.859751
0.859774
0.859798
0.859822
0.859846
0.859869
0.859893
0.859917
0.859940
0.859964
0.859988
0.860012
0.860035
0.860059
0.860083
0.860106
0.860130
0.860154
0.860178
0.860201
0.860225
0.860249
0.860272
0.860296
0.860320
0.860344
0.860367
0.860391
0.860415
0.860438
0.860462
0.860486
0.860510
0.860533
0.860557
0.860581
0.860604
0.860628
0.860652
0.860676
0.860699
0.860723
0.860747
0.860771
0.860794
0.860818
0.860842
0.860866
0.860889
0.860913
0.860937
0.860961
0.860984
0.861008
0.861032
0.861055
0.861079
0.861103
0.861127
0.861150
0.861174
0.861198
0.861222
0.861245
0.861269
0.861293
0.861317
0.861340
0.861364
0.861388
0.861412
0.861435
0.861459
0.861483
0.861507
0.861530
0.861554
0.861578
0.861601
0.861625
0.861649
0.861673
0.861696
0.861720
0.861744
0.861768
0.861791
0.861815
0.861839
0.861863
0.861886
0.861910
0.861934
0.861958
0.861981
0.862005
0.862029
0.862053
0.862076
0.862100
0.862124
0.862148
0.862171
0.862195
0.862219
0.862243
0.862266
0.862290
0.862314
0.862338
0.862362
0.862385
0.862409
0.862433
0.862457
0.862480
0.862504
0.862528
0.862552
0.862575
0.862599
0.862623
0.862647
0.862671
0.862694
0.862718
0.862742
0.862766
0.862789
0.862813
0.862837
0.862861
0.862884
0.862908
0.862932
0.862956
0.862980
0.863003
0.863027
0.863051
0.863075
0.863098
0.863122
0.863146
0.863170
0.863194
0.863217
0.863241
0.863265
0.863289
0.863312
0.863336
0.863360
0.863384
0.863407
0.863431
0.863455
0.863479
0.863503
0.863526
0.863550
0.863574
0.863598
0.863622
0.863645
0.863669
0.863693
0.863717
0.863741
0.863764
0.863788
0.863812
0.863836
0.863859
0.863883
0.863907
0.863931
0.863955
0.863978
0.864002
0.864026
0.864050
0.864074
0.864097
0.864121
0.864145
0.864169
0.864193
0.864216
0.864240
0.864264
0.864288
0.864312
0.864335
0.864359
0.864383
0.864407
0.864431
0.864454
0.864478
0.864502
0.864526
0.864550
0.864573
0.864597
0.864621
0.864645
0.864669
0.864692
0.864716
0.864740
0.864764
0.864788
0.864812
0.864835
0.864859
0.864883
0.864907
0.864931
0.864954
0.864978
0.865002
0.865026
0.865050
0.865074
0.865097
0.865121
0.865145
0.865169
0.865193
0.865216
0.865240
0.865264
0.865288
0.865312
0.865335
0.865359
0.865383
0.865407
0.865431
0.865455
0.865478
0.865502
0.865526
0.865550
0.865574
0.865598
0.865621
0.865645
0.865669
0.865693
0.865717
0.865741
0.865764
0.865788
0.865812
0.865836
0.865860
0.865884
0.865907
0.865931
0.865955
0.865979
0.866003
0.866026
0.866050
0.866074
0.866098
0.866122
0.866146
0.866170
0.866193
0.866217
0.866241
0.866265
0.866289
0.866313
0.866336
0.866360
0.866384
0.866408
0.866432
0.866456
0.866480
0.866503
0.866527
0.866551
0.866575
0.866599
0.866623
0.866646
0.866670
0.866694
0.866718
0.866742
0.866766
0.866790
0.866813
0.866837
0.866861
0.866885
0.866909
0.866933
0.866957
0.866980
0.867004
0.867028
0.867052
0.867076
0.867100
0.867124
0.867147
0.867171
0.867195
0.867219
0.867243
0.867267
0.867291
0.867314
0.867338
0.867362
0.867386
0.867410
0.867434
0.867458
0.867482
0.867505
0.867529
0.867553
0.867577
0.867601
0.867625
0.867649
0.867672
0.867696
0.867720
0.867744
0.867768
0.867792
0.867816
0.867840
0.867863
0.867887
0.867911
0.867935
0.867959
0.867983
0.868007
0.868030
0.868054
0.868078
0.868102
0.868126
0.868150
0.868174
0.868198
0.868221
0.868245
0.868269
0.868293
0.868317
0.868341
0.868365
0.868389
0.868413
0.868436
0.868460
0.868484
0.868508
0.868532
0.868556
0.868580
0.868604
0.868628
0.868651
0.868675
0.868699
0.868723
0.868747
0.868771
0.868795
0.868819
0.868843
0.868866
0.868890
0.868914
0.868938
0.868962
0.868986
0.869010
0.869034
0.869058
0.869082
0.869105
0.869129
0.869153
0.869177
0.869201
0.869225
0.869249
0.869273
0.869297
0.869321
0.869345
0.869368
0.869392
0.869416
0.869440
0.869464
0.869488
0.869512
0.869536
0.869560
0.869584
0.869607
0.869631
0.869655
0.869679
0.869703
0.869727
0.869751
0.869775
0.869799
0.869823
0.869847
0.869871
0.869895
0.869918
0.869942
0.869966
0.869990
0.870014
0.870038
0.870062
0.870086
0.870110
0.870134
0.870158
0.870181
0.870205
0.870229
0.870253
0.870277
0.870301
0.870325
0.870349
0.870373
0.870397
0.870421
0.870445
0.870469
0.870493
0.870517
0.870540
0.870564
0.870588
0.870612
0.870636
0.870660
0.870684
0.870708
0.870732
0.870756
0.870780
0.870804
0.870828
0.870851
0.870875
0.870899
0.870923
0.870947
0.870971
0.870995
0.871019
0.871043
0.871067
0.871091
0.871115
0.871139
0.871163
0.871187
0.871211
0.871235
0.871259
0.871282
0.871306
0.871330
0.871354
0.871378
0.871402
0.871426
0.871450
0.871474
0.871498
0.871522
0.871546
0.871570
0.871594
0.871618
0.871642
0.871666
0.871689
0.871713
0.871737
0.871761
0.871785
0.871809
0.871833
0.871857
0.871881
0.871905
0.871929
0.871953
0.871977
0.872001
0.872025
0.872049
0.872073
0.872097
0.872121
0.872145
0.872169
0.872193
0.872217
0.872240
0.872264
0.872289
0.872312
0.872336
0.872360
0.872384
0.872408
0.872432
0.872456
0.872480
0.872504
0.872528
0.872552
0.872576
0.872600
0.872624
0.872648
0.872672
0.872696
0.872720
0.872744
0.872768
0.872792
0.872816
0.872840
0.872864
0.872888
0.872912
0.872936
0.872960
0.872984
0.873008
0.873032
0.873055
0.873080
0.873103
0.873128
0.873152
0.873175
0.873199
0.873223
0.873247
0.873271
0.873295
0.873319
0.873343
0.873367
0.873391
0.873415
0.873439
0.873463
0.873487
0.873511
0.873535
0.873559
0.873583
0.873607
0.873631
0.873655
0.873679
0.873703
0.873727
0.873751
0.873775
0.873799
0.873823
0.873847
0.873871
0.873895
0.873919
0.873943
0.873967
0.873991
0.874015
0.874039
0.874063
0.874087
0.874111
0.874135
0.874159
0.874183
0.874207
0.874231
0.874255
0.874279
0.874303
0.874327
0.874351
0.874375
0.874399
0.874423
0.874447
0.874471
0.874495
0.874519
0.874543
0.874567
0.874591
0.874615
0.874639
0.874663
0.874687
0.874711
0.874735
0.874759
0.874783
0.874807
0.874831
0.874855
0.874879
0.874903
0.874928
0.874951
0.874975
0.875000
0.875024
0.875048
0.875072
0.875096
0.875120
0.875144
0.875168
0.875192
0.875216
0.875240
0.875264
0.875288
0.875312
0.875336
0.875360
0.875384
0.875408
0.875432
0.875456
0.875480
0.875504
0.875528
0.875552
0.875576
0.875600
0.875624
0.875648
0.875672
0.875696
0.875720
0.875744
0.875768
0.875792
0.875816
0.875841
0.875865
0.875889
0.875913
0.875937
0.875961
0.875985
0.876009
0.876033
0.876057
0.876081
0.876105
0.876129
0.876153
0.876177
0.876201
0.876225
0.876249
0.876273
0.876297
0.876321
0.876345
0.876369
0.876394
0.876418
0.876442
0.876466
0.876490
0.876514
0.876538
0.876562
0.876586
0.876610
0.876634
0.876658
0.876682
0.876706
0.876730
0.876754
0.876778
0.876802
0.876826
0.876850
0.876875
0.876899
0.876923
0.876947
0.876971
0.876995
0.877019
0.877043
0.877067
0.877091
0.877115
0.877139
0.877163
0.877187
0.877211
0.877236
0.877260
0.877284
0.877308
0.877332
0.877356
0.877380
0.877404
0.877428
0.877452
0.877476
0.877500
0.877524
0.877548
0.877573
0.877596
0.877621
0.877645
0.877669
0.877693
0.877717
0.877741
0.877765
0.877789
0.877813
0.877837
0.877861
0.877885
0.877909
0.877934
0.877958
0.877982
0.878006
0.878030
0.878054
0.878078
0.878102
0.878126
0.878150
0.878174
0.878199
0.878222
0.878247
0.878271
0.878295
0.878319
0.878343
0.878367
0.878391
0.878415
0.878439
0.878463
0.878488
0.878512
0.878536
0.878560
0.878584
0.878608
0.878632
0.878656
0.878680
0.878704
0.878729
0.878753
0.878777
0.878801
0.878825
0.878849
0.878873
0.878897
0.878921
0.878945
0.878969
0.878994
0.879018
0.879042
0.879066
0.879090
0.879114
0.879138
0.879162
0.879186
0.879210
0.879235
0.879259
0.879283
0.879307
0.879331
0.879355
0.879379
0.879403
0.879427
0.879452
0.879476
0.879500
0.879524
0.879548
0.879572
0.879596
0.879620
0.879644
0.879669
0.879693
0.879717
0.879741
0.879765
0.879789
0.879813
0.879837
0.879862
0.879886
0.879910
0.879934
0.879958
0.879982
0.880006
0.880030
0.880054
0.880079
0.880103
0.880127
0.880151
0.880175
0.880199
0.880223
0.880247
0.880272
0.880296
0.880320
0.880344
0.880368
0.880392
0.880416
0.880440
0.880465
0.880489
0.880513
0.880537
0.880561
0.880585
0.880609
0.880634
0.880658
0.880682
0.880706
0.880730
0.880754
0.880778
0.880802
0.880827
0.880851
0.880875
0.880899
0.880923
0.880947
0.880971
0.880996
0.881020
0.881044
0.881068
0.881092
0.881116
0.881140
0.881165
0.881189
0.881213
0.881237
0.881261
0.881285
0.881309
0.881334
0.881358
0.881382
0.881406
0.881430
0.881454
0.881479
0.881503
0.881527
0.881551
0.881575
0.881599
0.881623
0.881648
0.881672
0.881696
0.881720
0.881744
0.881768
0.881793
0.881817
0.881841
0.881865
0.881889
0.881913
0.881937
0.881962
0.881986
0.882010
0.882034
0.882058
0.882082
0.882107
0.882131
0.882155
0.882179
0.882203
0.882227
0.882252
0.882276
0.882300
0.882324
0.882348
0.882372
0.882397
0.882421
0.882445
0.882469
0.882493
0.882517
0.882542
0.882566
0.882590
0.882614
0.882638
0.882663
0.882687
0.882711
0.882735
0.882759
0.882783
0.882808
0.882832
0.882856
0.882880
0.882904
0.882928
0.882953
0.882977
0.883001
0.883025
0.883049
0.883074
0.883098
0.883122
0.883146
0.883170
0.883195
0.883219
0.883243
0.883267
0.883291
0.883315
0.883340
0.883364
0.883388
0.883412
0.883436
0.883461
0.883485
0.883509
0.883533
0.883557
0.883582
0.883606
0.883630
0.883654
0.883678
0.883703
0.883727
0.883751
0.883775
0.883799
0.883824
0.883848
0.883872
0.883896
0.883920
0.883944
0.883969
0.883993
0.884017
0.884041
0.884065
0.884090
0.884114
0.884138
0.884162
0.884187
0.884211
0.884235
0.884259
0.884283
0.884308
0.884332
0.884356
0.884380
0.884404
0.884429
0.884453
0.884477
0.884501
0.884525
0.884550
0.884574
0.884598
0.884622
0.884647
0.884671
0.884695
0.884719
0.884743
0.884768
0.884792
0.884816
0.884840
0.884864
0.884889
0.884913
0.884937
0.884961
0.884986
0.885010
0.885034
0.885058
0.885082
0.885107
0.885131
0.885155
0.885179
0.885204
0.885228
0.885252
0.885276
0.885301
0.885325
0.885349
0.885373
0.885397
0.885422
0.885446
0.885470
0.885494
0.885519
0.885543
0.885567
0.885591
0.885616
0.885640
0.885664
0.885688
0.885713
0.885737
0.885761
0.885785
0.885809
0.885834
0.885858
0.885882
0.885906
0.885931
0.885955
0.885979
0.886003
0.886028
0.886052
0.886076
0.886100
0.886125
0.886149
0.886173
0.886197
0.886222
0.886246
0.886270
0.886294
0.886319
0.886343
0.886367
0.886391
0.886415
0.886440
0.886464
0.886488
0.886512
0.886537
0.886561
0.886585
0.886609
0.886634
0.886658
0.886682
0.886706
0.886731
0.886755
0.886779
0.886804
0.886828
0.886852
0.886876
0.886901
0.886925
0.886949
0.886973
0.886998
0.887022
0.887046
0.887070
0.887095
0.887119
0.887143
0.887167
0.887192
0.887216
0.887240
0.887265
0.887289
0.887313
0.887337
0.887362
0.887386
0.887410
0.887435
0.887459
0.887483
0.887507
0.887532
0.887556
0.887580
0.887604
0.887629
0.887653
0.887677
0.887701
0.887726
0.887750
0.887774
0.887799
0.887823
0.887847
0.887872
0.887896
0.887920
0.887944
0.887969
0.887993
0.888017
0.888041
0.888066
0.888090
0.888114
0.888139
0.888163
0.888187
0.888211
0.888236
0.888260
0.888284
0.888309
0.888333
0.888357
0.888381
0.888406
0.888430
0.888454
0.888479
0.888503
0.888527
0.888551
0.888576
0.888600
0.888624
0.888649
0.888673
0.888697
0.888722
0.888746
0.888770
0.888794
0.888819
0.888843
0.888867
0.888892
0.888916
0.888940
0.888965
0.888989
0.889013
0.889038
0.889062
0.889086
0.889110
0.889135
0.889159
0.889183
0.889208
0.889232
0.889256
0.889281
0.889305
0.889329
0.889353
0.889378
0.889402
0.889426
0.889451
0.889475
0.889499
0.889524
0.889548
0.889572
0.889597
0.889621
0.889645
0.889670
0.889694
0.889718
0.889742
0.889767
0.889791
0.889815
0.889840
0.889864
0.889888
0.889913
0.889937
0.889961
0.889986
0.890010
0.890034
0.890059
0.890083
0.890107
0.890132
0.890156
0.890180
0.890205
0.890229
0.890253
0.890278
0.890302
0.890326
0.890351
0.890375
0.890399
0.890424
0.890448
0.890472
0.890497
0.890521
0.890545
0.890570
0.890594
0.890618
0.890643
0.890667
0.890691
0.890716
0.890740
0.890764
0.890789
0.890813
0.890837
0.890862
0.890886
0.890910
0.890935
0.890959
0.890983
0.891008
0.891032
0.891056
0.891081
0.891105
0.891129
0.891154
0.891178
0.891202
0.891227
0.891251
0.891276
0.891300
0.891324
0.891349
0.891373
0.891397
0.891422
0.891446
0.891470
0.891495
0.891519
0.891543
0.891568
0.891592
0.891616
0.891641
0.891665
0.891690
0.891714
0.891738
0.891763
0.891787
0.891811
0.891836
0.891860
0.891884
0.891909
0.891933
0.891957
0.891982
0.892006
0.892031
0.892055
0.892079
0.892104
0.892128
0.892152
0.892177
0.892201
0.892225
0.892250
0.892274
0.892299
0.892323
0.892347
0.892372
0.892396
0.892420
0.892445
0.892469
0.892493
0.892518
0.892542
0.892567
0.892591
0.892615
0.892640
0.892664
0.892688
0.892713
0.892737
0.892762
0.892786
0.892810
0.892835
0.892859
0.892884
0.892908
0.892932
0.892957
0.892981
0.893005
0.893030
0.893054
0.893079
0.893103
0.893127
0.893152
0.893176
0.893201
0.893225
0.893249
0.893274
0.893298
0.893323
0.893347
0.893371
0.893396
0.893420
0.893444
0.893469
0.893493
0.893518
0.893542
0.893566
0.893591
0.893615
0.893640
0.893664
0.893688
0.893713
0.893737
0.893762
0.893786
0.893810
0.893835
0.893859
0.893884
0.893908
0.893932
0.893957
0.893981
0.894006
0.894030
0.894054
0.894079
0.894103
0.894128
0.894152
0.894177
0.894201
0.894225
0.894250
0.894274
0.894298
0.894323
0.894347
0.894372
0.894396
0.894420
0.894445
0.894469
0.894494
0.894518
0.894543
0.894567
0.894591
0.894616
0.894640
0.894665
0.894689
0.894714
0.894738
0.894762
0.894787
0.894811
0.894836
0.894860
0.894884
0.894909
0.894933
0.894958
0.894982
0.895007
0.895031
0.895055
0.895080
0.895104
0.895129
0.895153
0.895178
0.895202
0.895226
0.895251
0.895275
0.895300
0.895324
0.895349
0.895373
0.895397
0.895422
0.895446
0.895471
0.895495
0.895520
0.895544
0.895569
0.895593
0.895617
0.895642
0.895666
0.895691
0.895715
0.895739
0.895764
0.895788
0.895813
0.895837
0.895862
0.895886
0.895911
0.895935
0.895960
0.895984
0.896008
0.896033
0.896057
0.896082
0.896106
0.896131
0.896155
0.896179
0.896204
0.896228
0.896253
0.896277
0.896302
0.896326
0.896351
0.896375
0.896400
0.896424
0.896448
0.896473
0.896497
0.896522
0.896546
0.896571
0.896595
0.896620
0.896644
0.896668
0.896693
0.896717
0.896742
0.896766
0.896791
0.896815
0.896840
0.896864
0.896889
0.896913
0.896938
0.896962
0.896986
0.897011
0.897035
0.897060
0.897084
0.897109
0.897133
0.897158
0.897182
0.897207
0.897231
0.897256
0.897280
0.897304
0.897329
0.897353
0.897378
0.897402
0.897427
0.897451
0.897476
0.897500
0.897525
0.897549
0.897574
0.897598
0.897623
0.897647
0.897672
0.897696
0.897720
0.897745
0.897769
0.897794
0.897819
0.897843
0.897867
0.897892
0.897916
0.897941
0.897965
0.897990
0.898014
0.898039
0.898063
0.898088
0.898112
0.898137
0.898161
0.898186
0.898210
0.898235
0.898259
0.898284
0.898308
0.898333
0.898357
0.898382
0.898406
0.898431
0.898455
0.898480
0.898504
0.898529
0.898553
0.898578
0.898602
0.898627
0.898651
0.898676
0.898700
0.898725
0.898749
0.898774
0.898798
0.898823
0.898847
0.898872
0.898896
0.898921
0.898945
0.898970
0.898994
0.899019
0.899043
0.899068
0.899092
0.899117
0.899141
0.899166
0.899190
0.899215
0.899239
0.899264
0.899288
0.899313
0.899337
0.899362
0.899386
0.899411
0.899435
0.899460
0.899484
0.899509
0.899533
0.899558
0.899582
0.899607
0.899631
0.899656
0.899680
0.899705
0.899729
0.899754
0.899778
0.899803
0.899827
0.899852
0.899876
0.899901
0.899926
0.899950
0.899975
0.899999
0.900024
0.900048
0.900073
0.900097
0.900122
0.900146
0.900171
0.900195
0.900220
0.900244
0.900269
0.900293
0.900318
0.900342
0.900367
0.900392
0.900416
0.900441
0.900465
0.900490
0.900514
0.900539
0.900563
0.900588
0.900612
0.900637
0.900661
0.900686
0.900711
0.900735
0.900760
0.900784
0.900809
0.900833
0.900858
0.900882
0.900907
0.900931
0.900956
0.900980
0.901005
0.901030
0.901054
0.901079
0.901103
0.901128
0.901152
0.901177
0.901201
0.901226
0.901251
0.901275
0.901299
0.901324
0.901349
0.901373
0.901398
0.901422
0.901447
0.901471
0.901496
0.901521
0.901545
0.901570
0.901594
0.901619
0.901643
0.901668
0.901692
0.901717
0.901742
0.901766
0.901791
0.901815
0.901840
0.901864
0.901889
0.901913
0.901938
0.901963
0.901987
0.902012
0.902036
0.902061
0.902085
0.902110
0.902134
0.902159
0.902184
0.902208
0.902233
0.902257
0.902282
0.902306
0.902331
0.902356
0.902380
0.902405
0.902429
0.902454
0.902478
0.902503
0.902528
0.902552
0.902577
0.902601
0.902626
0.902651
0.902675
0.902700
0.902724
0.902749
0.902773
0.902798
0.902823
0.902847
0.902872
0.902896
0.902921
0.902945
0.902970
0.902995
0.903019
0.903044
0.903068
0.903093
0.903117
0.903142
0.903167
0.903191
0.903216
0.903240
0.903265
0.903290
0.903314
0.903339
0.903363
0.903388
0.903413
0.903437
0.903462
0.903486
0.903511
0.903535
0.903560
0.903585
0.903609
0.903634
0.903658
0.903683
0.903708
0.903732
0.903757
0.903781
0.903806
0.903831
0.903855
0.903880
0.903905
0.903929
0.903954
0.903978
0.904003
0.904028
0.904052
0.904077
0.904101
0.904126
0.904151
0.904175
0.904200
0.904224
0.904249
0.904274
0.904298
0.904323
0.904347
0.904372
0.904397
0.904421
0.904446
0.904471
0.904495
0.904520
0.904544
0.904569
0.904594
0.904618
0.904643
0.904667
0.904692
0.904717
0.904741
0.904766
0.904791
0.904815
0.904840
0.904864
0.904889
0.904914
0.904938
0.904963
0.904987
0.905012
0.905037
0.905061
0.905086
0.905111
0.905135
0.905160
0.905184
0.905209
0.905234
0.905258
0.905283
0.905308
0.905332
0.905357
0.905381
0.905406
0.905431
0.905455
0.905480
0.905505
0.905529
0.905554
0.905579
0.905603
0.905628
0.905652
0.905677
0.905702
0.905726
0.905751
0.905776
0.905800
0.905825
0.905850
0.905874
0.905899
0.905923
0.905948
0.905973
0.905997
0.906022
0.906047
0.906071
0.906096
0.906121
0.906145
0.906170
0.906195
0.906219
0.906244
0.906268
0.906293
0.906318
0.906342
0.906367
0.906392
0.906416
0.906441
0.906466
0.906490
0.906515
0.906540
0.906564
0.906589
0.906614
0.906638
0.906663
0.906688
0.906712
0.906737
0.906762
0.906786
0.906811
0.906836
0.906860
0.906885
0.906909
0.906934
0.906959
0.906984
0.907008
0.907033
0.907057
0.907082
0.907107
0.907131
0.907156
0.907181
0.907205
0.907230
0.907255
0.907279
0.907304
0.907329
0.907353
0.907378
0.907403
0.907427
0.907452
0.907477
0.907502
0.907526
0.907551
0.907575
0.907600
0.907625
0.907649
0.907674
0.907699
0.907724
0.907748
0.907773
0.907798
0.907822
0.907847
0.907872
0.907896
0.907921
0.907946
0.907970
0.907995
0.908020
0.908044
0.908069
0.908094
0.908118
0.908143
0.908168
0.908192
0.908217
0.908242
0.908267
0.908291
0.908316
0.908341
0.908365
0.908390
0.908415
0.908439
0.908464
0.908489
0.908513
0.908538
0.908563
0.908588
0.908612
0.908637
0.908662
0.908686
0.908711
0.908736
0.908760
0.908785
0.908810
0.908835
0.908859
0.908884
0.908909
0.908933
0.908958
0.908983
0.909007
0.909032
0.909057
0.909082
0.909106
0.909131
0.909156
0.909180
0.909205
0.909230
0.909255
0.909279
0.909304
0.909329
0.909353
0.909378
0.909403
0.909427
0.909452
0.909477
0.909502
0.909526
0.909551
0.909576
0.909600
0.909625
0.909650
0.909675
0.909699
0.909724
0.909749
0.909773
0.909798
0.909823
0.909848
0.909872
0.909897
0.909922
0.909946
0.909971
0.909996
0.910021
0.910045
0.910070
0.910095
0.910120
0.910144
0.910169
0.910194
0.910218
0.910243
0.910268
0.910293
0.910317
0.910342
0.910367
0.910391
0.910416
0.910441
0.910466
0.910490
0.910515
0.910540
0.910565
0.910589
0.910614
0.910639
0.910664
0.910688
0.910713
0.910738
0.910763
0.910787
0.910812
0.910837
0.910861
0.910886
0.910911
0.910936
0.910960
0.910985
0.911010
0.911035
0.911059
0.911084
0.911109
0.911134
0.911158
0.911183
0.911208
0.911233
0.911257
0.911282
0.911307
0.911332
0.911356
0.911381
0.911406
0.911431
0.911455
0.911480
0.911505
0.911530
0.911554
0.911579
0.911604
0.911629
0.911653
0.911678
0.911703
0.911728
0.911752
0.911777
0.911802
0.911827
0.911851
0.911876
0.911901
0.911926
0.911950
0.911975
0.912000
0.912025
0.912050
0.912074
0.912099
0.912124
0.912149
0.912173
0.912198
0.912223
0.912248
0.912272
0.912297
0.912322
0.912347
0.912371
0.912396
0.912421
0.912446
0.912471
0.912495
0.912520
0.912545
0.912570
0.912594
0.912619
0.912644
0.912669
0.912693
0.912718
0.912743
0.912768
0.912793
0.912817
0.912842
0.912867
0.912892
0.912917
0.912941
0.912966
0.912991
0.913016
0.913040
0.913065
0.913090
0.913115
0.913140
0.913164
0.913189
0.913214
0.913239
0.913263
0.913288
0.913313
0.913338
0.913363
0.913387
0.913412
0.913437
0.913462
0.913487
0.913511
0.913536
0.913561
0.913586
0.913611
0.913635
0.913660
0.913685
0.913710
0.913734
0.913759
0.913784
0.913809
0.913834
0.913858
0.913883
0.913908
0.913933
0.913958
0.913982
0.914007
0.914032
0.914057
0.914082
0.914106
0.914131
0.914156
0.914181
0.914206
0.914231
0.914255
0.914280
0.914305
0.914330
0.914355
0.914379
0.914404
0.914429
0.914454
0.914479
0.914503
0.914528
0.914553
0.914578
0.914603
0.914627
0.914652
0.914677
0.914702
0.914727
0.914752
0.914776
0.914801
0.914826
0.914851
0.914876
0.914900
0.914925
0.914950
0.914975
0.915000
0.915025
0.915049
0.915074
0.915099
0.915124
0.915149
0.915173
0.915198
0.915223
0.915248
0.915273
0.915298
0.915322
0.915347
0.915372
0.915397
0.915422
0.915447
0.915471
0.915496
0.915521
0.915546
0.915571
0.915595
0.915620
0.915645
0.915670
0.915695
0.915720
0.915745
0.915769
0.915794
0.915819
0.915844
0.915869
0.915894
0.915918
0.915943
0.915968
0.915993
0.916018
0.916043
0.916067
0.916092
0.916117
0.916142
0.916167
0.916192
0.916217
0.916241
0.916266
0.916291
0.916316
0.916341
0.916366
0.916390
0.916415
0.916440
0.916465
0.916490
0.916515
0.916540
0.916564
0.916589
0.916614
0.916639
0.916664
0.916689
0.916713
0.916738
0.916763
0.916788
0.916813
0.916838
0.916863
0.916887
0.916912
0.916937
0.916962
0.916987
0.917012
0.917037
0.917062
0.917086
0.917111
0.917136
0.917161
0.917186
0.917211
0.917236
0.917260
0.917285
0.917310
0.917335
0.917360
0.917385
0.917410
0.917434
0.917459
0.917484
0.917509
0.917534
0.917559
0.917584
0.917609
0.917634
0.917658
0.917683
0.917708
0.917733
0.917758
0.917783
0.917808
0.917832
0.917857
0.917882
0.917907
0.917932
0.917957
0.917982
0.918007
0.918031
0.918056
0.918081
0.918106
0.918131
0.918156
0.918181
0.918206
0.918230
0.918255
0.918280
0.918305
0.918330
0.918355
0.918380
0.918405
0.918430
0.918454
0.918479
0.918504
0.918529
0.918554
0.918579
0.918604
0.918629
0.918654
0.918678
0.918703
0.918728
0.918753
0.918778
0.918803
0.918828
0.918853
0.918878
0.918903
0.918927
0.918952
0.918977
0.919002
0.919027
0.919052
0.919077
0.919102
0.919127
0.919152
0.919176
0.919201
0.919226
0.919251
0.919276
0.919301
0.919326
0.919351
0.919376
0.919401
0.919425
0.919450
0.919475
0.919500
0.919525
0.919550
0.919575
0.919600
0.919625
0.919650
0.919675
0.919700
0.919724
0.919749
0.919774
0.919799
0.919824
0.919849
0.919874
0.919899
0.919924
0.919949
0.919974
0.919998
0.920023
0.920048
0.920073
0.920098
0.920123
0.920148
0.920173
0.920198
0.920223
0.920248
0.920273
0.920298
0.920323
0.920347
0.920372
0.920397
0.920422
0.920447
0.920472
0.920497
0.920522
0.920547
0.920572
0.920597
0.920622
0.920647
0.920672
0.920697
0.920721
0.920746
0.920771
0.920796
0.920821
0.920846
0.920871
0.920896
0.920921
0.920946
0.920971
0.920996
0.921021
0.921045
0.921070
0.921095
0.921120
0.921145
0.921170
0.921195
0.921220
0.921245
0.921270
0.921295
0.921320
0.921345
0.921370
0.921395
0.921420
0.921445
0.921470
0.921495
0.921519
0.921544
0.921569
0.921594
0.921619
0.921644
0.921669
0.921694
0.921719
0.921744
0.921769
0.921794
0.921819
0.921844
0.921869
0.921894
0.921919
0.921944
0.921969
0.921994
0.922019
0.922043
0.922068
0.922093
0.922118
0.922143
0.922168
0.922193
0.922218
0.922243
0.922268
0.922293
0.922318
0.922343
0.922368
0.922393
0.922418
0.922443
0.922468
0.922493
0.922518
0.922543
0.922568
0.922593
0.922618
0.922643
0.922668
0.922693
0.922718
0.922743
0.922768
0.922792
0.922817
0.922842
0.922867
0.922892
0.922917
0.922942
0.922967
0.922992
0.923017
0.923042
0.923067
0.923092
0.923117
0.923142
0.923167
0.923192
0.923217
0.923242
0.923267
0.923292
0.923317
0.923342
0.923367
0.923392
0.923417
0.923442
0.923467
0.923492
0.923517
0.923542
0.923567
0.923592
0.923617
0.923642
0.923667
0.923692
0.923717
0.923742
0.923767
0.923792
0.923817
0.923842
0.923867
0.923892
0.923917
0.923942
0.923967
0.923992
0.924017
0.924042
0.924067
0.924092
0.924117
0.924142
0.924167
0.924192
0.924217
0.924242
0.924267
0.924292
0.924317
0.924342
0.924367
0.924392
0.924417
0.924442
0.924467
0.924492
0.924517
0.924542
0.924567
0.924592
0.924617
0.924642
0.924667
0.924692
0.924717
0.924742
0.924767
0.924792
0.924817
0.924842
0.924867
0.924892
0.924917
0.924942
0.924967
0.924992
0.925017
0.925042
0.925067
0.925092
0.925117
0.925142
0.925167
0.925192
0.925217
0.925242
0.925267
0.925292
0.925317
0.925342
0.925367
0.925392
0.925417
0.925442
0.925468
0.925493
0.925518
0.925543
0.925568
0.925593
0.925618
0.925643
0.925668
0.925693
0.925718
0.925743
0.925768
0.925793
0.925818
0.925843
0.925868
0.925893
0.925918
0.925943
0.925968
0.925993
0.926018
0.926043
0.926068
0.926093
0.926118
0.926143
0.926168
0.926193
0.926218
0.926244
0.926269
0.926294
0.926319
0.926344
0.926369
0.926394
0.926419
0.926444
0.926469
0.926494
0.926519
0.926544
0.926569
0.926594
0.926619
0.926644
0.926669
0.926694
0.926719
0.926744
0.926769
0.926795
0.926820
0.926845
0.926870
0.926895
0.926920
0.926945
0.926970
0.926995
0.927020
0.927045
0.927070
0.927095
0.927120
0.927145
0.927170
0.927195
0.927221
0.927246
0.927271
0.927296
0.927321
0.927346
0.927371
0.927396
0.927421
0.927446
0.927471
0.927496
0.927521
0.927546
0.927571
0.927597
0.927621
0.927647
0.927672
0.927697
0.927722
0.927747
0.927772
0.927797
0.927822
0.927847
0.927872
0.927897
0.927922
0.927947
0.927972
0.927998
0.928023
0.928048
0.928073
0.928098
0.928123
0.928148
0.928173
0.928198
0.928223
0.928248
0.928274
0.928298
0.928324
0.928349
0.928374
0.928399
0.928424
0.928449
0.928474
0.928499
0.928524
0.928549
0.928574
0.928600
0.928625
0.928650
0.928675
0.928700
0.928725
0.928750
0.928775
0.928800
0.928825
0.928850
0.928875
0.928901
0.928926
0.928951
0.928976
0.929001
0.929026
0.929051
0.929076
0.929101
0.929127
0.929152
0.929177
0.929202
0.929227
0.929252
0.929277
0.929302
0.929327
0.929352
0.929378
0.929403
0.929428
0.929453
0.929478
0.929503
0.929528
0.929553
0.929578
0.929603
0.929629
0.929654
0.929679
0.929704
0.929729
0.929754
0.929779
0.929804
0.929829
0.929854
0.929880
0.929905
0.929930
0.929955
0.929980
0.930005
0.930030
0.930055
0.930080
0.930106
0.930131
0.930156
0.930181
0.930206
0.930231
0.930256
0.930281
0.930307
0.930332
0.930357
0.930382
0.930407
0.930432
0.930457
0.930483
0.930508
0.930533
0.930558
0.930583
0.930608
0.930633
0.930658
0.930683
0.930709
0.930734
0.930759
0.930784
0.930809
0.930834
0.930859
0.930884
0.930910
0.930935
0.930960
0.930985
0.931010
0.931035
0.931060
0.931086
0.931111
0.931136
0.931161
0.931186
0.931211
0.931236
0.931261
0.931287
0.931312
0.931337
0.931362
0.931387
0.931412
0.931437
0.931463
0.931488
0.931513
0.931538
0.931563
0.931588
0.931613
0.931639
0.931664
0.931689
0.931714
0.931739
0.931764
0.931790
0.931815
0.931840
0.931865
0.931890
0.931915
0.931940
0.931966
0.931991
0.932016
0.932041
0.932066
0.932091
0.932117
0.932142
0.932167
0.932192
0.932217
0.932242
0.932267
0.932293
0.932318
0.932343
0.932368
0.932393
0.932418
0.932444
0.932469
0.932494
0.932519
0.932544
0.932569
0.932595
0.932620
0.932645
0.932670
0.932695
0.932720
0.932746
0.932771
0.932796
0.932821
0.932846
0.932871
0.932897
0.932922
0.932947
0.932972
0.932997
0.933023
0.933048
0.933073
0.933098
0.933123
0.933148
0.933173
0.933199
0.933224
0.933249
0.933274
0.933299
0.933325
0.933350
0.933375
0.933400
0.933425
0.933451
0.933476
0.933501
0.933526
0.933551
0.933576
0.933601
0.933627
0.933652
0.933677
0.933702
0.933727
0.933753
0.933778
0.933803
0.933828
0.933853
0.933879
0.933904
0.933929
0.933954
0.933979
0.934005
0.934030
0.934055
0.934080
0.934105
0.934130
0.934156
0.934181
0.934206
0.934231
0.934256
0.934282
0.934307
0.934332
0.934357
0.934382
0.934408
0.934433
0.934458
0.934483
0.934509
0.934534
0.934559
0.934584
0.934609
0.934635
0.934660
0.934685
0.934710
0.934735
0.934761
0.934786
0.934811
0.934836
0.934861
0.934887
0.934912
0.934937
0.934962
0.934987
0.935013
0.935038
0.935063
0.935088
0.935114
0.935139
0.935164
0.935189
0.935214
0.935240
0.935265
0.935290
0.935315
0.935341
0.935366
0.935391
0.935416
0.935441
0.935466
0.935492
0.935517
0.935542
0.935567
0.935593
0.935618
0.935643
0.935668
0.935694
0.935719
0.935744
0.935769
0.935794
0.935820
0.935845
0.935870
0.935895
0.935921
0.935946
0.935971
0.935996
0.936021
0.936047
0.936072
0.936097
0.936122
0.936148
0.936173
0.936198
0.936223
0.936249
0.936274
0.936299
0.936324
0.936349
0.936375
0.936400
0.936425
0.936451
0.936476
0.936501
0.936526
0.936551
0.936577
0.936602
0.936627
0.936652
0.936678
0.936703
0.936728
0.936753
0.936779
0.936804
0.936829
0.936854
0.936880
0.936905
0.936930
0.936955
0.936981
0.937006
0.937031
0.937056
0.937082
0.937107
0.937132
0.937157
0.937183
0.937208
0.937233
0.937258
0.937284
0.937309
0.937334
0.937359
0.937385
0.937410
0.937435
0.937460
0.937486
0.937511
0.937536
0.937561
0.937587
0.937612
0.937637
0.937663
0.937688
0.937713
0.937738
0.937764
0.937789
0.937814
0.937839
0.937865
0.937890
0.937915
0.937940
0.937966
0.937991
0.938016
0.938042
0.938067
0.938092
0.938117
0.938143
0.938168
0.938193
0.938219
0.938244
0.938269
0.938294
0.938320
0.938345
0.938370
0.938395
0.938421
0.938446
0.938471
0.938497
0.938522
0.938547
0.938572
0.938598
0.938623
0.938648
0.938673
0.938699
0.938724
0.938749
0.938775
0.938800
0.938825
0.938850
0.938876
0.938901
0.938926
0.938952
0.938977
0.939002
0.939027
0.939053
0.939078
0.939103
0.939129
0.939154
0.939179
0.939205
0.939230
0.939255
0.939280
0.939306
0.939331
0.939356
0.939382
0.939407
0.939432
0.939457
0.939483
0.939508
0.939533
0.939559
0.939584
0.939609
0.939635
0.939660
0.939685
0.939710
0.939736
0.939761
0.939786
0.939812
0.939837
0.939862
0.939888
0.939913
0.939938
0.939964
0.939989
0.940014
0.940039
0.940065
0.940090
0.940115
0.940141
0.940166
0.940191
0.940217
0.940242
0.940267
0.940293
0.940318
0.940343
0.940368
0.940394
0.940419
0.940445
0.940470
0.940495
0.940520
0.940546
0.940571
0.940596
0.940622
0.940647
0.940672
0.940698
0.940723
0.940748
0.940774
0.940799
0.940824
0.940850
0.940875
0.940900
0.940926
0.940951
0.940976
0.941002
0.941027
0.941052
0.941078
0.941103
0.941128
0.941153
0.941179
0.941204
0.941229
0.941255
0.941280
0.941306
0.941331
0.941356
0.941381
0.941407
0.941432
0.941457
0.941483
0.941508
0.941534
0.941559
0.941584
0.941609
0.941635
0.941660
0.941686
0.941711
0.941736
0.941762
0.941787
0.941812
0.941838
0.941863
0.941888
0.941914
0.941939
0.941964
0.941990
0.942015
0.942040
0.942066
0.942091
0.942116
0.942142
0.942167
0.942192
0.942218
0.942243
0.942268
0.942294
0.942319
0.942345
0.942370
0.942395
0.942421
0.942446
0.942471
0.942497
0.942522
0.942547
0.942573
0.942598
0.942623
0.942649
0.942674
0.942700
0.942725
0.942750
0.942776
0.942801
0.942826
0.942852
0.942877
0.942902
0.942928
0.942953
0.942979
0.943004
0.943029
0.943055
0.943080
0.943105
0.943131
0.943156
0.943181
0.943207
0.943232
0.943258
0.943283
0.943308
0.943334
0.943359
0.943384
0.943410
0.943435
0.943460
0.943486
0.943511
0.943537
0.943562
0.943587
0.943613
0.943638
0.943664
0.943689
0.943714
0.943740
0.943765
0.943790
0.943816
0.943841
0.943867
0.943892
0.943917
0.943943
0.943968
0.943994
0.944019
0.944044
0.944070
0.944095
0.944120
0.944146
0.944171
0.944197
0.944222
0.944247
0.944273
0.944298
0.944324
0.944349
0.944374
0.944400
0.944425
0.944451
0.944476
0.944501
0.944527
0.944552
0.944578
0.944603
0.944628
0.944654
0.944679
0.944704
0.944730
0.944755
0.944781
0.944806
0.944831
0.944857
0.944882
0.944908
0.944933
0.944959
0.944984
0.945009
0.945035
0.945060
0.945086
0.945111
0.945136
0.945162
0.945187
0.945213
0.945238
0.945263
0.945289
0.945314
0.945340
0.945365
0.945390
0.945416
0.945441
0.945467
0.945492
0.945518
0.945543
0.945568
0.945594
0.945619
0.945645
0.945670
0.945695
0.945721
0.945746
0.945772
0.945797
0.945823
0.945848
0.945873
0.945899
0.945924
0.945950
0.945975
0.946001
0.946026
0.946051
0.946077
0.946102
0.946128
0.946153
0.946178
0.946204
0.946229
0.946255
0.946280
0.946306
0.946331
0.946356
0.946382
0.946407
0.946433
0.946458
0.946484
0.946509
0.946535
0.946560
0.946585
0.946611
0.946636
0.946662
0.946687
0.946713
0.946738
0.946763
0.946789
0.946814
0.946840
0.946865
0.946891
0.946916
0.946941
0.946967
0.946992
0.947018
0.947043
0.947069
0.947094
0.947120
0.947145
0.947170
0.947196
0.947221
0.947247
0.947272
0.947298
0.947323
0.947349
0.947374
0.947400
0.947425
0.947450
0.947476
0.947501
0.947527
0.947552
0.947578
0.947603
0.947629
0.947654
0.947680
0.947705
0.947730
0.947756
0.947781
0.947807
0.947832
0.947858
0.947883
0.947909
0.947934
0.947960
0.947985
0.948011
0.948036
0.948061
0.948087
0.948112
0.948138
0.948163
0.948189
0.948214
0.948240
0.948265
0.948291
0.948316
0.948342
0.948367
0.948392
0.948418
0.948443
0.948469
0.948494
0.948520
0.948545
0.948571
0.948596
0.948622
0.948647
0.948673
0.948698
0.948724
0.948749
0.948775
0.948800
0.948825
0.948851
0.948876
0.948902
0.948927
0.948953
0.948978
0.949004
0.949029
0.949055
0.949080
0.949106
0.949131
0.949157
0.949182
0.949208
0.949233
0.949259
0.949284
0.949310
0.949335
0.949361
0.949386
0.949412
0.949437
0.949463
0.949488
0.949514
0.949539
0.949565
0.949590
0.949616
0.949641
0.949667
0.949692
0.949717
0.949743
0.949769
0.949794
0.949819
0.949845
0.949871
0.949896
0.949922
0.949947
0.949972
0.949998
0.950024
0.950049
0.950074
0.950100
0.950126
0.950151
0.950177
0.950202
0.950228
0.950253
0.950278
0.950304
0.950330
0.950355
0.950381
0.950406
0.950432
0.950457
0.950483
0.950508
0.950534
0.950559
0.950585
0.950610
0.950636
0.950661
0.950687
0.950712
0.950738
0.950763
0.950789
0.950814
0.950840
0.950865
0.950891
0.950916
0.950942
0.950967
0.950993
0.951018
0.951044
0.951069
0.951095
0.951121
0.951146
0.951171
0.951197
0.951223
0.951248
0.951274
0.951299
0.951325
0.951350
0.951376
0.951401
0.951427
0.951452
0.951478
0.951503
0.951529
0.951554
0.951580
0.951605
0.951631
0.951657
0.951682
0.951708
0.951733
0.951759
0.951784
0.951810
0.951835
0.951861
0.951886
0.951912
0.951938
0.951963
0.951989
0.952014
0.952040
0.952065
0.952091
0.952116
0.952142
0.952167
0.952193
0.952218
0.952244
0.952270
0.952295
0.952321
0.952346
0.952372
0.952397
0.952423
0.952448
0.952474
0.952499
0.952525
0.952550
0.952576
0.952602
0.952627
0.952653
0.952678
0.952704
0.952729
0.952755
0.952780
0.952806
0.952832
0.952857
0.952883
0.952908
0.952934
0.952959
0.952985
0.953010
0.953036
0.953062
0.953087
0.953113
0.953138
0.953164
0.953189
0.953215
0.953241
0.953266
0.953292
0.953317
0.953343
0.953368
0.953394
0.953419
0.953445
0.953471
0.953496
0.953522
0.953547
0.953573
0.953598
0.953624
0.953649
0.953675
0.953701
0.953726
0.953752
0.953777
0.953803
0.953829
0.953854
0.953880
0.953905
0.953931
0.953956
0.953982
0.954008
0.954033
0.954059
0.954084
0.954110
0.954135
0.954161
0.954187
0.954212
0.954238
0.954263
0.954289
0.954314
0.954340
0.954366
0.954391
0.954417
0.954442
0.954468
0.954494
0.954519
0.954545
0.954570
0.954596
0.954622
0.954647
0.954673
0.954698
0.954724
0.954749
0.954775
0.954801
0.954826
0.954852
0.954877
0.954903
0.954929
0.954954
0.954980
0.955005
0.955031
0.955057
0.955082
0.955108
0.955133
0.955159
0.955185
0.955210
0.955236
0.955261
0.955287
0.955313
0.955338
0.955364
0.955389
0.955415
0.955441
0.955466
0.955492
0.955517
0.955543
0.955569
0.955594
0.955620
0.955645
0.955671
0.955697
0.955722
0.955748
0.955773
0.955799
0.955825
0.955850
0.955876
0.955902
0.955927
0.955953
0.955978
0.956004
0.956030
0.956055
0.956081
0.956106
0.956132
0.956158
0.956183
0.956209
0.956235
0.956260
0.956286
0.956312
0.956337
0.956363
0.956388
0.956414
0.956439
0.956465
0.956491
0.956516
0.956542
0.956568
0.956593
0.956619
0.956645
0.956670
0.956696
0.956721
0.956747
0.956773
0.956798
0.956824
0.956850
0.956875
0.956901
0.956926
0.956952
0.956978
0.957003
0.957029
0.957055
0.957080
0.957106
0.957131
0.957157
0.957183
0.957209
0.957234
0.957260
0.957285
0.957311
0.957337
0.957362
0.957388
0.957414
0.957439
0.957465
0.957490
0.957516
0.957542
0.957567
0.957593
0.957619
0.957644
0.957670
0.957696
0.957721
0.957747
0.957773
0.957798
0.957824
0.957850
0.957875
0.957901
0.957926
0.957952
0.957978
0.958004
0.958029
0.958055
0.958080
0.958106
0.958132
0.958157
0.958183
0.958209
0.958234
0.958260
0.958286
0.958311
0.958337
0.958363
0.958388
0.958414
0.958440
0.958465
0.958491
0.958517
0.958542
0.958568
0.958594
0.958619
0.958645
0.958671
0.958696
0.958722
0.958748
0.958773
0.958799
0.958825
0.958850
0.958876
0.958902
0.958927
0.958953
0.958979
0.959004
0.959030
0.959056
0.959081
0.959107
0.959133
0.959158
0.959184
0.959210
0.959235
0.959261
0.959287
0.959312
0.959338
0.959364
0.959389
0.959415
0.959441
0.959467
0.959492
0.959518
0.959544
0.959569
0.959595
0.959621
0.959646
0.959672
0.959698
0.959723
0.959749
0.959775
0.959800
0.959826
0.959852
0.959877
0.959903
0.959929
0.959954
0.959980
0.960006
0.960032
0.960057
0.960083
0.960109
0.960134
0.960160
0.960186
0.960211
0.960237
0.960263
0.960288
0.960314
0.960340
0.960366
0.960391
0.960417
0.960443
0.960468
0.960494
0.960520
0.960545
0.960571
0.960597
0.960623
0.960648
0.960674
0.960700
0.960725
0.960751
0.960777
0.960803
0.960828
0.960854
0.960880
0.960905
0.960931
0.960957
0.960982
0.961008
0.961034
0.961060
0.961085
0.961111
0.961137
0.961163
0.961188
0.961214
0.961240
0.961265
0.961291
0.961317
0.961343
0.961368
0.961394
0.961420
0.961445
0.961471
0.961497
0.961522
0.961548
0.961574
0.961600
0.961625
0.961651
0.961677
0.961703
0.961728
0.961754
0.961780
0.961805
0.961831
0.961857
0.961883
0.961908
0.961934
0.961960
0.961985
0.962011
0.962037
0.962063
0.962088
0.962114
0.962140
0.962166
0.962191
0.962217
0.962243
0.962269
0.962294
0.962320
0.962346
0.962372
0.962397
0.962423
0.962449
0.962474
0.962500
0.962526
0.962552
0.962577
0.962603
0.962629
0.962655
0.962680
0.962706
0.962732
0.962758
0.962783
0.962809
0.962835
0.962860
0.962886
0.962912
0.962938
0.962964
0.962989
0.963015
0.963041
0.963067
0.963092
0.963118
0.963144
0.963170
0.963195
0.963221
0.963247
0.963273
0.963298
0.963324
0.963350
0.963376
0.963401
0.963427
0.963453
0.963479
0.963504
0.963530
0.963556
0.963582
0.963607
0.963633
0.963659
0.963685
0.963710
0.963736
0.963762
0.963788
0.963813
0.963839
0.963865
0.963891
0.963916
0.963942
0.963968
0.963994
0.964020
0.964045
0.964071
0.964097
0.964123
0.964148
0.964174
0.964200
0.964226
0.964251
0.964277
0.964303
0.964329
0.964355
0.964380
0.964406
0.964432
0.964458
0.964483
0.964509
0.964535
0.964561
0.964587
0.964612
0.964638
0.964664
0.964690
0.964715
0.964741
0.964767
0.964793
0.964819
0.964844
0.964870
0.964896
0.964922
0.964947
0.964973
0.964999
0.965025
0.965051
0.965076
0.965102
0.965128
0.965154
0.965180
0.965205
0.965231
0.965257
0.965283
0.965309
0.965334
0.965360
0.965386
0.965412
0.965438
0.965463
0.965489
0.965515
0.965541
0.965567
0.965592
0.965618
0.965644
0.965670
0.965695
0.965721
0.965747
0.965773
0.965799
0.965824
0.965850
0.965876
0.965902
0.965928
0.965953
0.965979
0.966005
0.966031
0.966057
0.966082
0.966108
0.966134
0.966160
0.966186
0.966212
0.966237
0.966263
0.966289
0.966315
0.966341
0.966366
0.966392
0.966418
0.966444
0.966470
0.966495
0.966521
0.966547
0.966573
0.966599
0.966624
0.966650
0.966676
0.966702
0.966728
0.966754
0.966779
0.966805
0.966831
0.966857
0.966883
0.966909
0.966934
0.966960
0.966986
0.967012
0.967038
0.967063
0.967089
0.967115
0.967141
0.967167
0.967193
0.967218
0.967244
0.967270
0.967296
0.967322
0.967348
0.967373
0.967399
0.967425
0.967451
0.967477
0.967502
0.967528
0.967554
0.967580
0.967606
0.967632
0.967658
0.967683
0.967709
0.967735
0.967761
0.967787
0.967813
0.967838
0.967864
0.967890
0.967916
0.967942
0.967968
0.967993
0.968019
0.968045
0.968071
0.968097
0.968123
0.968149
0.968174
0.968200
0.968226
0.968252
0.968278
0.968304
0.968329
0.968355
0.968381
0.968407
0.968433
0.968459
0.968485
0.968510
0.968536
0.968562
0.968588
0.968614
0.968640
0.968665
0.968691
0.968717
0.968743
0.968769
0.968795
0.968821
0.968847
0.968872
0.968898
0.968924
0.968950
0.968976
0.969002
0.969028
0.969053
0.969079
0.969105
0.969131
0.969157
0.969183
0.969209
0.969234
0.969260
0.969286
0.969312
0.969338
0.969364
0.969390
0.969416
0.969441
0.969467
0.969493
0.969519
0.969545
0.969571
0.969597
0.969622
0.969648
0.969674
0.969700
0.969726
0.969752
0.969778
0.969804
0.969829
0.969855
0.969881
0.969907
0.969933
0.969959
0.969985
0.970011
0.970036
0.970062
0.970088
0.970114
0.970140
0.970166
0.970192
0.970218
0.970244
0.970269
0.970295
0.970321
0.970347
0.970373
0.970399
0.970425
0.970451
0.970476
0.970502
0.970528
0.970554
0.970580
0.970606
0.970632
0.970658
0.970684
0.970709
0.970735
0.970761
0.970787
0.970813
0.970839
0.970865
0.970891
0.970917
0.970943
0.970969
0.970994
0.971020
0.971046
0.971072
0.971098
0.971124
0.971150
0.971176
0.971202
0.971228
0.971253
0.971279
0.971305
0.971331
0.971357
0.971383
0.971409
0.971435
0.971461
0.971487
0.971512
0.971538
0.971564
0.971590
0.971616
0.971642
0.971668
0.971694
0.971720
0.971746
0.971772
0.971798
0.971823
0.971849
0.971875
0.971901
0.971927
0.971953
0.971979
0.972005
0.972031
0.972057
0.972083
0.972108
0.972134
0.972160
0.972186
0.972212
0.972238
0.972264
0.972290
0.972316
0.972342
0.972368
0.972394
0.972419
0.972445
0.972471
0.972497
0.972523
0.972549
0.972575
0.972601
0.972627
0.972653
0.972679
0.972705
0.972731
0.972757
0.972783
0.972809
0.972834
0.972860
0.972886
0.972912
0.972938
0.972964
0.972990
0.973016
0.973042
0.973068
0.973094
0.973120
0.973146
0.973172
0.973197
0.973223
0.973249
0.973275
0.973301
0.973327
0.973353
0.973379
0.973405
0.973431
0.973457
0.973483
0.973509
0.973535
0.973561
0.973587
0.973613
0.973638
0.973665
0.973690
0.973716
0.973742
0.973768
0.973794
0.973820
0.973846
0.973872
0.973898
0.973924
0.973950
0.973976
0.974002
0.974028
0.974054
0.974080
0.974106
0.974132
0.974158
0.974184
0.974209
0.974235
0.974261
0.974287
0.974313
0.974339
0.974365
0.974391
0.974417
0.974443
0.974469
0.974495
0.974521
0.974547
0.974573
0.974599
0.974625
0.974651
0.974677
0.974703
0.974729
0.974755
0.974781
0.974807
0.974833
0.974859
0.974885
0.974911
0.974937
0.974963
0.974989
0.975014
0.975040
0.975066
0.975092
0.975118
0.975144
0.975170
0.975196
0.975222
0.975248
0.975274
0.975300
0.975326
0.975352
0.975378
0.975404
0.975430
0.975456
0.975482
0.975508
0.975534
0.975560
0.975586
0.975612
0.975638
0.975664
0.975690
0.975716
0.975742
0.975768
0.975794
0.975820
0.975846
0.975872
0.975898
0.975924
0.975950
0.975976
0.976002
0.976028
0.976054
0.976080
0.976106
0.976132
0.976158
0.976184
0.976210
0.976236
0.976262
0.976288
0.976314
0.976340
0.976366
0.976392
0.976418
0.976444
0.976470
0.976496
0.976522
0.976548
0.976574
0.976600
0.976626
0.976652
0.976678
0.976704
0.976730
0.976756
0.976782
0.976808
0.976834
0.976860
0.976886
0.976912
0.976938
0.976964
0.976990
0.977016
0.977042
0.977068
0.977094
0.977120
0.977146
0.977172
0.977198
0.977224
0.977250
0.977276
0.977302
0.977328
0.977354
0.977380
0.977406
0.977432
0.977458
0.977484
0.977510
0.977536
0.977562
0.977588
0.977614
0.977640
0.977666
0.977692
0.977718
0.977744
0.977770
0.977796
0.977823
0.977849
0.977874
0.977901
0.977927
0.977953
0.977979
0.978005
0.978031
0.978057
0.978083
0.978109
0.978135
0.978161
0.978187
0.978213
0.978239
0.978265
0.978291
0.978317
0.978343
0.978369
0.978395
0.978421
0.978447
0.978473
0.978499
0.978525
0.978551
0.978577
0.978603
0.978630
0.978656
0.978682
0.978708
0.978734
0.978760
0.978786
0.978812
0.978838
0.978864
0.978890
0.978916
0.978942
0.978968
0.978994
0.979020
0.979046
0.979072
0.979098
0.979124
0.979150
0.979177
0.979203
0.979229
0.979255
0.979281
0.979307
0.979333
0.979359
0.979385
0.979411
0.979437
0.979463
0.979489
0.979515
0.979541
0.979567
0.979593
0.979619
0.979646
0.979672
0.979698
0.979724
0.979750
0.979776
0.979802
0.979828
0.979854
0.979880
0.979906
0.979932
0.979958
0.979984
0.980010
0.980036
0.980063
0.980089
0.980115
0.980141
0.980167
0.980193
0.980219
0.980245
0.980271
0.980297
0.980323
0.980349
0.980375
0.980401
0.980428
0.980454
0.980480
0.980506
0.980532
0.980558
0.980584
0.980610
0.980636
0.980662
0.980688
0.980714
0.980740
0.980767
0.980793
0.980819
0.980845
0.980871
0.980897
0.980923
0.980949
0.980975
0.981001
0.981027
0.981054
0.981079
0.981106
0.981132
0.981158
0.981184
0.981210
0.981236
0.981262
0.981288
0.981314
0.981340
0.981367
0.981393
0.981419
0.981445
0.981471
0.981497
0.981523
0.981549
0.981575
0.981601
0.981628
0.981654
0.981680
0.981706
0.981732
0.981758
0.981784
0.981810
0.981836
0.981862
0.981888
0.981915
0.981941
0.981967
0.981993
0.982019
0.982045
0.982071
0.982097
0.982123
0.982150
0.982176
0.982202
0.982228
0.982254
0.982280
0.982306
0.982332
0.982358
0.982385
0.982411
0.982437
0.982463
0.982489
0.982515
0.982541
0.982567
0.982593
0.982620
0.982646
0.982672
0.982698
0.982724
0.982750
0.982776
0.982802
0.982829
0.982855
0.982881
0.982907
0.982933
0.982959
0.982985
0.983011
0.983037
0.983064
0.983090
0.983116
0.983142
0.983168
0.983194
0.983220
0.983246
0.983273
0.983299
0.983325
0.983351
0.983377
0.983403
0.983429
0.983456
0.983482
0.983508
0.983534
0.983560
0.983586
0.983612
0.983638
0.983665
0.983691
0.983717
0.983743
0.983769
0.983795
0.983821
0.983848
0.983874
0.983900
0.983926
0.983952
0.983978
0.984004
0.984031
0.984057
0.984083
0.984109
0.984135
0.984161
0.984187
0.984214
0.984240
0.984266
0.984292
0.984318
0.984344
0.984370
0.984396
0.984423
0.984449
0.984475
0.984501
0.984527
0.984553
0.984580
0.984606
0.984632
0.984658
0.984684
0.984710
0.984736
0.984763
0.984789
0.984815
0.984841
0.984867
0.984893
0.984920
0.984946
0.984972
0.984998
0.985024
0.985050
0.985076
0.985103
0.985129
0.985155
0.985181
0.985207
0.985234
0.985260
0.985286
0.985312
0.985338
0.985364
0.985391
0.985417
0.985443
0.985469
0.985495
0.985521
0.985547
0.985574
0.985600
0.985626
0.985652
0.985678
0.985705
0.985731
0.985757
0.985783
0.985809
0.985835
0.985862
0.985888
0.985914
0.985940
0.985966
0.985992
0.986019
0.986045
0.986071
0.986097
0.986123
0.986150
0.986176
0.986202
0.986228
0.986254
0.986280
0.986307
0.986333
0.986359
0.986385
0.986411
0.986438
0.986464
0.986490
0.986516
0.986542
0.986569
0.986595
0.986621
0.986647
0.986673
0.986699
0.986726
0.986752
0.986778
0.986804
0.986830
0.986857
0.986883
0.986909
0.986935
0.986961
0.986988
0.987014
0.987040
0.987066
0.987092
0.987119
0.987145
0.987171
0.987197
0.987223
0.987250
0.987276
0.987302
0.987328
0.987355
0.987381
0.987407
0.987433
0.987459
0.987485
0.987512
0.987538
0.987564
0.987590
0.987616
0.987643
0.987669
0.987695
0.987721
0.987748
0.987774
0.987800
0.987826
0.987852
0.987879
0.987905
0.987931
0.987957
0.987983
0.988010
0.988036
0.988062
0.988088
0.988115
0.988141
0.988167
0.988193
0.988219
0.988246
0.988272
0.988298
0.988324
0.988351
0.988377
0.988403
0.988429
0.988455
0.988482
0.988508
0.988534
0.988560
0.988587
0.988613
0.988639
0.988665
0.988691
0.988718
0.988744
0.988770
0.988796
0.988823
0.988849
0.988875
0.988901
0.988928
0.988954
0.988980
0.989006
0.989032
0.989059
0.989085
0.989111
0.989137
0.989164
0.989190
0.989216
0.989242
0.989269
0.989295
0.989321
0.989347
0.989374
0.989400
0.989426
0.989452
0.989479
0.989505
0.989531
0.989557
0.989584
0.989610
0.989636
0.989662
0.989688
0.989715
0.989741
0.989767
0.989793
0.989820
0.989846
0.989872
0.989899
0.989925
0.989951
0.989977
0.990004
0.990030
0.990056
0.990082
0.990109
0.990135
0.990161
0.990187
0.990214
0.990240
0.990266
0.990292
0.990319
0.990345
0.990371
0.990397
0.990424
0.990450
0.990476
0.990502
0.990529
0.990555
0.990581
0.990607
0.990634
0.990660
0.990686
0.990712
0.990739
0.990765
0.990791
0.990818
0.990844
0.990870
0.990896
0.990923
0.990949
0.990975
0.991001
0.991028
0.991054
0.991080
0.991107
0.991133
0.991159
0.991185
0.991212
0.991238
0.991264
0.991290
0.991317
0.991343
0.991369
0.991396
0.991422
0.991448
0.991474
0.991501
0.991527
0.991553
0.991580
0.991606
0.991632
0.991658
0.991685
0.991711
0.991737
0.991763
0.991790
0.991816
0.991842
0.991869
0.991895
0.991921
0.991948
0.991974
0.992000
0.992026
0.992053
0.992079
0.992105
0.992132
0.992158
0.992184
0.992210
0.992237
0.992263
0.992289
0.992316
0.992342
0.992368
0.992395
0.992421
0.992447
0.992473
0.992500
0.992526
0.992552
0.992579
0.992605
0.992631
0.992658
0.992684
0.992710
0.992736
0.992763
0.992789
0.992815
0.992842
0.992868
0.992894
0.992921
0.992947
0.992973
0.992999
0.993026
0.993052
0.993078
0.993105
0.993131
0.993157
0.993184
0.993210
0.993236
0.993263
0.993289
0.993315
0.993342
0.993368
0.993394
0.993420
0.993447
0.993473
0.993499
0.993526
0.993552
0.993578
0.993605
0.993631
0.993657
0.993684
0.993710
0.993736
0.993763
0.993789
0.993815
0.993841
0.993868
0.993894
0.993921
0.993947
0.993973
0.994000
0.994026
0.994052
0.994078
0.994105
0.994131
0.994158
0.994184
0.994210
0.994236
0.994263
0.994289
0.994315
0.994342
0.994368
0.994395
0.994421
0.994447
0.994473
0.994500
0.994526
0.994552
0.994579
0.994605
0.994632
0.994658
0.994684
0.994711
0.994737
0.994763
0.994790
0.994816
0.994842
0.994868
0.994895
0.994921
0.994948
0.994974
0.995000
0.995027
0.995053
0.995079
0.995106
0.995132
0.995158
0.995185
0.995211
0.995237
0.995264
0.995290
0.995316
0.995343
0.995369
0.995395
0.995422
0.995448
0.995475
0.995501
0.995527
0.995554
0.995580
0.995606
0.995633
0.995659
0.995685
0.995712
0.995738
0.995765
0.995791
0.995817
0.995844
0.995870
0.995896
0.995923
0.995949
0.995975
0.996002
0.996028
0.996054
0.996081
0.996107
0.996134
0.996160
0.996186
0.996213
0.996239
0.996265
0.996292
0.996318
0.996345
0.996371
0.996397
0.996424
0.996450
0.996476
0.996503
0.996529
0.996555
0.996582
0.996608
0.996635
0.996661
0.996687
0.996714
0.996740
0.996766
0.996793
0.996819
0.996846
0.996872
0.996898
0.996925
0.996951
0.996977
0.997004
0.997030
0.997057
0.997083
0.997109
0.997136
0.997162
0.997188
0.997215
0.997241
0.997268
0.997294
0.997320
0.997347
0.997373
0.997400
0.997426
0.997452
0.997479
0.997505
0.997531
0.997558
0.997584
0.997611
0.997637
0.997664
0.997690
0.997716
0.997743
0.997769
0.997795
0.997822
0.997848
0.997875
0.997901
0.997928
0.997954
0.997980
0.998007
0.998033
0.998060
0.998086
0.998112
0.998139
0.998165
0.998192
0.998218
0.998244
0.998271
0.998297
0.998324
0.998350
0.998376
0.998403
0.998429
0.998455
0.998482
0.998508
0.998535
0.998561
0.998588
0.998614
0.998640
0.998667
0.998693
0.998720
0.998746
0.998773
0.998799
0.998825
0.998852
0.998878
0.998905
0.998931
0.998957
0.998984
0.999010
0.999037
0.999063
0.999090
0.999116
0.999142
0.999169
0.999195
0.999222
0.999248
0.999274
0.999301
0.999327
0.999354
0.999380
0.999407
0.999433
0.999460
0.999486
0.999512
0.999539
0.999565
0.999592
0.999618
0.999644
0.999671
0.999697
0.999724
0.999750
0.999777
0.999803
0.999830
0.999856
0.999882
0.999909
0.999935
0.999962
0.999988
1.000015
1.000041
1.000068
1.000094
1.000120
1.000147
1.000173
1.000199
1.000226
1.000252
1.000279
1.000305
1.000332
1.000358
1.000385
1.000411
1.000438
1.000464
1.000491
1.000517
1.000543
1.000570
1.000596
1.000623
1.000649
1.000676
1.000702
1.000729
1.000755
1.000781
1.000808
1.000834
1.000861
1.000887
1.000914
1.000940
1.000967
1.000993
1.001019
1.001046
1.001072
1.001099
1.001125
1.001152
1.001178
1.001205
1.001231
1.001258
1.001284
1.001311
1.001337
1.001363
1.001390
1.001416
1.001443
1.001469
1.001496
1.001522
1.001549
1.001575
1.001602
1.001628
1.001655
1.001681
1.001707
1.001734
1.001760
1.001787
1.001813
1.001840
1.001866
1.001893
1.001919
1.001946
1.001972
1.001999
1.002025
1.002052
1.002078
1.002105
1.002131
1.002158
1.002184
1.002210
1.002237
1.002263
1.002290
1.002316
1.002343
1.002369
1.002396
1.002422
1.002449
1.002475
1.002502
1.002528
1.002555
1.002581
1.002608
1.002634
1.002661
1.002687
1.002714
1.002740
1.002767
1.002793
1.002820
1.002846
1.002872
1.002899
1.002926
1.002952
1.002979
1.003005
1.003031
1.003058
1.003085
1.003111
1.003137
1.003164
1.003190
1.003217
1.003243
1.003270
1.003296
1.003323
1.003349
1.003376
1.003402
1.003429
1.003455
1.003482
1.003508
1.003535
1.003562
1.003588
1.003614
1.003641
1.003668
1.003694
1.003720
1.003747
1.003773
1.003800
1.003826
1.003853
1.003880
1.003906
1.003932
1.003959
1.003986
1.004012
1.004038
1.004065
1.004092
1.004118
1.004144
1.004171
1.004198
1.004224
1.004251
1.004277
1.004304
1.004330
1.004357
1.004383
1.004410
1.004436
1.004463
1.004489
1.004516
1.004542
1.004569
1.004595
1.004622
1.004648
1.004675
1.004701
1.004728
1.004754
1.004781
1.004808
1.004834
1.004861
1.004887
1.004914
1.004940
1.004967
1.004993
1.005020
1.005046
1.005073
1.005099
1.005126
1.005152
1.005179
1.005205
1.005232
1.005259
1.005285
1.005311
1.005338
1.005365
1.005391
1.005418
1.005444
1.005471
1.005497
1.005524
1.005550
1.005577
1.005603
1.005630
1.005657
1.005683
1.005710
1.005736
1.005763
1.005789
1.005816
1.005842
1.005869
1.005895
1.005922
1.005949
1.005975
1.006002
1.006028
1.006055
1.006081
1.006108
1.006134
1.006161
1.006187
1.006214
1.006240
1.006267
1.006294
1.006320
1.006347
1.006373
1.006400
1.006426
1.006453
1.006479
1.006506
1.006533
1.006559
1.006586
1.006612
1.006639
1.006665
1.006692
1.006718
1.006745
1.006772
1.006798
1.006825
1.006851
1.006878
1.006905
1.006931
1.006958
1.006984
1.007011
1.007037
1.007064
1.007090
1.007117
1.007144
1.007170
1.007197
1.007223
1.007250
1.007276
1.007303
1.007330
1.007356
1.007383
1.007409
1.007436
1.007462
1.007489
1.007516
1.007542
1.007569
1.007595
1.007622
1.007648
1.007675
1.007702
1.007728
1.007755
1.007781
1.007808
1.007834
1.007861
1.007888
1.007914
1.007941
1.007967
1.007994
1.008020
1.008047
1.008074
1.008100
1.008127
1.008153
1.008180
1.008207
1.008233
1.008260
1.008286
1.008313
1.008339
1.008366
1.008393
1.008419
1.008446
1.008472
1.008499
1.008526
1.008552
1.008579
1.008605
1.008632
1.008659
1.008685
1.008712
1.008738
1.008765
1.008792
1.008818
1.008845
1.008871
1.008898
1.008925
1.008951
1.008978
1.009004
1.009031
1.009058
1.009084
1.009111
1.009138
1.009164
1.009191
1.009217
1.009244
1.009271
1.009297
1.009324
1.009350
1.009377
1.009403
1.009430
1.009457
1.009483
1.009510
1.009537
1.009563
1.009590
1.009616
1.009643
1.009670
1.009696
1.009723
1.009749
1.009776
1.009803
1.009829
1.009856
1.009882
1.009909
1.009936
1.009962
1.009989
1.010016
1.010042
1.010069
1.010095
1.010122
1.010149
1.010175
1.010202
1.010229
1.010255
1.010282
1.010309
1.010335
1.010362
1.010388
1.010415
1.010441
1.010468
1.010495
1.010522
1.010548
1.010575
1.010601
1.010628
1.010655
1.010681
1.010708
1.010735
1.010761
1.010788
1.010814
1.010841
1.010868
1.010894
1.010921
1.010948
1.010974
1.011001
1.011027
1.011054
1.011081
1.011107
1.011134
1.011161
1.011187
1.011214
1.011241
1.011267
1.011294
1.011321
1.011347
1.011374
1.011400
1.011427
1.011454
1.011480
1.011507
1.011534
1.011560
1.011587
1.011614
1.011640
1.011667
1.011694
1.011720
1.011747
1.011774
1.011800
1.011827
1.011853
1.011880
1.011907
1.011934
1.011960
1.011987
1.012013
1.012040
1.012067
1.012093
1.012120
1.012147
1.012173
1.012200
1.012227
1.012253
1.012280
1.012307
1.012333
1.012360
1.012387
1.012413
1.012440
1.012467
1.012493
1.012520
1.012547
1.012573
1.012600
1.012627
1.012653
1.012680
1.012707
1.012733
1.012760
1.012787
1.012813
1.012840
1.012867
1.012893
1.012920
1.012947
1.012973
1.013000
1.013027
1.013053
1.013080
1.013107
1.013133
1.013160
1.013187
1.013213
1.013240
1.013267
1.013293
1.013320
1.013347
1.013373
1.013400
1.013427
1.013454
1.013480
1.013507
1.013534
1.013560
1.013587
1.013614
1.013640
1.013667
1.013694
1.013720
1.013747
1.013774
1.013801
1.013827
1.013854
1.013880
1.013907
1.013934
1.013960
1.013987
1.014014
1.014041
1.014067
1.014094
1.014121
1.014147
1.014174
1.014201
1.014227
1.014254
1.014281
1.014308
1.014334
1.014361
1.014388
1.014414
1.014441
1.014468
1.014495
1.014521
1.014548
1.014575
1.014601
1.014628
1.014655
1.014681
1.014708
1.014735
1.014762
1.014788
1.014815
1.014842
1.014868
1.014895
1.014922
1.014948
1.014975
1.015002
1.015029
1.015055
1.015082
1.015109
1.015135
1.015162
1.015189
1.015216
1.015242
1.015269
1.015296
1.015322
1.015349
1.015376
1.015403
1.015429
1.015456
1.015483
1.015509
1.015536
1.015563
1.015590
1.015616
1.015643
1.015670
1.015697
1.015723
1.015750
1.015777
1.015803
1.015830
1.015857
1.015884
1.015910
1.015937
1.015964
1.015990
1.016017
1.016044
1.016071
1.016097
1.016124
1.016151
1.016178
1.016204
1.016231
1.016258
1.016285
1.016311
1.016338
1.016365
1.016391
1.016418
1.016445
1.016472
1.016498
1.016525
1.016552
1.016579
1.016605
1.016632
1.016659
1.016686
1.016712
1.016739
1.016766
1.016792
1.016819
1.016846
1.016873
1.016899
1.016926
1.016953
1.016980
1.017006
1.017033
1.017060
1.017087
1.017114
1.017140
1.017167
1.017194
1.017221
1.017247
1.017274
1.017301
1.017328
1.017354
1.017381
1.017408
1.017435
1.017461
1.017488
1.017515
1.017542
1.017568
1.017595
1.017622
1.017649
1.017675
1.017702
1.017729
1.017755
1.017782
1.017809
1.017836
1.017863
1.017889
1.017916
1.017943
1.017970
1.017996
1.018023
1.018050
1.018077
1.018103
1.018130
1.018157
1.018184
1.018211
1.018237
1.018264
1.018291
1.018318
1.018344
1.018371
1.018398
1.018425
1.018451
1.018478
1.018505
1.018532
1.018558
1.018585
1.018612
1.018639
1.018666
1.018692
1.018719
1.018746
1.018773
1.018800
1.018826
1.018853
1.018880
1.018907
1.018933
1.018960
1.018987
1.019014
1.019041
1.019067
1.019094
1.019121
1.019148
1.019175
1.019201
1.019228
1.019255
1.019282
1.019308
1.019335
1.019362
1.019389
1.019416
1.019442
1.019469
1.019496
1.019523
1.019550
1.019576
1.019603
1.019630
1.019657
1.019684
1.019710
1.019737
1.019764
1.019791
1.019818
1.019844
1.019871
1.019898
1.019925
1.019951
1.019978
1.020005
1.020032
1.020059
1.020085
1.020112
1.020139
1.020166
1.020193
1.020219
1.020246
1.020273
1.020300
1.020327
1.020353
1.020380
1.020407
1.020434
1.020461
1.020488
1.020514
1.020541
1.020568
1.020595
1.020622
1.020648
1.020675
1.020702
1.020729
1.020756
1.020782
1.020809
1.020836
1.020863
1.020890
1.020916
1.020943
1.020970
1.020997
1.021024
1.021051
1.021077
1.021104
1.021131
1.021158
1.021185
1.021212
1.021238
1.021265
1.021292
1.021319
1.021346
1.021372
1.021399
1.021426
1.021453
1.021480
1.021507
1.021533
1.021560
1.021587
1.021614
1.021641
1.021668
1.021694
1.021721
1.021748
1.021775
1.021802
1.021828
1.021855
1.021882
1.021909
1.021936
1.021963
1.021990
1.022016
1.022043
1.022070
1.022097
1.022124
1.022151
1.022177
1.022204
1.022231
1.022258
1.022285
1.022312
1.022338
1.022365
1.022392
1.022419
1.022446
1.022473
1.022500
1.022526
1.022553
1.022580
1.022607
1.022634
1.022661
1.022687
1.022714
1.022741
1.022768
1.022795
1.022822
1.022849
1.022875
1.022902
1.022929
1.022956
1.022983
1.023010
1.023036
1.023063
1.023090
1.023117
1.023144
1.023171
1.023198
1.023225
1.023251
1.023278
1.023305
1.023332
1.023359
1.023386
1.023413
1.023439
1.023466
1.023493
1.023520
1.023547
1.023574
1.023600
1.023627
1.023654
1.023681
1.023708
1.023735
1.023762
1.023789
1.023816
1.023842
1.023869
1.023896
1.023923
1.023950
1.023977
1.024004
1.024030
1.024057
1.024084
1.024111
1.024138
1.024165
1.024192
1.024219
1.024245
1.024272
1.024299
1.024326
1.024353
1.024380
1.024407
1.024434
1.024460
1.024487
1.024514
1.024541
1.024568
1.024595
1.024622
1.024649
1.024675
1.024702
1.024729
1.024756
1.024783
1.024810
1.024837
1.024864
1.024891
1.024917
1.024944
1.024971
1.024998
1.025025
1.025052
1.025079
1.025106
1.025133
1.025160
1.025186
1.025213
1.025240
1.025267
1.025294
1.025321
1.025348
1.025375
1.025402
1.025428
1.025455
1.025482
1.025509
1.025536
1.025563
1.025590
1.025617
1.025644
1.025671
1.025698
1.025724
1.025751
1.025778
1.025805
1.025832
1.025859
1.025886
1.025913
1.025940
1.025966
1.025993
1.026020
1.026047
1.026074
1.026101
1.026128
1.026155
1.026182
1.026209
1.026236
1.026263
1.026289
1.026316
1.026343
1.026370
1.026397
1.026424
1.026451
1.026478
1.026505
1.026532
1.026559
1.026585
1.026612
1.026639
1.026666
1.026693
1.026720
1.026747
1.026774
1.026801
1.026828
1.026855
1.026882
1.026908
1.026935
1.026962
1.026989
1.027016
1.027043
1.027070
1.027097
1.027124
1.027151
1.027178
1.027205
1.027232
1.027258
1.027286
1.027312
1.027339
1.027366
1.027393
1.027420
1.027447
1.027474
1.027501
1.027528
1.027555
1.027582
1.027609
1.027636
1.027663
1.027690
1.027717
1.027743
1.027770
1.027797
1.027824
1.027851
1.027878
1.027905
1.027932
1.027959
1.027986
1.028013
1.028040
1.028067
1.028094
1.028121
1.028148
1.028175
1.028201
1.028228
1.028255
1.028282
1.028309
1.028336
1.028363
1.028390
1.028417
1.028444
1.028471
1.028498
1.028525
1.028552
1.028579
1.028606
1.028633
1.028660
1.028686
1.028714
1.028741
1.028768
1.028794
1.028821
1.028848
1.028875
1.028902
1.028929
1.028956
1.028983
1.029010
1.029037
1.029064
1.029091
1.029118
1.029145
1.029172
1.029199
1.029226
1.029253
1.029280
1.029307
1.029334
1.029361
1.029388
1.029414
1.029441
1.029469
1.029495
1.029522
1.029549
1.029576
1.029603
1.029630
1.029657
1.029684
1.029711
1.029738
1.029765
1.029792
1.029819
1.029846
1.029873
1.029900
1.029927
1.029954
1.029981
1.030008
1.030035
1.030062
1.030089
1.030116
1.030143
1.030170
1.030197
1.030224
1.030251
1.030278
1.030305
1.030332
1.030359
1.030386
1.030413
1.030440
1.030467
1.030494
1.030521
1.030548
1.030575
1.030602
1.030629
1.030656
1.030683
1.030710
1.030737
1.030764
1.030791
1.030817
1.030844
1.030872
1.030899
1.030925
1.030952
1.030980
1.031007
1.031034
1.031060
1.031087
1.031115
1.031142
1.031168
1.031196
1.031223
1.031250
1.031276
1.031303
1.031331
1.031358
1.031385
1.031411
1.031439
1.031466
1.031493
1.031519
1.031547
1.031574
1.031601
1.031627
1.031654
1.031682
1.031709
1.031736
1.031763
1.031790
1.031817
1.031844
1.031871
1.031898
1.031925
1.031952
1.031979
1.032006
1.032033
1.032060
1.032087
1.032114
1.032141
1.032168
1.032195
1.032222
1.032249
1.032276
1.032303
1.032330
1.032357
1.032384
1.032411
1.032438
1.032465
1.032492
1.032519
1.032546
1.032573
1.032600
1.032627
1.032654
1.032681
1.032708
1.032735
1.032762
1.032789
1.032816
1.032843
1.032870
1.032898
1.032925
1.032951
1.032979
1.033006
1.033033
1.033060
1.033087
1.033114
1.033141
1.033168
1.033195
1.033222
1.033249
1.033276
1.033303
1.033330
1.033357
1.033384
1.033411
1.033438
1.033465
1.033492
1.033519
1.033546
1.033573
1.033600
1.033628
1.033654
1.033681
1.033709
1.033736
1.033763
1.033790
1.033817
1.033844
1.033871
1.033898
1.033925
1.033952
1.033979
1.034006
1.034033
1.034060
1.034087
1.034114
1.034141
1.034168
1.034195
1.034223
1.034250
1.034277
1.034304
1.034331
1.034358
1.034385
1.034412
1.034439
1.034466
1.034493
1.034520
1.034547
1.034574
1.034601
1.034628
1.034655
1.034683
1.034710
1.034737
1.034764
1.034791
1.034818
1.034845
1.034872
1.034899
1.034926
1.034953
1.034980
1.035007
1.035034
1.035062
1.035088
1.035116
1.035143
1.035170
1.035197
1.035224
1.035251
1.035278
1.035305
1.035332
1.035359
1.035386
1.035413
1.035440
1.035468
1.035495
1.035522
1.035549
1.035576
1.035603
1.035630
1.035657
1.035684
1.035711
1.035738
1.035765
1.035792
1.035820
1.035847
1.035874
1.035901
1.035928
1.035955
1.035982
1.036009
1.036036
1.036063
1.036090
1.036118
1.036145
1.036172
1.036199
1.036226
1.036253
1.036280
1.036307
1.036334
1.036361
1.036388
1.036415
1.036443
1.036470
1.036497
1.036524
1.036551
1.036578
1.036605
1.036632
1.036659
1.036687
1.036714
1.036741
1.036768
1.036795
1.036822
1.036849
1.036876
1.036903
1.036930
1.036958
1.036984
1.037012
1.037039
1.037066
1.037093
1.037120
1.037147
1.037174
1.037201
1.037228
1.037256
1.037283
1.037310
1.037337
1.037364
1.037391
1.037418
1.037445
1.037472
1.037500
1.037527
1.037554
1.037581
1.037608
1.037635
1.037662
1.037689
1.037717
1.037744
1.037771
1.037798
1.037825
1.037852
1.037879
1.037906
1.037933
1.037961
1.037988
1.038015
1.038042
1.038069
1.038096
1.038123
1.038151
1.038177
1.038205
1.038232
1.038259
1.038286
1.038313
1.038340
1.038367
1.038395
1.038422
1.038449
1.038476
1.038503
1.038530
1.038557
1.038584
1.038612
1.038639
1.038666
1.038693
1.038720
1.038747
1.038774
1.038802
1.038829
1.038856
1.038883
1.038910
1.038937
1.038964
1.038992
1.039019
1.039046
1.039073
1.039100
1.039127
1.039154
1.039182
1.039209
1.039236
1.039263
1.039290
1.039317
1.039344
1.039371
1.039399
1.039426
1.039453
1.039480
1.039507
1.039534
1.039562
1.039589
1.039616
1.039643
1.039670
1.039697
1.039724
1.039752
1.039779
1.039806
1.039833
1.039860
1.039887
1.039915
1.039942
1.039969
1.039996
1.040023
1.040050
1.040077
1.040105
1.040132
1.040159
1.040186
1.040213
1.040240
1.040268
1.040295
1.040322
1.040349
1.040376
1.040403
1.040430
1.040458
1.040485
1.040512
1.040539
1.040566
1.040594
1.040621
1.040648
1.040675
1.040702
1.040729
1.040757
1.040784
1.040811
1.040838
1.040865
1.040893
1.040920
1.040947
1.040974
1.041001
1.041028
1.041055
1.041083
1.041110
1.041137
1.041164
1.041191
1.041219
1.041246
1.041273
1.041300
1.041327
1.041354
1.041381
1.041409
1.041436
1.041463
1.041490
1.041517
1.041545
1.041572
1.041599
1.041626
1.041653
1.041681
1.041708
1.041735
1.041762
1.041789
1.041817
1.041844
1.041871
1.041898
1.041925
1.041953
1.041980
1.042007
1.042034
1.042061
1.042089
1.042116
1.042143
1.042170
1.042197
1.042224
1.042252
1.042279
1.042306
1.042333
1.042360
1.042388
1.042415
1.042442
1.042469
1.042496
1.042524
1.042551
1.042578
1.042605
1.042632
1.042660
1.042687
1.042714
1.042741
1.042768
1.042796
1.042823
1.042850
1.042877
1.042904
1.042932
1.042959
1.042986
1.043013
1.043041
1.043068
1.043095
1.043122
1.043149
1.043176
1.043204
1.043231
1.043258
1.043285
1.043313
1.043340
1.043367
1.043394
1.043421
1.043449
1.043476
1.043503
1.043530
1.043558
1.043585
1.043612
1.043639
1.043666
1.043694
1.043721
1.043748
1.043775
1.043803
1.043830
1.043857
1.043884
1.043911
1.043939
1.043966
1.043993
1.044020
1.044048
1.044075
1.044102
1.044129
1.044157
1.044184
1.044211
1.044238
1.044265
1.044293
1.044320
1.044347
1.044374
1.044402
1.044429
1.044456
1.044483
1.044511
1.044538
1.044565
1.044592
1.044619
1.044647
1.044674
1.044701
1.044728
1.044756
1.044783
1.044810
1.044837
1.044865
1.044892
1.044919
1.044946
1.044974
1.045001
1.045028
1.045055
1.045083
1.045110
1.045137
1.045164
1.045192
1.045219
1.045246
1.045273
1.045301
1.045328
1.045355
1.045382
1.045410
1.045437
1.045464
1.045491
1.045519
1.045546
1.045573
1.045600
1.045628
1.045655
1.045682
1.045709
1.045737
1.045764
1.045791
1.045818
1.045846
1.045873
1.045900
1.045927
1.045955
1.045982
1.046009
1.046037
1.046064
1.046091
1.046118
1.046146
1.046173
1.046200
1.046227
1.046255
1.046282
1.046309
1.046336
1.046364
1.046391
1.046418
1.046445
1.046473
1.046500
1.046527
1.046555
1.046582
1.046609
1.046636
1.046664
1.046691
1.046718
1.046746
1.046773
1.046800
1.046827
1.046855
1.046882
1.046909
1.046936
1.046964
1.046991
1.047018
1.047046
1.047073
1.047100
1.047127
1.047155
1.047182
1.047209
1.047236
1.047264
1.047291
1.047318
1.047346
1.047373
1.047400
1.047428
1.047455
1.047482
1.047509
1.047537
1.047564
1.047591
1.047618
1.047646
1.047673
1.047701
1.047728
1.047755
1.047782
1.047810
1.047837
1.047864
1.047892
1.047919
1.047946
1.047973
1.048001
1.048028
1.048055
1.048083
1.048110
1.048137
1.048165
1.048192
1.048219
1.048246
1.048274
1.048301
1.048328
1.048356
1.048383
1.048410
1.048437
1.048465
1.048492
1.048519
1.048547
1.048574
1.048601
1.048629
1.048656
1.048683
1.048711
1.048738
1.048765
1.048793
1.048820
1.048847
1.048874
1.048902
1.048929
1.048956
1.048984
1.049011
1.049038
1.049066
1.049093
1.049120
1.049148
1.049175
1.049202
1.049230
1.049257
1.049284
1.049312
1.049339
1.049366
1.049393
1.049421
1.049448
1.049475
1.049503
1.049530
1.049557
1.049585
1.049612
1.049639
1.049667
1.049694
1.049721
1.049749
1.049776
1.049803
1.049831
1.049858
1.049885
1.049913
1.049940
1.049967
1.049995
1.050022
1.050049
1.050077
1.050104
1.050131
1.050159
1.050186
1.050213
1.050241
1.050268
1.050295
1.050323
1.050350
1.050377
1.050405
1.050432
1.050459
1.050487
1.050514
1.050541
1.050569
1.050596
1.050623
1.050651
1.050678
1.050706
1.050733
1.050760
1.050788
1.050815
1.050842
1.050870
1.050897
1.050924
1.050952
1.050979
1.051006
1.051034
1.051061
1.051088
1.051116
1.051143
1.051170
1.051198
1.051225
1.051252
1.051280
1.051307
1.051334
1.051362
1.051389
1.051417
1.051444
1.051471
1.051499
1.051526
1.051553
1.051581
1.051608
1.051636
1.051663
1.051690
1.051717
1.051745
1.051772
1.051800
1.051827
1.051854
1.051882
1.051909
1.051936
1.051964
1.051991
1.052019
1.052046
1.052073
1.052101
1.052128
1.052155
1.052183
1.052210
1.052238
1.052265
1.052292
1.052320
1.052347
1.052374
1.052402
1.052429
1.052457
1.052484
1.052511
1.052539
1.052566
1.052593
1.052621
1.052648
1.052676
1.052703
1.052730
1.052758
1.052785
1.052812
1.052840
1.052867
1.052895
1.052922
1.052949
1.052977
1.053004
1.053031
1.053059
1.053086
1.053114
1.053141
1.053168
1.053196
1.053223
1.053251
1.053278
1.053305
1.053333
1.053360
1.053388
1.053415
1.053442
1.053470
1.053497
1.053524
1.053552
1.053579
1.053607
1.053634
1.053662
1.053689
1.053716
1.053744
1.053771
1.053799
1.053826
1.053853
1.053881
1.053908
1.053936
1.053963
1.053990
1.054018
1.054045
1.054073
1.054100
1.054127
1.054155
1.054182
1.054209
1.054237
1.054264
1.054292
1.054319
1.054347
1.054374
1.054401
1.054429
1.054456
1.054484
1.054511
1.054538
1.054566
1.054593
1.054621
1.054648
1.054676
1.054703
1.054730
1.054758
1.054785
1.054813
1.054840
1.054867
1.054895
1.054922
1.054950
1.054977
1.055005
1.055032
1.055059
1.055087
1.055114
1.055142
1.055169
1.055196
1.055224
1.055251
1.055279
1.055306
1.055334
1.055361
1.055388
1.055416
1.055443
1.055471
1.055498
1.055526
1.055553
1.055580
1.055608
1.055635
1.055663
1.055690
1.055718
1.055745
1.055772
1.055800
1.055827
1.055855
1.055882
1.055910
1.055937
1.055965
1.055992
1.056019
1.056047
1.056074
1.056102
1.056129
1.056157
1.056184
1.056211
1.056239
1.056266
1.056294
1.056321
1.056349
1.056376
1.056404
1.056431
1.056458
1.056486
1.056513
1.056541
1.056568
1.056596
1.056623
1.056651
1.056678
1.056705
1.056733
1.056760
1.056788
1.056815
1.056843
1.056870
1.056898
1.056925
1.056953
1.056980
1.057007
1.057035
1.057062
1.057090
1.057117
1.057145
1.057172
1.057200
1.057227
1.057255
1.057282
1.057310
1.057337
1.057364
1.057392
1.057419
1.057447
1.057474
1.057502
1.057529
1.057557
1.057584
1.057612
1.057639
1.057667
1.057694
1.057721
1.057749
1.057776
1.057804
1.057831
1.057859
1.057886
1.057914
1.057941
1.057969
1.057996
1.058024
1.058051
1.058079
1.058106
1.058134
1.058161
1.058188
1.058216
1.058243
1.058271
1.058298
1.058326
1.058353
1.058381
1.058408
1.058436
1.058463
1.058491
1.058518
1.058546
1.058573
1.058601
1.058628
1.058656
1.058683
1.058711
1.058738
1.058766
1.058793
1.058821
1.058848
1.058876
1.058903
1.058930
1.058958
1.058985
1.059013
1.059040
1.059068
1.059095
1.059123
1.059150
1.059178
1.059205
1.059233
1.059260
1.059288
1.059315
1.059343
1.059370
1.059398
1.059425
1.059453
1.059480
1.059508
1.059535
1.059563
1.059590
1.059618
1.059645
1.059673
1.059700
1.059728
1.059755
1.059783
1.059810
1.059838
1.059865
1.059893
1.059920
1.059948
1.059975
1.060003
1.060030
1.060058
1.060085
1.060113
1.060140
1.060168
1.060195
1.060223
1.060250
1.060278
1.060306
1.060333
1.060360
1.060388
1.060416
1.060443
1.060470
1.060498
1.060526
1.060553
1.060581
1.060608
1.060636
1.060663
1.060691
1.060718
1.060746
1.060773
1.060801
1.060828
1.060856
1.060883
1.060911
1.060938
1.060966
1.060993
1.061021
1.061049
1.061076
1.061103
1.061131
1.061159
1.061186
1.061214
1.061241
1.061269
1.061296
1.061324
1.061351
1.061379
1.061406
1.061434
1.061461
1.061489
1.061517
1.061544
1.061571
1.061599
1.061627
1.061654
1.061682
1.061709
1.061737
1.061764
1.061792
1.061819
1.061847
1.061874
1.061902
1.061929
1.061957
1.061985
1.062012
1.062040
1.062067
1.062095
1.062122
1.062150
1.062177
1.062205
1.062232
1.062260
1.062287
1.062315
1.062343
1.062370
1.062398
1.062425
1.062453
1.062480
1.062508
1.062535
1.062563
1.062591
1.062618
1.062646
1.062673
1.062701
1.062728
1.062756
1.062783
1.062811
1.062839
1.062866
1.062894
1.062921
1.062949
1.062976
1.063004
1.063031
1.063059
1.063087
1.063114
1.063142
1.063169
1.063197
1.063224
1.063252
1.063280
1.063307
1.063335
1.063362
1.063390
1.063417
1.063445
1.063473
1.063500
1.063528
1.063555
1.063583
1.063610
1.063638
1.063665
1.063693
1.063721
1.063748
1.063776
1.063803
1.063831
1.063858
1.063886
1.063914
1.063941
1.063969
1.063996
1.064024
1.064051
1.064079
1.064107
1.064134
1.064162
1.064189
1.064217
1.064244
1.064272
1.064300
1.064327
1.064355
1.064382
1.064410
1.064438
1.064465
1.064493
1.064520
1.064548
1.064575
1.064603
1.064631
1.064658
1.064686
1.064713
1.064741
1.064769
1.064796
1.064824
1.064851
1.064879
1.064907
1.064934
1.064962
1.064989
1.065017
1.065045
1.065072
1.065100
1.065127
1.065155
1.065182
1.065210
1.065238
1.065265
1.065293
1.065320
1.065348
1.065376
1.065403
1.065431
1.065459
1.065486
1.065514
1.065541
1.065569
1.065597
1.065624
1.065652
1.065679
1.065707
1.065735
1.065762
1.065790
1.065817
1.065845
1.065873
1.065900
1.065928
1.065955
1.065983
1.066011
1.066038
1.066066
1.066093
1.066121
1.066149
1.066176
1.066204
1.066232
1.066259
1.066287
1.066314
1.066342
1.066370
1.066397
1.066425
1.066452
1.066480
1.066508
1.066535
1.066563
1.066591
1.066618
1.066646
1.066673
1.066701
1.066729
1.066756
1.066784
1.066812
1.066839
1.066867
1.066894
1.066922
1.066950
1.066977
1.067005
1.067033
1.067060
1.067088
1.067116
1.067143
1.067171
1.067198
1.067226
1.067254
1.067281
1.067309
1.067337
1.067364
1.067392
1.067419
1.067447
1.067475
1.067502
1.067530
1.067558
1.067585
1.067613
1.067640
1.067668
1.067696
1.067723
1.067751
1.067779
1.067806
1.067834
1.067862
1.067889
1.067917
1.067945
1.067972
1.068000
1.068027
1.068055
1.068083
1.068110
1.068138
1.068166
1.068193
1.068221
1.068249
1.068276
1.068304
1.068332
1.068359
1.068387
1.068415
1.068442
1.068470
1.068498
1.068525
1.068553
1.068580
1.068608
1.068636
1.068663
1.068691
1.068719
1.068746
1.068774
1.068802
1.068829
1.068857
1.068885
1.068912
1.068940
1.068968
1.068995
1.069023
1.069051
1.069078
1.069106
1.069134
1.069161
1.069189
1.069217
1.069244
1.069272
1.069300
1.069327
1.069355
1.069383
1.069410
1.069438
1.069466
1.069493
1.069521
1.069549
1.069576
1.069604
1.069632
1.069659
1.069687
1.069715
1.069742
1.069770
1.069798
1.069825
1.069853
1.069881
1.069909
1.069936
1.069964
1.069992
1.070019
1.070047
1.070075
1.070102
1.070130
1.070158
1.070185
1.070213
1.070241
1.070268
1.070296
1.070324
1.070351
1.070379
1.070407
1.070434
1.070462
1.070490
1.070518
1.070545
1.070573
1.070601
1.070628
1.070656
1.070684
1.070711
1.070739
1.070767
1.070794
1.070822
1.070850
1.070878
1.070905
1.070933
1.070961
1.070988
1.071016
1.071044
1.071071
1.071099
1.071127
1.071154
1.071182
1.071210
1.071238
1.071265
1.071293
1.071321
1.071348
1.071376
1.071404
1.071432
1.071459
1.071487
1.071515
1.071542
1.071570
1.071598
1.071625
1.071653
1.071681
1.071709
1.071736
1.071764
1.071792
1.071819
1.071847
1.071875
1.071903
1.071930
1.071958
1.071986
1.072013
1.072041
1.072069
1.072097
1.072124
1.072152
1.072180
1.072207
1.072235
1.072263
1.072291
1.072318
1.072346
1.072374
1.072401
1.072429
1.072457
1.072485
1.072512
1.072540
1.072568
1.072595
1.072623
1.072651
1.072679
1.072706
1.072734
1.072762
1.072790
1.072817
1.072845
1.072873
1.072901
1.072928
1.072956
1.072984
1.073011
1.073039
1.073067
1.073095
1.073122
1.073150
1.073178
1.073205
1.073233
1.073261
1.073289
1.073316
1.073344
1.073372
1.073400
1.073427
1.073455
1.073483
1.073511
1.073538
1.073566
1.073594
1.073622
1.073649
1.073677
1.073705
1.073733
1.073760
1.073788
1.073816
1.073844
1.073871
1.073899
1.073927
1.073954
1.073982
1.074010
1.074038
1.074065
1.074093
1.074121
1.074149
1.074176
1.074204
1.074232
1.074260
1.074288
1.074315
1.074343
1.074371
1.074399
1.074426
1.074454
1.074482
1.074510
1.074537
1.074565
1.074593
1.074621
1.074648
1.074676
1.074704
1.074732
1.074759
1.074787
1.074815
1.074843
1.074871
1.074898
1.074926
1.074954
1.074982
1.075009
1.075037
1.075065
1.075093
1.075120
1.075148
1.075176
1.075204
1.075231
1.075259
1.075287
1.075315
1.075343
1.075370
1.075398
1.075426
1.075454
1.075481
1.075509
1.075537
1.075565
1.075592
1.075620
1.075648
1.075676
1.075704
1.075731
1.075759
1.075787
1.075815
1.075843
1.075870
1.075898
1.075926
1.075954
1.075981
1.076009
1.076037
1.076065
1.076093
1.076120
1.076148
1.076176
1.076204
1.076231
1.076259
1.076287
1.076315
1.076343
1.076370
1.076398
1.076426
1.076454
1.076482
1.076509
1.076537
1.076565
1.076593
1.076620
1.076648
1.076676
1.076704
1.076732
1.076759
1.076787
1.076815
1.076843
1.076871
1.076898
1.076926
1.076954
1.076982
1.077010
1.077037
1.077065
1.077093
1.077121
1.077149
1.077176
1.077204
1.077232
1.077260
1.077288
1.077316
1.077343
1.077371
1.077399
1.077427
1.077455
1.077482
1.077510
1.077538
1.077566
1.077593
1.077621
1.077649
1.077677
1.077705
1.077732
1.077760
1.077788
1.077816
1.077844
1.077872
1.077899
1.077927
1.077955
1.077983
1.078011
1.078039
1.078066
1.078094
1.078122
1.078150
1.078178
1.078205
1.078233
1.078261
1.078289
1.078317
1.078344
1.078372
1.078400
1.078428
1.078456
1.078484
1.078512
1.078539
1.078567
1.078595
1.078623
1.078651
1.078679
1.078706
1.078734
1.078762
1.078790
1.078818
1.078845
1.078873
1.078901
1.078929
1.078957
1.078985
1.079012
1.079040
1.079068
1.079096
1.079124
1.079152
1.079179
1.079207
1.079235
1.079263
1.079291
1.079319
1.079346
1.079374
1.079402
1.079430
1.079458
1.079486
1.079514
1.079541
1.079569
1.079597
1.079625
1.079653
1.079681
1.079708
1.079736
1.079764
1.079792
1.079820
1.079848
1.079876
1.079903
1.079931
1.079959
1.079987
1.080015
1.080042
1.080070
1.080098
1.080126
1.080154
1.080182
1.080210
1.080238
1.080265
1.080293
1.080321
1.080349
1.080377
1.080405
1.080433
1.080460
1.080488
1.080516
1.080544
1.080572
1.080600
1.080628
1.080655
1.080683
1.080711
1.080739
1.080767
1.080795
1.080823
1.080850
1.080878
1.080906
1.080934
1.080962
1.080990
1.081018
1.081045
1.081073
1.081101
1.081129
1.081157
1.081185
1.081213
1.081241
1.081268
1.081296
1.081324
1.081352
1.081380
1.081408
1.081436
1.081464
1.081492
1.081519
1.081547
1.081575
1.081603
1.081631
1.081659
1.081687
1.081715
1.081742
1.081770
1.081798
1.081826
1.081854
1.081882
1.081910
1.081938
1.081965
1.081993
1.082021
1.082049
1.082077
1.082105
1.082133
1.082161
1.082189
1.082216
1.082244
1.082272
1.082300
1.082328
1.082356
1.082384
1.082412
1.082440
1.082468
1.082495
1.082523
1.082551
1.082579
1.082607
1.082635
1.082663
1.082691
1.082718
1.082746
1.082774
1.082802
1.082830
1.082858
1.082886
1.082914
1.082942
1.082970
1.082997
1.083025
1.083053
1.083081
1.083109
1.083137
1.083165
1.083193
1.083221
1.083249
1.083276
1.083304
1.083332
1.083360
1.083388
1.083416
1.083444
1.083472
1.083500
1.083528
1.083556
1.083583
1.083611
1.083639
1.083667
1.083695
1.083723
1.083751
1.083779
1.083807
1.083835
1.083863
1.083891
1.083919
1.083946
1.083974
1.084002
1.084030
1.084058
1.084086
1.084114
1.084142
1.084170
1.084198
1.084226
1.084254
1.084281
1.084309
1.084337
1.084365
1.084393
1.084421
1.084449
1.084477
1.084505
1.084533
1.084561
1.084589
1.084617
1.084645
1.084673
1.084700
1.084728
1.084756
1.084784
1.084812
1.084840
1.084868
1.084896
1.084924
1.084952
1.084980
1.085008
1.085036
1.085063
1.085091
1.085119
1.085147
1.085175
1.085203
1.085231
1.085259
1.085287
1.085315
1.085343
1.085371
1.085399
1.085427
1.085455
1.085483
1.085511
1.085538
1.085566
1.085594
1.085622
1.085650
1.085678
1.085706
1.085734
1.085762
1.085790
1.085818
1.085846
1.085874
1.085902
1.085930
1.085958
1.085986
1.086014
1.086041
1.086069
1.086098
1.086125
1.086153
1.086181
1.086209
1.086237
1.086265
1.086293
1.086321
1.086349
1.086377
1.086405
1.086433
1.086461
1.086489
1.086517
1.086545
1.086573
1.086601
1.086629
1.086657
1.086685
1.086713
1.086741
1.086768
1.086796
1.086824
1.086852
1.086880
1.086908
1.086936
1.086964
1.086992
1.087020
1.087048
1.087076
1.087104
1.087132
1.087160
1.087188
1.087216
1.087244
1.087272
1.087300
1.087328
1.087356
1.087384
1.087412
1.087440
1.087468
1.087496
1.087524
1.087552
1.087580
1.087608
1.087636
1.087664
1.087692
1.087720
1.087747
1.087775
1.087804
1.087832
1.087860
1.087887
1.087915
1.087943
1.087971
1.087999
1.088027
1.088055
1.088083
1.088111
1.088139
1.088167
1.088195
1.088223
1.088251
1.088279
1.088307
1.088335
1.088363
1.088391
1.088419
1.088447
1.088475
1.088503
1.088531
1.088559
1.088587
1.088615
1.088643
1.088671
1.088699
1.088727
1.088755
1.088783
1.088811
1.088839
1.088867
1.088895
1.088923
1.088951
1.088979
1.089007
1.089035
1.089063
1.089091
1.089119
1.089147
1.089175
1.089203
1.089231
1.089259
1.089287
1.089315
1.089343
1.089371
1.089399
1.089427
1.089455
1.089483
1.089511
1.089539
1.089567
1.089595
1.089623
1.089651
1.089679
1.089707
1.089735
1.089763
1.089792
1.089820
1.089847
1.089876
1.089904
1.089932
1.089960
1.089988
1.090016
1.090044
1.090072
1.090100
1.090128
1.090156
1.090184
1.090212
1.090240
1.090268
1.090296
1.090324
1.090352
1.090380
1.090408
1.090436
1.090464
1.090492
1.090520
1.090548
1.090576
1.090604
1.090632
1.090660
1.090688
1.090716
1.090744
1.090772
1.090800
1.090828
1.090856
1.090884
1.090913
1.090941
1.090969
1.090997
1.091025
1.091053
1.091081
1.091109
1.091137
1.091165
1.091193
1.091221
1.091249
1.091277
1.091305
1.091333
1.091361
1.091389
1.091417
1.091445
1.091473
1.091501
1.091529
1.091557
1.091585
1.091614
1.091642
1.091670
1.091698
1.091726
1.091754
1.091782
1.091810
1.091838
1.091866
1.091894
1.091922
1.091950
1.091978
1.092006
1.092034
1.092062
1.092090
1.092119
1.092147
1.092174
1.092203
1.092231
1.092259
1.092287
1.092315
1.092343
1.092371
1.092399
1.092427
1.092455
1.092483
1.092511
1.092539
1.092567
1.092595
1.092624
1.092652
1.092680
1.092708
1.092736
1.092764
1.092792
1.092820
1.092848
1.092876
1.092904
1.092932
1.092960
1.092988
1.093017
1.093045
1.093073
1.093101
1.093129
1.093157
1.093185
1.093213
1.093241
1.093269
1.093297
1.093325
1.093353
1.093382
1.093409
1.093438
1.093466
1.093494
1.093522
1.093550
1.093578
1.093606
1.093634
1.093662
1.093690
1.093718
1.093747
1.093775
1.093803
1.093831
1.093859
1.093887
1.093915
1.093943
1.093971
1.093999
1.094027
1.094055
1.094084
1.094112
1.094140
1.094168
1.094196
1.094224
1.094252
1.094280
1.094308
1.094336
1.094364
1.094392
1.094421
1.094449
1.094477
1.094505
1.094533
1.094561
1.094589
1.094617
1.094645
1.094673
1.094702
1.094730
1.094758
1.094786
1.094814
1.094842
1.094870
1.094898
1.094926
1.094955
1.094983
1.095011
1.095039
1.095067
1.095095
1.095123
1.095151
1.095179
1.095208
1.095236
1.095264
1.095292
1.095320
1.095348
1.095376
1.095404
1.095432
1.095460
1.095489
1.095517
1.095545
1.095573
1.095601
1.095629
1.095657
1.095685
1.095714
1.095742
1.095770
1.095798
1.095826
1.095854
1.095882
1.095910
1.095938
1.095967
1.095995
1.096023
1.096051
1.096079
1.096107
1.096135
1.096163
1.096192
1.096220
1.096248
1.096276
1.096304
1.096332
1.096360
1.096388
1.096417
1.096445
1.096473
1.096501
1.096529
1.096557
1.096585
1.096613
1.096642
1.096670
1.096698
1.096726
1.096754
1.096782
1.096810
1.096839
1.096867
1.096895
1.096923
1.096951
1.096979
1.097007
1.097035
1.097064
1.097092
1.097120
1.097148
1.097176
1.097204
1.097232
1.097261
1.097289
1.097317
1.097345
1.097373
1.097401
1.097429
1.097458
1.097486
1.097514
1.097542
1.097570
1.097598
1.097626
1.097655
1.097683
1.097711
1.097739
1.097767
1.097795
1.097824
1.097852
1.097880
1.097908
1.097936
1.097964
1.097992
1.098021
1.098049
1.098077
1.098105
1.098133
1.098161
1.098190
1.098218
1.098246
1.098274
1.098302
1.098330
1.098358
1.098387
1.098415
1.098443
1.098471
1.098499
1.098527
1.098556
1.098584
1.098612
1.098640
1.098668
1.098696
1.098724
1.098753
1.098781
1.098809
1.098837
1.098865
1.098894
1.098922
1.098950
1.098978
1.099006
1.099034
1.099063
1.099091
1.099119
1.099147
1.099175
1.099204
1.099232
1.099260
1.099288
1.099316
1.099344
1.099372
1.099401
1.099429
1.099457
1.099485
1.099513
1.099542
1.099570
1.099598
1.099626
1.099654
1.099683
1.099711
1.099739
1.099767
1.099795
1.099823
1.099852
1.099880
1.099908
1.099936
1.099964
1.099993
1.100021
1.100049
1.100077
1.100105
1.100133
1.100162
1.100190
1.100218
1.100246
1.100275
1.100303
1.100331
1.100359
1.100387
1.100415
1.100444
1.100472
1.100500
1.100528
1.100556
1.100585
1.100613
1.100641
1.100669
1.100697
1.100726
1.100754
1.100782
1.100810
1.100838
1.100867
1.100895
1.100923
1.100951
1.100979
1.101008
1.101036
1.101064
1.101092
1.101120
1.101149
1.101177
1.101205
1.101233
1.101261
1.101290
1.101318
1.101346
1.101374
1.101403
1.101431
1.101459
1.101487
1.101515
1.101544
1.101572
1.101600
1.101628
1.101656
1.101685
1.101713
1.101741
1.101769
1.101798
1.101826
1.101854
1.101882
1.101910
1.101939
1.101967
1.101995
1.102023
1.102052
1.102080
1.102108
1.102136
1.102164
1.102193
1.102221
1.102249
1.102277
1.102305
1.102334
1.102362
1.102390
1.102419
1.102447
1.102475
1.102503
1.102531
1.102560
1.102588
1.102616
1.102644
1.102672
1.102701
1.102729
1.102757
1.102786
1.102814
1.102842
1.102870
1.102898
1.102927
1.102955
1.102983
1.103011
1.103040
1.103068
1.103096
1.103124
1.103153
1.103181
1.103209
1.103237
1.103266
1.103294
1.103322
1.103350
1.103378
1.103407
1.103435
1.103463
1.103491
1.103520
1.103548
1.103576
1.103604
1.103633
1.103661
1.103689
1.103717
1.103746
1.103774
1.103802
1.103830
1.103859
1.103887
1.103915
1.103943
1.103972
1.104000
1.104028
1.104056
1.104085
1.104113
1.104141
1.104169
1.104198
1.104226
1.104254
1.104283
1.104311
1.104339
1.104367
1.104396
1.104424
1.104452
1.104480
1.104509
1.104537
1.104565
1.104593
1.104622
1.104650
1.104678
1.104706
1.104735
1.104763
1.104791
1.104819
1.104848
1.104876
1.104904
1.104933
1.104961
1.104989
1.105017
1.105046
1.105074
1.105102
1.105131
1.105159
1.105187
1.105215
1.105244
1.105272
1.105300
1.105328
1.105357
1.105385
1.105413
1.105441
1.105470
1.105498
1.105526
1.105555
1.105583
1.105611
1.105640
1.105668
1.105696
1.105724
1.105753
1.105781
1.105809
1.105837
1.105866
1.105894
1.105922
1.105951
1.105979
1.106007
1.106035
1.106064
1.106092
1.106120
1.106149
1.106177
1.106205
1.106234
1.106262
1.106290
1.106318
1.106347
1.106375
1.106403
1.106432
1.106460
1.106488
1.106517
1.106545
1.106573
1.106601
1.106630
1.106658
1.106686
1.106714
1.106743
1.106771
1.106799
1.106828
1.106856
1.106884
1.106913
1.106941
1.106969
1.106998
1.107026
1.107054
1.107082
1.107111
1.107139
1.107167
1.107196
1.107224
1.107252
1.107281
1.107309
1.107337
1.107366
1.107394
1.107422
1.107450
1.107479
1.107507
1.107535
1.107564
1.107592
1.107620
1.107649
1.107677
1.107705
1.107734
1.107762
1.107790
1.107819
1.107847
1.107875
1.107903
1.107932
1.107960
1.107989
1.108017
1.108045
1.108073
1.108102
1.108130
1.108158
1.108187
1.108215
1.108243
1.108272
1.108300
1.108328
1.108357
1.108385
1.108413
1.108442
1.108470
1.108498
1.108527
1.108555
1.108583
1.108612
1.108640
1.108668
1.108697
1.108725
1.108753
1.108782
1.108810
1.108838
1.108867
1.108895
1.108923
1.108952
1.108980
1.109008
1.109037
1.109065
1.109093
1.109122
1.109150
1.109178
1.109207
1.109235
1.109263
1.109292
1.109320
1.109348
1.109377
1.109405
1.109433
1.109462
1.109490
1.109518
1.109547
1.109575
1.109604
1.109632
1.109660
1.109689
1.109717
1.109745
1.109774
1.109802
1.109830
1.109859
1.109887
1.109915
1.109944
1.109972
1.110000
1.110029
1.110057
1.110086
1.110114
1.110142
1.110171
1.110199
1.110227
1.110256
1.110284
1.110312
1.110341
1.110369
1.110397
1.110426
1.110454
1.110483
1.110511
1.110539
1.110568
1.110596
1.110624
1.110653
1.110681
1.110709
1.110738
1.110766
1.110794
1.110823
1.110851
1.110880
1.110908
1.110936
1.110965
1.110993
1.111021
1.111050
1.111078
1.111107
1.111135
1.111163
1.111192
1.111220
1.111248
1.111277
1.111305
1.111334
1.111362
1.111390
1.111419
1.111447
1.111476
1.111504
1.111532
1.111561
1.111589
1.111617
1.111646
1.111674
1.111702
1.111731
1.111759
1.111788
1.111816
1.111844
1.111873
1.111901
1.111930
1.111958
1.111986
1.112015
1.112043
1.112072
1.112100
1.112128
1.112157
1.112185
1.112213
1.112242
1.112270
1.112299
1.112327
1.112355
1.112384
1.112412
1.112441
1.112469
1.112497
1.112526
1.112554
1.112583
1.112611
1.112639
1.112668
1.112696
1.112725
1.112753
1.112781
1.112810
1.112838
1.112866
1.112895
1.112923
1.112952
1.112980
1.113008
1.113037
1.113065
1.113094
1.113122
1.113151
1.113179
1.113207
1.113236
1.113264
1.113293
1.113321
1.113350
1.113378
1.113406
1.113435
1.113463
1.113491
1.113520
1.113548
1.113577
1.113605
1.113634
1.113662
1.113690
1.113719
1.113747
1.113776
1.113804
1.113832
1.113861
1.113889
1.113918
1.113946
1.113975
1.114003
1.114031
1.114060
1.114088
1.114117
1.114145
1.114174
1.114202
1.114230
1.114259
1.114287
1.114316
1.114344
1.114372
1.114401
1.114429
1.114458
1.114486
1.114515
1.114543
1.114572
1.114600
1.114628
1.114657
1.114685
1.114714
1.114742
1.114770
1.114799
1.114827
1.114856
1.114884
1.114913
1.114941
1.114970
1.114998
1.115026
1.115055
1.115083
1.115112
1.115140
1.115169
1.115197
1.115226
1.115254
1.115282
1.115311
1.115339
1.115368
1.115396
1.115425
1.115453
1.115482
1.115510
1.115538
1.115567
1.115595
1.115624
1.115652
1.115681
1.115709
1.115737
1.115766
1.115794
1.115823
1.115851
1.115880
1.115908
1.115937
1.115965
1.115993
1.116022
1.116050
1.116079
1.116107
1.116136
1.116164
1.116193
1.116221
1.116250
1.116278
1.116307
1.116335
1.116363
1.116392
1.116420
1.116449
1.116477
1.116506
1.116534
1.116563
1.116591
1.116620
1.116648
1.116677
1.116705
1.116733
1.116762
1.116790
1.116819
1.116847
1.116876
1.116904
1.116933
1.116961
1.116990
1.117018
1.117047
1.117075
1.117104
1.117132
1.117160
1.117189
1.117217
1.117246
1.117274
1.117303
1.117331
1.117360
1.117388
1.117417
1.117445
1.117474
1.117502
1.117531
1.117559
1.117588
1.117616
1.117645
1.117673
1.117702
1.117730
1.117758
1.117787
1.117815
1.117844
1.117872
1.117901
1.117929
1.117958
1.117986
1.118015
1.118043
1.118072
1.118100
1.118129
1.118157
1.118186
1.118214
1.118243
1.118271
1.118300
1.118328
1.118357
1.118385
1.118414
1.118442
1.118471
1.118499
1.118528
1.118556
1.118585
1.118613
1.118642
1.118670
1.118699
1.118727
1.118756
1.118784
1.118813
1.118841
1.118870
1.118898
1.118927
1.118955
1.118984
1.119012
1.119041
1.119069
1.119098
1.119126
1.119155
1.119183
1.119212
1.119240
1.119269
1.119297
1.119326
1.119354
1.119383
1.119411
1.119440
1.119468
1.119497
1.119525
1.119554
1.119582
1.119611
1.119639
1.119668
1.119696
1.119725
1.119753
1.119782
1.119810
1.119839
1.119867
1.119896
1.119924
1.119953
1.119982
1.120010
1.120039
1.120067
1.120096
1.120124
1.120153
1.120181
1.120210
1.120238
1.120267
1.120295
1.120324
1.120352
1.120381
1.120409
1.120438
1.120466
1.120495
1.120523
1.120552
1.120580
1.120609
1.120638
1.120666
1.120695
1.120723
1.120752
1.120780
1.120809
1.120837
1.120866
1.120894
1.120923
1.120951
1.120980
1.121008
1.121037
1.121066
1.121094
1.121123
1.121151
1.121180
1.121208
1.121237
1.121265
1.121294
1.121322
1.121351
1.121379
1.121408
1.121437
1.121465
1.121494
1.121522
1.121551
1.121579
1.121608
1.121636
1.121665
1.121693
1.121722
1.121750
1.121779
1.121808
1.121836
1.121865
1.121893
1.121922
1.121950
1.121979
1.122007
1.122036
1.122065
1.122093
1.122122
1.122150
1.122179
1.122207
1.122236
1.122264
1.122293
1.122322
1.122350
1.122379
1.122407
1.122436
1.122464
1.122493
1.122521
1.122550
1.122579
1.122607
1.122636
1.122664
1.122693
1.122721
1.122750
1.122779
1.122807
1.122836
1.122864
1.122893
1.122921
1.122950
1.122979
1.123007
1.123036
1.123064
1.123093
1.123121
1.123150
1.123178
1.123207
1.123236
1.123264
1.123293
1.123321
1.123350
1.123378
1.123407
1.123436
1.123464
1.123493
1.123521
1.123550
1.123578
1.123607
1.123636
1.123664
1.123693
1.123721
1.123750
1.123779
1.123807
1.123836
1.123864
1.123893
1.123921
1.123950
1.123979
1.124007
1.124036
1.124064
1.124093
1.124121
1.124150
1.124179
1.124207
1.124236
1.124264
1.124293
1.124322
1.124350
1.124379
1.124407
1.124436
1.124465
1.124493
1.124522
1.124550
1.124579
1.124608
1.124636
1.124665
1.124693
1.124722
1.124750
1.124779
1.124808
1.124836
1.124865
1.124893
1.124922
1.124951
1.124979
1.125008
1.125037
1.125065
1.125094
1.125122
1.125151
1.125180
1.125208
1.125237
1.125265
1.125294
1.125323
1.125351
1.125380
1.125408
1.125437
1.125466
1.125494
1.125523
1.125551
1.125580
1.125609
1.125637
1.125666
1.125695
1.125723
1.125752
1.125780
1.125809
1.125838
1.125866
1.125895
1.125923
1.125952
1.125981
1.126009
1.126038
1.126066
1.126095
1.126124
1.126152
1.126181
1.126210
1.126238
1.126267
1.126295
1.126324
1.126353
1.126381
1.126410
1.126439
1.126467
1.126496
1.126524
1.126553
1.126582
1.126610
1.126639
1.126667
1.126696
1.126725
1.126754
1.126782
1.126811
1.126839
1.126868
1.126896
1.126925
1.126954
1.126982
1.127011
1.127040
1.127068
1.127097
1.127126
1.127154
1.127183
1.127212
1.127240
1.127269
1.127297
1.127326
1.127355
1.127383
1.127412
1.127441
1.127469
1.127498
1.127527
1.127555
1.127584
1.127612
1.127641
1.127670
1.127698
1.127727
1.127756
1.127784
1.127813
1.127842
1.127870
1.127899
1.127928
1.127956
1.127985
1.128013
1.128042
1.128071
1.128100
1.128128
1.128157
1.128185
1.128214
1.128243
1.128271
1.128300
1.128329
1.128357
1.128386
1.128415
1.128443
1.128472
1.128501
1.128529
1.128558
1.128587
1.128615
1.128644
1.128673
1.128701
1.128730
1.128759
1.128787
1.128816
1.128845
1.128873
1.128902
1.128931
1.128959
1.128988
1.129017
1.129045
1.129074
1.129103
1.129131
1.129160
1.129188
1.129217
1.129246
1.129274
1.129303
1.129332
1.129361
1.129389
1.129418
1.129447
1.129475
1.129504
1.129533
1.129561
1.129590
1.129619
1.129647
1.129676
1.129705
1.129733
1.129762
1.129791
1.129819
1.129848
1.129877
1.129905
1.129934
1.129963
1.129991
1.130020
1.130049
1.130077
1.130106
1.130135
1.130163
1.130192
1.130221
1.130250
1.130278
1.130307
1.130336
1.130364
1.130393
1.130422
1.130450
1.130479
1.130508
1.130536
1.130565
1.130594
1.130623
1.130651
1.130680
1.130709
1.130737
1.130766
1.130795
1.130823
1.130852
1.130881
1.130909
1.130938
1.130967
1.130996
1.131024
1.131053
1.131082
1.131110
1.131139
1.131168
1.131196
1.131225
1.131254
1.131283
1.131311
1.131340
1.131369
1.131397
1.131426
1.131455
1.131483
1.131512
1.131541
1.131570
1.131598
1.131627
1.131656
1.131684
1.131713
1.131742
1.131771
1.131799
1.131828
1.131857
1.131885
1.131914
1.131943
1.131972
1.132000
1.132029
1.132058
1.132086
1.132115
1.132144
1.132172
1.132201
1.132230
1.132259
1.132288
1.132316
1.132345
1.132374
1.132402
1.132431
1.132460
1.132488
1.132517
1.132546
1.132575
1.132603
1.132632
1.132661
1.132689
1.132718
1.132747
1.132776
1.132804
1.132833
1.132862
1.132891
1.132919
1.132948
1.132977
1.133006
1.133034
1.133063
1.133092
1.133120
1.133149
1.133178
1.133207
1.133235
1.133264
1.133293
1.133322
1.133350
1.133379
1.133408
1.133436
1.133465
1.133494
1.133523
1.133552
1.133580
1.133609
1.133638
1.133667
1.133695
1.133724
1.133753
1.133781
1.133810
1.133839
1.133868
1.133896
1.133925
1.133954
1.133983
1.134011
1.134040
1.134069
1.134098
1.134126
1.134155
1.134184
1.134213
1.134241
1.134270
1.134299
1.134328
1.134356
1.134385
1.134414
1.134443
1.134471
1.134500
1.134529
1.134558
1.134586
1.134615
1.134644
1.134673
1.134701
1.134730
1.134759
1.134788
1.134816
1.134845
1.134874
1.134903
1.134932
1.134960
1.134989
1.135018
1.135047
1.135075
1.135104
1.135133
1.135162
1.135190
1.135219
1.135248
1.135277
1.135306
1.135334
1.135363
1.135392
1.135421
1.135449
1.135478
1.135507
1.135536
1.135564
1.135593
1.135622
1.135651
1.135680
1.135708
1.135737
1.135766
1.135795
1.135823
1.135852
1.135881
1.135910
1.135938
1.135967
1.135996
1.136025
1.136054
1.136082
1.136111
1.136140
1.136169
1.136197
1.136226
1.136255
1.136284
1.136313
1.136341
1.136370
1.136399
1.136428
1.136457
1.136485
1.136514
1.136543
1.136572
1.136600
1.136629
1.136658
1.136687
1.136715
1.136744
1.136773
1.136802
1.136831
1.136860
1.136888
1.136917
1.136946
1.136975
1.137004
1.137032
1.137061
1.137090
1.137119
1.137147
1.137176
1.137205
1.137234
1.137263
1.137292
1.137320
1.137349
1.137378
1.137407
1.137436
1.137464
1.137493
1.137522
1.137551
1.137580
1.137608
1.137637
1.137666
1.137695
1.137723
1.137752
1.137781
1.137810
1.137839
1.137868
1.137896
1.137925
1.137954
1.137983
1.138012
1.138040
1.138069
1.138098
1.138127
1.138156
1.138185
1.138213
1.138242
1.138271
1.138300
1.138329
1.138357
1.138386
1.138415
1.138444
1.138473
1.138501
1.138530
1.138559
1.138588
1.138617
1.138646
1.138674
1.138703
1.138732
1.138761
1.138790
1.138819
1.138847
1.138876
1.138905
1.138934
1.138963
1.138991
1.139020
1.139049
1.139078
1.139107
1.139136
1.139164
1.139193
1.139222
1.139251
1.139280
1.139309
1.139337
1.139366
1.139395
1.139424
1.139453
1.139482
1.139510
1.139539
1.139568
1.139597
1.139626
1.139655
1.139683
1.139712
1.139741
1.139770
1.139799
1.139828
1.139857
1.139885
1.139914
1.139943
1.139972
1.140001
1.140029
1.140058
1.140087
1.140116
1.140145
1.140174
1.140203
1.140231
1.140260
1.140289
1.140318
1.140347
1.140376
1.140404
1.140433
1.140462
1.140491
1.140520
1.140549
1.140578
1.140607
1.140635
1.140664
1.140693
1.140722
1.140751
1.140780
1.140808
1.140837
1.140866
1.140895
1.140924
1.140953
1.140982
1.141011
1.141039
1.141068
1.141097
1.141126
1.141155
1.141184
1.141212
1.141241
1.141270
1.141299
1.141328
1.141357
1.141386
1.141414
1.141443
1.141472
1.141501
1.141530
1.141559
1.141588
1.141617
1.141645
1.141674
1.141703
1.141732
1.141761
1.141790
1.141819
1.141848
1.141876
1.141905
1.141934
1.141963
1.141992
1.142021
1.142050
1.142079
1.142107
1.142136
1.142165
1.142194
1.142223
1.142252
1.142281
1.142310
1.142338
1.142367
1.142396
1.142425
1.142454
1.142483
1.142512
1.142541
1.142569
1.142598
1.142627
1.142656
1.142685
1.142714
1.142743
1.142772
1.142801
1.142829
1.142858
1.142887
1.142916
1.142945
1.142974
1.143003
1.143032
1.143061
1.143090
1.143118
1.143147
1.143176
1.143205
1.143234
1.143263
1.143292
1.143321
1.143350
1.143378
1.143407
1.143436
1.143465
1.143494
1.143523
1.143552
1.143581
1.143610
1.143639
1.143668
1.143696
1.143725
1.143754
1.143783
1.143812
1.143841
1.143870
1.143899
1.143928
1.143956
1.143985
1.144014
1.144043
1.144072
1.144101
1.144130
1.144159
1.144188
1.144217
1.144246
1.144274
1.144304
1.144332
1.144361
1.144390
1.144419
1.144448
1.144477
1.144506
1.144535
1.144564
1.144592
1.144621
1.144650
1.144679
1.144708
1.144737
1.144766
1.144795
1.144824
1.144853
1.144882
1.144911
1.144940
1.144968
1.144997
1.145026
1.145055
1.145084
1.145113
1.145142
1.145171
1.145200
1.145229
1.145258
1.145287
1.145316
1.145344
1.145373
1.145402
1.145431
1.145460
1.145489
1.145518
1.145547
1.145576
1.145605
1.145634
1.145663
1.145692
1.145721
1.145749
1.145778
1.145808
1.145836
1.145865
1.145894
1.145923
1.145952
1.145981
1.146010
1.146039
1.146068
1.146097
1.146126
1.146155
1.146184
1.146212
1.146241
1.146270
1.146299
1.146328
1.146357
1.146386
1.146415
1.146444
1.146473
1.146502
1.146531
1.146560
1.146589
1.146618
1.146647
1.146676
1.146705
1.146734
1.146763
1.146792
1.146820
1.146849
1.146878
1.146907
1.146936
1.146965
1.146994
1.147023
1.147052
1.147081
1.147110
1.147139
1.147168
1.147197
1.147226
1.147255
1.147284
1.147313
1.147342
1.147371
1.147400
1.147429
1.147458
1.147486
1.147515
1.147544
1.147573
1.147602
1.147631
1.147660
1.147689
1.147718
1.147747
1.147776
1.147805
1.147834
1.147863
1.147892
1.147921
1.147950
1.147979
1.148008
1.148037
1.148066
1.148095
1.148124
1.148153
1.148182
1.148211
1.148240
1.148269
1.148298
1.148327
1.148356
1.148384
1.148413
1.148443
1.148472
1.148500
1.148529
1.148558
1.148587
1.148616
1.148645
1.148674
1.148703
1.148732
1.148761
1.148790
1.148819
1.148848
1.148877
1.148906
1.148935
1.148964
1.148993
1.149022
1.149051
1.149080
1.149109
1.149138
1.149167
1.149196
1.149225
1.149254
1.149283
1.149312
1.149341
1.149370
1.149399
1.149428
1.149457
1.149486
1.149515
1.149544
1.149573
1.149602
1.149631
1.149660
1.149689
1.149718
1.149747
1.149776
1.149805
1.149834
1.149863
1.149892
1.149921
1.149950
1.149979
1.150008
1.150037
1.150066
1.150095
1.150124
1.150153
1.150182
1.150211
1.150240
1.150269
1.150298
1.150327
1.150356
1.150385
1.150414
1.150443
1.150472
1.150501
1.150530
1.150559
1.150588
1.150617
1.150646
1.150675
1.150704
1.150733
1.150762
1.150791
1.150820
1.150849
1.150878
1.150907
1.150936
1.150965
1.150994
1.151023
1.151052
1.151081
1.151110
1.151139
1.151168
1.151197
1.151226
1.151255
1.151285
1.151313
1.151343
1.151372
1.151401
1.151430
1.151459
1.151488
1.151517
1.151546
1.151575
1.151604
1.151633
1.151662
1.151691
1.151720
1.151749
1.151778
1.151807
1.151836
1.151865
1.151894
1.151923
1.151952
1.151981
1.152010
1.152039
1.152068
1.152097
1.152126
1.152155
1.152184
1.152213
1.152242
1.152272
1.152301
1.152330
1.152359
1.152388
1.152417
1.152446
1.152475
1.152504
1.152533
1.152562
1.152591
1.152620
1.152649
1.152678
1.152707
1.152736
1.152765
1.152794
1.152823
1.152852
1.152881
1.152910
1.152940
1.152969
1.152998
1.153027
1.153056
1.153085
1.153114
1.153143
1.153172
1.153201
1.153230
1.153259
1.153288
1.153317
1.153346
1.153375
1.153404
1.153434
1.153463
1.153491
1.153521
1.153550
1.153579
1.153608
1.153637
1.153666
1.153695
1.153724
1.153753
1.153782
1.153811
1.153840
1.153869
1.153898
1.153927
1.153957
1.153986
1.154015
1.154044
1.154073
1.154102
1.154131
1.154160
1.154189
1.154218
1.154247
1.154276
1.154305
1.154334
1.154363
1.154393
1.154422
1.154451
1.154480
1.154509
1.154538
1.154567
1.154596
1.154625
1.154654
1.154683
1.154712
1.154742
1.154771
1.154800
1.154829
1.154858
1.154887
1.154916
1.154945
1.154974
1.155003
1.155032
1.155061
1.155090
1.155120
1.155149
1.155178
1.155207
1.155236
1.155265
1.155294
1.155323
1.155352
1.155381
1.155410
1.155439
1.155469
1.155498
1.155527
1.155556
1.155585
1.155614
1.155643
1.155672
1.155701
1.155730
1.155760
1.155789
1.155818
1.155847
1.155876
1.155905
1.155934
1.155963
1.155992
1.156021
1.156050
1.156080
1.156109
1.156138
1.156167
1.156196
1.156225
1.156254
1.156283
1.156312
1.156341
1.156371
1.156400
1.156429
1.156458
1.156487
1.156516
1.156545
1.156574
1.156603
1.156633
1.156662
1.156691
1.156720
1.156749
1.156778
1.156807
1.156836
1.156865
1.156895
1.156924
1.156953
1.156982
1.157011
1.157040
1.157069
1.157098
1.157127
1.157157
1.157186
1.157215
1.157244
1.157273
1.157302
1.157331
1.157360
1.157390
1.157419
1.157448
1.157477
1.157506
1.157535
1.157564
1.157593
1.157622
1.157652
1.157681
1.157710
1.157739
1.157768
1.157797
1.157826
1.157855
1.157885
1.157914
1.157943
1.157972
1.158001
1.158030
1.158059
1.158088
1.158118
1.158147
1.158176
1.158205
1.158234
1.158263
1.158292
1.158321
1.158351
1.158380
1.158409
1.158438
1.158467
1.158496
1.158525
1.158555
1.158584
1.158613
1.158642
1.158671
1.158700
1.158729
1.158759
1.158788
1.158817
1.158846
1.158875
1.158904
1.158934
1.158963
1.158992
1.159021
1.159050
1.159079
1.159108
1.159137
1.159167
1.159196
1.159225
1.159254
1.159283
1.159312
1.159342
1.159371
1.159400
1.159429
1.159458
1.159487
1.159516
1.159546
1.159575
1.159604
1.159633
1.159662
1.159691
1.159721
1.159750
1.159779
1.159808
1.159837
1.159866
1.159895
1.159925
1.159954
1.159983
1.160012
1.160041
1.160070
1.160100
1.160129
1.160158
1.160187
1.160216
1.160245
1.160275
1.160304
1.160333
1.160362
1.160391
1.160420
1.160450
1.160479
1.160508
1.160537
1.160566
1.160595
1.160624
1.160654
1.160683
1.160712
1.160741
1.160770
1.160800
1.160829
1.160858
1.160887
1.160916
1.160945
1.160975
1.161004
1.161033
1.161062
1.161091
1.161121
1.161150
1.161179
1.161208
1.161237
1.161266
1.161296
1.161325
1.161354
1.161383
1.161412
1.161442
1.161471
1.161500
1.161529
1.161558
1.161587
1.161617
1.161646
1.161675
1.161704
1.161733
1.161763
1.161792
1.161821
1.161850
1.161879
1.161908
1.161938
1.161967
1.161996
1.162025
1.162054
1.162084
1.162113
1.162142
1.162171
1.162200
1.162230
1.162259
1.162288
1.162317
1.162346
1.162376
1.162405
1.162434
1.162463
1.162492
1.162522
1.162551
1.162580
1.162609
1.162638
1.162668
1.162697
1.162726
1.162755
1.162784
1.162814
1.162843
1.162872
1.162901
1.162930
1.162960
1.162989
1.163018
1.163047
1.163076
1.163106
1.163135
1.163164
1.163193
1.163223
1.163252
1.163281
1.163310
1.163339
1.163369
1.163398
1.163427
1.163456
1.163485
1.163515
1.163544
1.163573
1.163602
1.163632
1.163661
1.163690
1.163719
1.163748
1.163778
1.163807
1.163836
1.163865
1.163895
1.163924
1.163953
1.163982
1.164011
1.164041
1.164070
1.164099
1.164128
1.164158
1.164187
1.164216
1.164245
1.164274
1.164304
1.164333
1.164362
1.164391
1.164421
1.164450
1.164479
1.164508
1.164537
1.164567
1.164596
1.164625
1.164654
1.164684
1.164713
1.164742
1.164771
1.164801
1.164830
1.164859
1.164888
1.164918
1.164947
1.164976
1.165005
1.165034
1.165064
1.165093
1.165122
1.165151
1.165181
1.165210
1.165239
1.165268
1.165298
1.165327
1.165356
1.165385
1.165415
1.165444
1.165473
1.165502
1.165532
1.165561
1.165590
1.165619
1.165649
1.165678
1.165707
1.165736
1.165766
1.165795
1.165824
1.165853
1.165883
1.165912
1.165941
1.165970
1.166000
1.166029
1.166058
1.166087
1.166117
1.166146
1.166175
1.166204
1.166234
1.166263
1.166292
1.166321
1.166351
1.166380
1.166409
1.166439
1.166468
1.166497
1.166526
1.166556
1.166585
1.166614
1.166643
1.166673
1.166702
1.166731
1.166760
1.166790
1.166819
1.166848
1.166878
1.166907
1.166936
1.166965
1.166995
1.167024
1.167053
1.167082
1.167112
1.167141
1.167170
1.167199
1.167229
1.167258
1.167287
1.167317
1.167346
1.167375
1.167404
1.167434
1.167463
1.167492
1.167522
1.167551
1.167580
1.167609
1.167639
1.167668
1.167697
1.167726
1.167756
1.167785
1.167814
1.167844
1.167873
1.167902
1.167932
1.167961
1.167990
1.168019
1.168049
1.168078
1.168107
1.168136
1.168166
1.168195
1.168224
1.168254
1.168283
1.168312
1.168341
1.168371
1.168400
1.168429
1.168459
1.168488
1.168517
1.168547
1.168576
1.168605
1.168634
1.168664
1.168693
1.168722
1.168752
1.168781
1.168810
1.168839
1.168869
1.168898
1.168927
1.168957
1.168986
1.169015
1.169045
1.169074
1.169103
1.169133
1.169162
1.169191
1.169220
1.169250
1.169279
1.169308
1.169338
1.169367
1.169396
1.169426
1.169455
1.169484
1.169513
1.169543
1.169572
1.169602
1.169631
1.169660
1.169689
1.169719
1.169748
1.169777
1.169807
1.169836
1.169865
1.169895
1.169924
1.169953
1.169983
1.170012
1.170041
1.170071
1.170100
1.170129
1.170158
1.170188
1.170217
1.170246
1.170276
1.170305
1.170334
1.170364
1.170393
1.170422
1.170452
1.170481
1.170510
1.170540
1.170569
1.170598
1.170628
1.170657
1.170686
1.170716
1.170745
1.170774
1.170804
1.170833
1.170862
1.170892
1.170921
1.170950
1.170980
1.171009
1.171038
1.171068
1.171097
1.171126
1.171155
1.171185
1.171214
1.171244
1.171273
1.171302
1.171332
1.171361
1.171390
1.171420
1.171449
1.171478
1.171508
1.171537
1.171566
1.171596
1.171625
1.171654
1.171684
1.171713
1.171742
1.171772
1.171801
1.171830
1.171860
1.171889
1.171918
1.171948
1.171977
1.172007
1.172036
1.172065
1.172094
1.172124
1.172153
1.172182
1.172212
1.172241
1.172271
1.172300
1.172329
1.172359
1.172388
1.172417
1.172447
1.172476
1.172505
1.172535
1.172564
1.172593
1.172623
1.172652
1.172682
1.172711
1.172740
1.172770
1.172799
1.172828
1.172858
1.172887
1.172917
1.172946
1.172975
1.173005
1.173034
1.173063
1.173093
1.173122
1.173151
1.173181
1.173210
1.173239
1.173269
1.173298
1.173328
1.173357
1.173386
1.173416
1.173445
1.173474
1.173504
1.173533
1.173563
1.173592
1.173621
1.173651
1.173680
1.173709
1.173739
1.173768
1.173798
1.173827
1.173856
1.173886
1.173915
1.173944
1.173974
1.174003
1.174033
1.174062
1.174091
1.174121
1.174150
1.174179
1.174209
1.174238
1.174268
1.174297
1.174326
1.174356
1.174385
1.174415
1.174444
1.174473
1.174503
1.174532
1.174561
1.174591
1.174620
1.174650
1.174679
1.174708
1.174738
1.174767
1.174797
1.174826
1.174855
1.174885
1.174914
1.174944
1.174973
1.175002
1.175032
1.175061
1.175091
1.175120
1.175149
1.175179
1.175208
1.175238
1.175267
1.175296
1.175326
1.175355
1.175385
1.175414
1.175443
1.175473
1.175502
1.175532
1.175561
1.175590
1.175620
1.175649
1.175678
1.175708
1.175737
1.175767
1.175796
1.175826
1.175855
1.175884
1.175914
1.175943
1.175973
1.176002
1.176032
1.176061
1.176090
1.176120
1.176149
1.176179
1.176208
1.176237
1.176267
1.176296
1.176326
1.176355
1.176384
1.176414
1.176443
1.176473
1.176502
1.176532
1.176561
1.176590
1.176620
1.176649
1.176679
1.176708
1.176737
1.176767
1.176796
1.176826
1.176855
1.176885
1.176914
1.176943
1.176973
1.177002
1.177032
1.177061
1.177090
1.177120
1.177149
1.177179
1.177208
1.177238
1.177267
1.177297
1.177326
1.177355
1.177385
1.177414
1.177444
1.177473
1.177502
1.177532
1.177561
1.177591
1.177620
1.177650
1.177679
1.177709
1.177738
1.177767
1.177797
1.177826
1.177856
1.177885
1.177915
1.177944
1.177974
1.178003
1.178032
1.178062
1.178091
1.178121
1.178150
1.178180
1.178209
1.178239
1.178268
1.178297
1.178327
1.178356
1.178386
1.178415
1.178445
1.178474
1.178504
1.178533
1.178562
1.178592
1.178621
1.178651
1.178680
1.178710
1.178739
1.178769
1.178798
1.178828
1.178857
1.178887
1.178916
1.178945
1.178975
1.179004
1.179034
1.179063
1.179093
1.179122
1.179151
1.179181
1.179210
1.179240
1.179269
1.179299
1.179328
1.179358
1.179387
1.179417
1.179446
1.179476
1.179505
1.179535
1.179564
1.179594
1.179623
1.179652
1.179682
1.179711
1.179741
1.179770
1.179800
1.179829
1.179859
1.179888
1.179918
1.179947
1.179976
1.180006
1.180036
1.180065
1.180094
1.180124
1.180153
1.180183
1.180212
1.180242
1.180271
1.180301
1.180330
1.180360
1.180389
1.180419
1.180448
1.180478
1.180507
1.180537
1.180566
1.180596
1.180625
1.180655
1.180684
1.180713
1.180743
1.180772
1.180802
1.180832
1.180861
1.180890
1.180920
1.180949
1.180979
1.181008
1.181038
1.181067
1.181097
1.181126
1.181156
1.181185
1.181215
1.181244
1.181274
1.181303
1.181333
1.181362
1.181392
1.181421
1.181451
1.181480
1.181510
1.181539
1.181569
1.181598
1.181628
1.181657
1.181687
1.181716
1.181746
1.181775
1.181805
1.181834
1.181864
1.181893
1.181923
1.181952
1.181982
1.182011
1.182041
1.182070
1.182100
1.182129
1.182159
1.182188
1.182218
1.182247
1.182277
1.182306
1.182336
1.182365
1.182395
1.182424
1.182454
1.182483
1.182513
1.182542
1.182572
1.182601
1.182631
1.182660
1.182690
1.182719
1.182749
1.182778
1.182808
1.182837
1.182867
1.182897
1.182926
1.182955
1.182985
1.183015
1.183044
1.183074
1.183103
1.183133
1.183162
1.183192
1.183221
1.183251
1.183280
1.183310
1.183339
1.183369
1.183398
1.183428
1.183457
1.183487
1.183516
1.183546
1.183575
1.183605
1.183635
1.183664
1.183694
1.183723
1.183753
1.183782
1.183812
1.183841
1.183871
1.183900
1.183930
1.183959
1.183989
1.184018
1.184048
1.184077
1.184107
1.184137
1.184166
1.184196
1.184225
1.184255
1.184284
1.184314
1.184343
1.184373
1.184402
1.184432
1.184461
1.184491
1.184521
1.184550
1.184580
1.184609
1.184639
1.184668
1.184698
1.184727
1.184757
1.184786
1.184816
1.184846
1.184875
1.184905
1.184934
1.184964
1.184993
1.185023
1.185052
1.185082
1.185111
1.185141
1.185171
1.185200
1.185230
1.185259
1.185289
1.185318
1.185348
1.185377
1.185407
1.185437
1.185466
1.185496
1.185525
1.185555
1.185584
1.185614
1.185643
1.185673
1.185703
1.185732
1.185762
1.185791
1.185821
1.185850
1.185880
1.185909
1.185939
1.185969
1.185998
1.186028
1.186057
1.186087
1.186116
1.186146
1.186176
1.186205
1.186235
1.186264
1.186294
1.186323
1.186353
1.186383
1.186412
1.186442
1.186471
1.186501
1.186531
1.186560
1.186590
1.186619
1.186649
1.186678
1.186708
1.186737
1.186767
1.186796
1.186826
1.186856
1.186885
1.186915
1.186944
1.186974
1.187004
1.187033
1.187063
1.187092
1.187122
1.187152
1.187181
1.187211
1.187240
1.187270
1.187300
1.187329
1.187359
1.187388
1.187418
1.187447
1.187477
1.187507
1.187536
1.187566
1.187595
1.187625
1.187654
1.187684
1.187714
1.187743
1.187773
1.187803
1.187832
1.187862
1.187891
1.187921
1.187951
1.187980
1.188010
1.188039
1.188069
1.188098
1.188128
1.188158
1.188187
1.188217
1.188246
1.188276
1.188306
1.188335
1.188365
1.188394
1.188424
1.188454
1.188483
1.188513
1.188542
1.188572
1.188602
1.188631
1.188661
1.188690
1.188720
1.188750
1.188779
1.188809
1.188838
1.188868
1.188898
1.188927
1.188957
1.188987
1.189016
1.189046
1.189075
1.189105
1.189134
1.189164
1.189194
1.189223
1.189253
1.189282
1.189312
1.189342
1.189372
1.189401
1.189431
1.189460
1.189490
1.189520
1.189549
1.189579
1.189608
1.189638
1.189668
1.189697
1.189727
1.189757
1.189786
1.189816
1.189845
1.189875
1.189905
1.189934
1.189964
1.189994
1.190023
1.190053
1.190082
1.190112
1.190142
1.190171
1.190201
1.190230
1.190260
1.190290
1.190319
1.190349
1.190379
1.190408
1.190438
1.190467
1.190497
1.190527
1.190556
1.190586
1.190616
1.190645
1.190675
1.190705
1.190734
1.190764
1.190794
1.190823
1.190853
1.190882
1.190912
1.190942
1.190971
1.191001
1.191031
1.191060
1.191090
1.191120
1.191149
1.191179
1.191209
1.191238
1.191268
1.191297
1.191327
1.191357
1.191386
1.191416
1.191446
1.191475
1.191505
1.191535
1.191564
1.191594
1.191623
1.191653
1.191683
1.191713
1.191742
1.191772
1.191801
1.191831
1.191861
1.191890
1.191920
1.191950
1.191979
1.192009
1.192039
1.192068
1.192098
1.192128
1.192157
1.192187
1.192217
1.192246
1.192276
1.192306
1.192335
1.192365
1.192394
1.192424
1.192454
1.192484
1.192513
1.192543
1.192573
1.192602
1.192632
1.192661
1.192691
1.192721
1.192751
1.192780
1.192810
1.192840
1.192869
1.192899
1.192929
1.192958
1.192988
1.193018
1.193047
1.193077
1.193107
1.193136
1.193166
1.193196
1.193225
1.193255
1.193285
1.193314
1.193344
1.193374
1.193403
1.193433
1.193463
1.193492
1.193522
1.193552
1.193581
1.193611
1.193641
1.193671
1.193700
1.193730
1.193759
1.193789
1.193819
1.193848
1.193878
1.193908
1.193938
1.193967
1.193997
1.194027
1.194056
1.194086
1.194116
1.194145
1.194175
1.194205
1.194234
1.194264
1.194294
1.194324
1.194353
1.194383
1.194413
1.194442
1.194472
1.194502
1.194531
1.194561
1.194591
1.194620
1.194650
1.194680
1.194710
1.194739
1.194769
1.194799
1.194828
1.194858
1.194888
1.194917
1.194947
1.194977
1.195006
1.195036
1.195066
1.195096
1.195125
1.195155
1.195185
1.195215
1.195244
1.195274
1.195304
1.195333
1.195363
1.195393
1.195422
1.195452
1.195482
1.195511
1.195541
1.195571
1.195601
1.195630
1.195660
1.195690
1.195720
1.195749
1.195779
1.195809
1.195838
1.195868
1.195898
1.195927
1.195957
1.195987
1.196017
1.196046
1.196076
1.196106
1.196136
1.196165
1.196195
1.196225
1.196254
1.196284
1.196314
1.196344
1.196373
1.196403
1.196433
1.196462
1.196492
1.196522
1.196552
1.196581
1.196611
1.196641
1.196671
1.196700
1.196730
1.196760
1.196790
1.196819
1.196849
1.196879
1.196908
1.196938
1.196968
1.196998
1.197027
1.197057
1.197087
1.197116
1.197146
1.197176
1.197206
1.197235
1.197265
1.197295
1.197325
1.197354
1.197384
1.197414
1.197444
1.197473
1.197503
1.197533
1.197563
1.197592
1.197622
1.197652
1.197682
1.197711
1.197741
1.197771
1.197800
1.197830
1.197860
1.197890
1.197919
1.197949
1.197979
1.198009
1.198038
1.198068
1.198098
1.198128
1.198157
1.198187
1.198217
1.198247
1.198276
1.198306
1.198336
1.198366
1.198395
1.198425
1.198455
1.198485
1.198514
1.198544
1.198574
1.198604
1.198634
1.198663
1.198693
1.198723
1.198752
1.198782
1.198812
1.198842
1.198872
1.198901
1.198931
1.198961
1.198991
1.199020
1.199050
1.199080
1.199110
1.199139
1.199169
1.199199
1.199229
1.199258
1.199288
1.199318
1.199348
1.199377
1.199407
1.199437
1.199467
1.199497
1.199526
1.199556
1.199586
1.199616
1.199645
1.199675
1.199705
1.199735
1.199765
1.199794
1.199824
1.199854
1.199884
1.199913
1.199943
1.199973
1.200003
1.200032
1.200062
1.200092
1.200122
1.200152
1.200181
1.200211
1.200241
1.200271
1.200301
1.200330
1.200360
1.200390
1.200420
1.200449
1.200479
1.200509
1.200539
1.200569
1.200598
1.200628
1.200658
1.200688
1.200718
1.200747
1.200777
1.200807
1.200837
1.200866
1.200896
1.200926
1.200956
1.200986
1.201015
1.201045
1.201075
1.201105
1.201134
1.201164
1.201194
1.201224
1.201254
1.201283
1.201313
1.201343
1.201373
1.201403
1.201432
1.201462
1.201492
1.201522
1.201552
1.201581
1.201611
1.201641
1.201671
1.201701
1.201731
1.201760
1.201790
1.201820
1.201850
1.201880
1.201909
1.201939
1.201969
1.201999
1.202029
1.202058
1.202088
1.202118
1.202148
1.202178
1.202207
1.202237
1.202267
1.202297
1.202327
1.202356
1.202386
1.202416
1.202446
1.202476
1.202506
1.202535
1.202565
1.202595
1.202625
1.202655
1.202684
1.202714
1.202744
1.202774
1.202804
1.202833
1.202863
1.202893
1.202923
1.202953
1.202983
1.203012
1.203042
1.203072
1.203102
1.203132
1.203162
1.203191
1.203221
1.203251
1.203281
1.203311
1.203341
1.203370
1.203400
1.203430
1.203460
1.203490
1.203519
1.203549
1.203579
1.203609
1.203639
1.203669
1.203699
1.203728
1.203758
1.203788
1.203818
1.203848
1.203877
1.203907
1.203937
1.203967
1.203997
1.204027
1.204056
1.204086
1.204116
1.204146
1.204176
1.204206
1.204236
1.204265
1.204295
1.204325
1.204355
1.204385
1.204415
1.204444
1.204474
1.204504
1.204534
1.204564
1.204594
1.204624
1.204653
1.204683
1.204713
1.204743
1.204773
1.204802
1.204832
1.204862
1.204892
1.204922
1.204952
1.204982
1.205012
1.205041
1.205071
1.205101
1.205131
1.205161
1.205191
1.205220
1.205250
1.205280
1.205310
1.205340
1.205370
1.205400
1.205430
1.205459
1.205489
1.205519
1.205549
1.205579
1.205609
1.205639
1.205668
1.205698
1.205728
1.205758
1.205788
1.205818
1.205847
1.205877
1.205907
1.205937
1.205967
1.205997
1.206027
1.206057
1.206087
1.206116
1.206146
1.206176
1.206206
1.206236
1.206266
1.206296
1.206325
1.206355
1.206385
1.206415
1.206445
1.206475
1.206505
1.206535
1.206564
1.206594
1.206624
1.206654
1.206684
1.206714
1.206744
1.206774
1.206803
1.206833
1.206863
1.206893
1.206923
1.206953
1.206983
1.207013
1.207042
1.207072
1.207102
1.207132
1.207162
1.207192
1.207222
1.207252
1.207281
1.207311
1.207341
1.207371
1.207401
1.207431
1.207461
1.207491
1.207521
1.207550
1.207580
1.207610
1.207640
1.207670
1.207700
1.207730
1.207760
1.207790
1.207820
1.207850
1.207879
1.207909
1.207939
1.207969
1.207999
1.208029
1.208059
1.208089
1.208119
1.208149
1.208178
1.208208
1.208238
1.208268
1.208298
1.208328
1.208358
1.208388
1.208418
1.208448
1.208477
1.208507
1.208537
1.208567
1.208597
1.208627
1.208657
1.208687
1.208717
1.208746
1.208776
1.208806
1.208836
1.208866
1.208896
1.208926
1.208956
1.208986
1.209016
1.209046
1.209076
1.209106
1.209135
1.209165
1.209195
1.209225
1.209255
1.209285
1.209315
1.209345
1.209375
1.209405
1.209435
1.209464
1.209494
1.209524
1.209554
1.209584
1.209614
1.209644
1.209674
1.209704
1.209734
1.209764
1.209793
1.209823
1.209853
1.209883
1.209913
1.209943
1.209973
1.210003
1.210033
1.210063
1.210093
1.210123
1.210153
1.210183
1.210212
1.210243
1.210272
1.210302
1.210332
1.210362
1.210392
1.210422
1.210452
1.210482
1.210512
1.210542
1.210572
1.210602
1.210632
1.210662
1.210692
1.210721
1.210751
1.210781
1.210811
1.210841
1.210871
1.210901
1.210931
1.210961
1.210991
1.211021
1.211051
1.211081
1.211111
1.211141
1.211171
1.211201
1.211230
1.211260
1.211290
1.211320
1.211350
1.211380
1.211410
1.211440
1.211470
1.211500
1.211530
1.211560
1.211590
1.211620
1.211650
1.211680
1.211710
1.211740
1.211769
1.211799
1.211829
1.211859
1.211889
1.211919
1.211949
1.211979
1.212009
1.212039
1.212069
1.212099
1.212129
1.212159
1.212189
1.212219
1.212249
1.212279
1.212309
1.212339
1.212369
1.212399
1.212429
1.212459
1.212489
1.212519
1.212548
1.212578
1.212608
1.212638
1.212668
1.212698
1.212728
1.212758
1.212788
1.212818
1.212848
1.212878
1.212908
1.212938
1.212968
1.212998
1.213028
1.213058
1.213088
1.213118
1.213148
1.213178
1.213208
1.213238
1.213268
1.213298
1.213328
1.213358
1.213388
1.213418
1.213448
1.213478
1.213508
1.213538
1.213568
1.213597
1.213627
1.213657
1.213687
1.213718
1.213747
1.213777
1.213807
1.213837
1.213867
1.213897
1.213927
1.213957
1.213987
1.214017
1.214047
1.214077
1.214107
1.214137
1.214167
1.214197
1.214227
1.214257
1.214287
1.214317
1.214347
1.214377
1.214407
1.214437
1.214467
1.214497
1.214527
1.214557
1.214587
1.214617
1.214647
1.214677
1.214707
1.214737
1.214767
1.214797
1.214827
1.214857
1.214887
1.214917
1.214947
1.214977
1.215007
1.215037
1.215067
1.215097
1.215127
1.215157
1.215187
1.215217
1.215247
1.215277
1.215307
1.215337
1.215367
1.215397
1.215427
1.215457
1.215487
1.215517
1.215547
1.215577
1.215607
1.215637
1.215667
1.215697
1.215727
1.215757
1.215787
1.215817
1.215847
1.215877
1.215907
1.215937
1.215967
1.215997
1.216027
1.216057
1.216087
1.216117
1.216147
1.216177
1.216208
1.216237
1.216267
1.216298
1.216328
1.216357
1.216388
1.216418
1.216448
1.216478
1.216508
1.216538
1.216568
1.216598
1.216628
1.216658
1.216688
1.216718
1.216748
1.216778
1.216808
1.216838
1.216868
1.216898
1.216928
1.216958
1.216988
1.217018
1.217048
1.217078
1.217108
1.217138
1.217168
1.217198
1.217228
1.217258
1.217288
1.217318
1.217348
1.217379
1.217409
1.217439
1.217469
1.217499
1.217529
1.217559
1.217589
1.217619
1.217649
1.217679
1.217709
1.217739
1.217769
1.217799
1.217829
1.217859
1.217889
1.217919
1.217949
1.217979
1.218009
1.218040
1.218069
1.218099
1.218130
1.218160
1.218190
1.218220
1.218250
1.218280
1.218310
1.218340
1.218370
1.218400
1.218430
1.218460
1.218490
1.218520
1.218550
1.218580
1.218610
1.218640
1.218671
1.218701
1.218731
1.218761
1.218791
1.218821
1.218851
1.218881
1.218911
1.218941
1.218971
1.219001
1.219031
1.219061
1.219091
1.219121
1.219151
1.219182
1.219212
1.219242
1.219272
1.219302
1.219332
1.219362
1.219392
1.219422
1.219452
1.219482
1.219512
1.219542
1.219572
1.219602
1.219633
1.219663
1.219693
1.219723
1.219753
1.219783
1.219813
1.219843
1.219873
1.219903
1.219933
1.219963
1.219993
1.220024
1.220053
1.220084
1.220114
1.220144
1.220174
1.220204
1.220234
1.220264
1.220294
1.220324
1.220354
1.220384
1.220415
1.220444
1.220475
1.220505
1.220535
1.220565
1.220595
1.220625
1.220655
1.220685
1.220715
1.220745
1.220776
1.220806
1.220836
1.220866
1.220896
1.220926
1.220956
1.220986
1.221016
1.221046
1.221076
1.221106
1.221137
1.221167
1.221197
1.221227
1.221257
1.221287
1.221317
1.221347
1.221377
1.221407
1.221437
1.221468
1.221498
1.221528
1.221558
1.221588
1.221618
1.221648
1.221678
1.221708
1.221739
1.221768
1.221799
1.221829
1.221859
1.221889
1.221919
1.221949
1.221979
1.222009
1.222039
1.222070
1.222100
1.222130
1.222160
1.222190
1.222220
1.222250
1.222280
1.222310
1.222341
1.222371
1.222401
1.222431
1.222461
1.222491
1.222521
1.222551
1.222581
1.222612
1.222642
1.222672
1.222702
1.222732
1.222762
1.222792
1.222822
1.222852
1.222883
1.222913
1.222943
1.222973
1.223003
1.223033
1.223063
1.223093
1.223124
1.223154
1.223184
1.223214
1.223244
1.223274
1.223304
1.223334
1.223365
1.223395
1.223425
1.223455
1.223485
1.223515
1.223545
1.223575
1.223606
1.223636
1.223666
1.223696
1.223726
1.223756
1.223786
1.223817
1.223847
1.223877
1.223907
1.223937
1.223967
1.223997
1.224027
1.224058
1.224088
1.224118
1.224148
1.224178
1.224208
1.224238
1.224269
1.224299
1.224329
1.224359
1.224389
1.224419
1.224449
1.224480
1.224510
1.224540
1.224570
1.224600
1.224630
1.224660
1.224690
1.224721
1.224751
1.224781
1.224811
1.224841
1.224871
1.224902
1.224932
1.224962
1.224992
1.225022
1.225052
1.225082
1.225113
1.225143
1.225173
1.225203
1.225233
1.225263
1.225294
1.225324
1.225354
1.225384
1.225414
1.225444
1.225474
1.225505
1.225535
1.225565
1.225595
1.225625
1.225655
1.225686
1.225716
1.225746
1.225776
1.225806
1.225836
1.225866
1.225897
1.225927
1.225957
1.225987
1.226017
1.226047
1.226078
1.226108
1.226138
1.226168
1.226198
1.226228
1.226259
1.226289
1.226319
1.226349
1.226379
1.226409
1.226440
1.226470
1.226500
1.226530
1.226560
1.226590
1.226621
1.226651
1.226681
1.226711
1.226741
1.226772
1.226802
1.226832
1.226862
1.226892
1.226922
1.226952
1.226983
1.227013
1.227043
1.227073
1.227103
1.227134
1.227164
1.227194
1.227224
1.227254
1.227285
1.227315
1.227345
1.227375
1.227405
1.227435
1.227466
1.227496
1.227526
1.227556
1.227586
1.227617
1.227647
1.227677
1.227707
1.227737
1.227767
1.227798
1.227828
1.227858
1.227888
1.227918
1.227949
1.227979
1.228009
1.228039
1.228069
1.228100
1.228130
1.228160
1.228190
1.228220
1.228250
1.228281
1.228311
1.228341
1.228371
1.228402
1.228432
1.228462
1.228492
1.228522
1.228553
1.228583
1.228613
1.228643
1.228673
1.228704
1.228734
1.228764
1.228794
1.228824
1.228855
1.228885
1.228915
1.228945
1.228975
1.229006
1.229036
1.229066
1.229096
1.229126
1.229157
1.229187
1.229217
1.229247
1.229278
1.229308
1.229338
1.229368
1.229398
1.229429
1.229459
1.229489
1.229519
1.229549
1.229580
1.229610
1.229640
1.229670
1.229701
1.229731
1.229761
1.229791
1.229821
1.229851
1.229882
1.229912
1.229942
1.229972
1.230003
1.230033
1.230063
1.230093
1.230124
1.230154
1.230184
1.230214
1.230244
1.230275
1.230305
1.230335
1.230365
1.230396
1.230426
1.230456
1.230486
1.230517
1.230547
1.230577
1.230607
1.230637
1.230668
1.230698
1.230728
1.230758
1.230789
1.230819
1.230849
1.230879
1.230909
1.230940
1.230970
1.231000
1.231031
1.231061
1.231091
1.231121
1.231152
1.231182
1.231212
1.231242
1.231272
1.231303
1.231333
1.231363
1.231393
1.231424
1.231454
1.231484
1.231514
1.231545
1.231575
1.231605
1.231635
1.231666
1.231696
1.231726
1.231756
1.231787
1.231817
1.231847
1.231877
1.231908
1.231938
1.231968
1.231998
1.232029
1.232059
1.232089
1.232119
1.232150
1.232180
1.232210
1.232240
1.232271
1.232301
1.232331
1.232361
1.232392
1.232422
1.232452
1.232482
1.232513
1.232543
1.232573
1.232603
1.232634
1.232664
1.232694
1.232724
1.232755
1.232785
1.232815
1.232846
1.232876
1.232906
1.232936
1.232967
1.232997
1.233027
1.233057
1.233088
1.233118
1.233148
1.233178
1.233209
1.233239
1.233269
1.233299
1.233330
1.233360
1.233390
1.233421
1.233451
1.233481
1.233511
1.233542
1.233572
1.233602
1.233633
1.233663
1.233693
1.233723
1.233754
1.233784
1.233814
1.233844
1.233875
1.233905
1.233935
1.233965
1.233996
1.234026
1.234056
1.234087
1.234117
1.234147
1.234178
1.234208
1.234238
1.234268
1.234299
1.234329
1.234359
1.234389
1.234420
1.234450
1.234480
1.234511
1.234541
1.234571
1.234602
1.234632
1.234662
1.234692
1.234723
1.234753
1.234783
1.234814
1.234844
1.234874
1.234904
1.234935
1.234965
1.234995
1.235026
1.235056
1.235086
1.235117
1.235147
1.235177
1.235207
1.235238
1.235268
1.235298
1.235329
1.235359
1.235389
1.235419
1.235450
1.235480
1.235510
1.235541
1.235571
1.235601
1.235632
1.235662
1.235692
1.235722
1.235753
1.235783
1.235814
1.235844
1.235874
1.235904
1.235935
1.235965
1.235995
1.236026
1.236056
1.236086
1.236116
1.236147
1.236177
1.236208
1.236238
1.236268
1.236298
1.236329
1.236359
1.236389
1.236420
1.236450
1.236480
1.236511
1.236541
1.236571
1.236602
1.236632
1.236662
1.236693
1.236723
1.236753
1.236783
1.236814
1.236844
1.236874
1.236905
1.236935
1.236965
1.236996
1.237026
1.237056
1.237087
1.237117
1.237147
1.237178
1.237208
1.237238
1.237269
1.237299
1.237329
1.237360
1.237390
1.237420
1.237451
1.237481
1.237511
1.237542
1.237572
1.237602
1.237633
1.237663
1.237693
1.237724
1.237754
1.237784
1.237815
1.237845
1.237875
1.237906
1.237936
1.237966
1.237997
1.238027
1.238057
1.238088
1.238118
1.238148
1.238179
1.238209
1.238239
1.238270
1.238300
1.238330
1.238361
1.238391
1.238421
1.238452
1.238482
1.238512
1.238543
1.238573
1.238604
1.238634
1.238664
1.238695
1.238725
1.238755
1.238786
1.238816
1.238846
1.238877
1.238907
1.238937
1.238968
1.238998
1.239028
1.239059
1.239089
1.239119
1.239150
1.239180
1.239210
1.239241
1.239271
1.239302
1.239332
1.239362
1.239393
1.239423
1.239453
1.239484
1.239514
1.239544
1.239575
1.239605
1.239636
1.239666
1.239696
1.239727
1.239757
1.239787
1.239818
1.239848
1.239878
1.239909
1.239939
1.239969
1.240000
1.240030
1.240061
1.240091
1.240121
1.240152
1.240182
1.240212
1.240243
1.240273
1.240304
1.240334
1.240364
1.240395
1.240425
1.240456
1.240486
1.240516
1.240547
1.240577
1.240607
1.240638
1.240668
1.240699
1.240729
1.240759
1.240790
1.240820
1.240850
1.240881
1.240911
1.240941
1.240972
1.241002
1.241033
1.241063
1.241093
1.241124
1.241154
1.241185
1.241215
1.241245
1.241276
1.241306
1.241336
1.241367
1.241397
1.241428
1.241458
1.241488
1.241519
1.241549
1.241580
1.241610
1.241640
1.241671
1.241701
1.241732
1.241762
1.241792
1.241823
1.241853
1.241884
1.241914
1.241944
1.241975
1.242005
1.242036
1.242066
1.242096
1.242127
1.242157
1.242188
1.242218
1.242248
1.242279
1.242309
1.242340
1.242370
1.242400
1.242431
1.242461
1.242491
1.242522
1.242552
1.242583
1.242613
1.242643
1.242674
1.242704
1.242735
1.242765
1.242796
1.242826
1.242856
1.242887
1.242917
1.242948
1.242978
1.243008
1.243039
1.243069
1.243100
1.243130
1.243160
1.243191
1.243221
1.243252
1.243282
1.243312
1.243343
1.243373
1.243404
1.243434
1.243465
1.243495
1.243525
1.243556
1.243586
1.243617
1.243647
1.243677
1.243708
1.243738
1.243769
1.243799
1.243830
1.243860
1.243890
1.243921
1.243951
1.243982
1.244012
1.244043
1.244073
1.244103
1.244134
1.244164
1.244195
1.244225
1.244256
1.244286
1.244316
1.244347
1.244377
1.244408
1.244438
1.244469
1.244499
1.244529
1.244560
1.244590
1.244621
1.244651
1.244682
1.244712
1.244743
1.244773
1.244803
1.244834
1.244864
1.244895
1.244925
1.244956
1.244986
1.245016
1.245047
1.245077
1.245108
1.245138
1.245169
1.245199
1.245229
1.245260
1.245290
1.245321
1.245351
1.245382
1.245412
1.245443
1.245473
1.245503
1.245534
1.245564
1.245595
1.245625
1.245656
1.245686
1.245717
1.245747
1.245778
1.245808
1.245838
1.245869
1.245899
1.245930
1.245960
1.245991
1.246021
1.246052
1.246082
1.246112
1.246143
1.246173
1.246204
1.246234
1.246265
1.246295
1.246326
1.246356
1.246387
1.246417
1.246448
1.246478
1.246508
1.246539
1.246569
1.246600
1.246630
1.246661
1.246691
1.246722
1.246752
1.246783
1.246813
1.246844
1.246874
1.246904
1.246935
1.246965
1.246996
1.247026
1.247057
1.247087
1.247118
1.247148
1.247179
1.247209
1.247240
1.247270
1.247301
1.247331
1.247362
1.247392
1.247422
1.247453
1.247483
1.247514
1.247544
1.247575
1.247605
1.247636
1.247666
1.247697
1.247727
1.247758
1.247788
1.247819
1.247849
1.247880
1.247910
1.247941
1.247971
1.248002
1.248032
1.248063
1.248093
1.248123
1.248154
1.248184
1.248215
1.248245
1.248276
1.248306
1.248337
1.248367
1.248398
1.248428
1.248459
1.248489
1.248520
1.248550
1.248581
1.248611
1.248642
1.248672
1.248703
1.248733
1.248764
1.248794
1.248825
1.248855
1.248886
1.248916
1.248947
1.248977
1.249008
1.249038
1.249069
1.249099
1.249130
1.249160
1.249191
1.249221
1.249252
1.249282
1.249313
1.249343
1.249374
1.249404
1.249435
1.249465
1.249496
1.249526
1.249557
1.249587
1.249618
1.249648
1.249679
1.249709
1.249740
1.249770
1.249801
1.249831
1.249862
1.249892
1.249923
1.249953
1.249984
1.250014
1.250045
1.250075
1.250106
1.250136
1.250167
1.250197
1.250228
1.250258
1.250289
1.250319
1.250350
1.250380
1.250411
1.250442
1.250472
1.250502
1.250533
1.250564
1.250594
1.250625
1.250655
1.250686
1.250716
1.250747
1.250777
1.250808
1.250838
1.250869
1.250899
1.250930
1.250960
1.250991
1.251021
1.251052
1.251082
1.251113
1.251144
1.251174
1.251205
1.251235
1.251266
1.251296
1.251327
1.251357
1.251388
1.251418
1.251449
1.251479
1.251510
1.251540
1.251571
1.251601
1.251632
1.251663
1.251693
1.251724
1.251754
1.251785
1.251815
1.251846
1.251876
1.251907
1.251937
1.251968
1.251998
1.252029
1.252059
1.252090
1.252120
1.252151
1.252182
1.252212
1.252243
1.252273
1.252304
1.252334
1.252365
1.252395
1.252426
1.252457
1.252487
1.252518
1.252548
1.252579
1.252609
1.252640
1.252670
1.252701
1.252731
1.252762
1.252792
1.252823
1.252854
1.252884
1.252915
1.252945
1.252976
1.253006
1.253037
1.253068
1.253098
1.253129
1.253159
1.253190
1.253220
1.253251
1.253281
1.253312
1.253342
1.253373
1.253404
1.253434
1.253465
1.253495
1.253526
1.253557
1.253587
1.253617
1.253648
1.253679
1.253709
1.253740
1.253770
1.253801
1.253832
1.253862
1.253893
1.253923
1.253954
1.253984
1.254015
1.254045
1.254076
1.254107
1.254137
1.254168
1.254198
1.254229
1.254259
1.254290
1.254321
1.254351
1.254382
1.254412
1.254443
1.254474
1.254504
1.254535
1.254565
1.254596
1.254626
1.254657
1.254687
1.254718
1.254749
1.254779
1.254810
1.254840
1.254871
1.254902
1.254932
1.254963
1.254993
1.255024
1.255055
1.255085
1.255116
1.255146
1.255177
1.255207
1.255238
1.255269
1.255299
1.255330
1.255360
1.255391
1.255422
1.255452
1.255483
1.255513
1.255544
1.255575
1.255605
1.255636
1.255666
1.255697
1.255727
1.255758
1.255789
1.255819
1.255850
1.255880
1.255911
1.255942
1.255972
1.256003
1.256033
1.256064
1.256095
1.256125
1.256156
1.256186
1.256217
1.256248
1.256278
1.256309
1.256339
1.256370
1.256400
1.256431
1.256462
1.256492
1.256523
1.256553
1.256584
1.256615
1.256645
1.256676
1.256707
1.256737
1.256768
1.256799
1.256829
1.256860
1.256890
1.256921
1.256951
1.256982
1.257013
1.257043
1.257074
1.257104
1.257135
1.257166
1.257196
1.257227
1.257258
1.257288
1.257319
1.257349
1.257380
1.257411
1.257441
1.257472
1.257502
1.257533
1.257564
1.257594
1.257625
1.257655
1.257686
1.257717
1.257747
1.257778
1.257809
1.257839
1.257870
1.257900
1.257931
1.257962
1.257992
1.258023
1.258054
1.258084
1.258115
1.258145
1.258176
1.258207
1.258237
1.258268
1.258299
1.258329
1.258360
1.258391
1.258421
1.258452
1.258482
1.258513
1.258544
1.258574
1.258605
1.258636
1.258666
1.258697
1.258727
1.258758
1.258789
1.258819
1.258850
1.258881
1.258911
1.258942
1.258973
1.259003
1.259034
1.259065
1.259095
1.259126
1.259156
1.259187
1.259218
1.259248
1.259279
1.259310
1.259340
1.259371
1.259402
1.259432
1.259463
1.259493
1.259524
1.259555
1.259585
1.259616
1.259647
1.259677
1.259708
1.259739
1.259769
1.259800
1.259831
1.259861
1.259892
1.259922
1.259953
1.259984
1.260015
1.260045
1.260076
1.260107
1.260137
1.260168
1.260198
1.260229
1.260260
1.260290
1.260321
1.260352
1.260382
1.260413
1.260444
1.260474
1.260505
1.260536
1.260566
1.260597
1.260628
1.260658
1.260689
1.260720
1.260750
1.260781
1.260812
1.260842
1.260873
1.260904
1.260934
1.260965
1.260996
1.261026
1.261057
1.261088
1.261118
1.261149
1.261180
1.261210
1.261241
1.261272
1.261302
1.261333
1.261364
1.261394
1.261425
1.261456
1.261486
1.261517
1.261548
1.261578
1.261609
1.261640
1.261670
1.261701
1.261732
1.261762
1.261793
1.261824
1.261854
1.261885
1.261916
1.261946
1.261977
1.262008
1.262039
1.262069
1.262100
1.262131
1.262161
1.262192
1.262223
1.262253
1.262284
1.262315
1.262345
1.262376
1.262407
1.262437
1.262468
1.262499
1.262529
1.262560
1.262591
1.262622
1.262652
1.262683
1.262714
1.262744
1.262775
1.262806
1.262836
1.262867
1.262898
1.262928
1.262959
1.262990
1.263021
1.263051
1.263082
1.263113
1.263143
1.263174
1.263205
1.263235
1.263266
1.263297
1.263328
1.263358
1.263389
1.263420
1.263450
1.263481
1.263512
1.263542
1.263573
1.263604
1.263635
1.263665
1.263696
1.263727
1.263757
1.263788
1.263819
1.263849
1.263880
1.263911
1.263942
1.263972
1.264003
1.264034
1.264064
1.264095
1.264126
1.264157
1.264187
1.264218
1.264249
1.264279
1.264310
1.264341
1.264371
1.264402
1.264433
1.264464
1.264494
1.264525
1.264556
1.264587
1.264617
1.264648
1.264679
1.264709
1.264740
1.264771
1.264802
1.264832
1.264863
1.264894
1.264924
1.264955
1.264986
1.265017
1.265047
1.265078
1.265109
1.265140
1.265170
1.265201
1.265232
1.265263
1.265293
1.265324
1.265355
1.265385
1.265416
1.265447
1.265477
1.265508
1.265539
1.265570
1.265600
1.265631
1.265662
1.265693
1.265723
1.265754
1.265785
1.265816
1.265846
1.265877
1.265908
1.265939
1.265969
1.266000
1.266031
1.266061
1.266092
1.266123
1.266154
1.266184
1.266215
1.266246
1.266277
1.266307
1.266338
1.266369
1.266400
1.266430
1.266461
1.266492
1.266523
1.266553
1.266584
1.266615
1.266645
1.266676
1.266707
1.266738
1.266768
1.266799
1.266830
1.266861
1.266892
1.266922
1.266953
1.266984
1.267015
1.267045
1.267076
1.267107
1.267138
1.267168
1.267199
1.267230
1.267261
1.267291
1.267322
1.267353
1.267384
1.267414
1.267445
1.267476
1.267507
1.267537
1.267568
1.267599
1.267630
1.267660
1.267691
1.267722
1.267753
1.267783
1.267814
1.267845
1.267876
1.267906
1.267937
1.267968
1.267999
1.268029
1.268060
1.268091
1.268122
1.268153
1.268183
1.268214
1.268245
1.268276
1.268306
1.268337
1.268368
1.268399
1.268429
1.268460
1.268491
1.268522
1.268553
1.268583
1.268614
1.268645
1.268676
1.268706
1.268737
1.268768
1.268799
1.268830
1.268860
1.268891
1.268922
1.268953
1.268983
1.269014
1.269045
1.269076
1.269107
1.269137
1.269168
1.269199
1.269230
1.269260
1.269291
1.269322
1.269353
1.269384
1.269414
1.269445
1.269476
1.269507
1.269538
1.269568
1.269599
1.269630
1.269661
1.269692
1.269722
1.269753
1.269784
1.269815
1.269845
1.269876
1.269907
1.269938
1.269969
1.269999
1.270030
1.270061
1.270092
1.270123
1.270153
1.270184
1.270215
1.270246
1.270277
1.270307
1.270338
1.270369
1.270400
1.270430
1.270461
1.270492
1.270523
1.270554
1.270584
1.270615
1.270646
1.270677
1.270708
1.270738
1.270769
1.270800
1.270831
1.270862
1.270893
1.270923
1.270954
1.270985
1.271016
1.271047
1.271078
1.271108
1.271139
1.271170
1.271201
1.271231
1.271262
1.271293
1.271324
1.271355
1.271385
1.271416
1.271447
1.271478
1.271509
1.271540
1.271570
1.271601
1.271632
1.271663
1.271694
1.271724
1.271755
1.271786
1.271817
1.271848
1.271879
1.271909
1.271940
1.271971
1.272002
1.272033
1.272063
1.272094
1.272125
1.272156
1.272187
1.272218
1.272248
1.272279
1.272310
1.272341
1.272372
1.272403
1.272433
1.272464
1.272495
1.272526
1.272557
1.272587
1.272618
1.272649
1.272680
1.272711
1.272742
1.272772
1.272803
1.272834
1.272865
1.272896
1.272927
1.272958
1.272988
1.273019
1.273050
1.273081
1.273112
1.273142
1.273173
1.273204
1.273235
1.273266
1.273297
1.273328
1.273358
1.273389
1.273420
1.273451
1.273482
1.273513
1.273543
1.273574
1.273605
1.273636
1.273667
1.273698
1.273728
1.273759
1.273790
1.273821
1.273852
1.273883
1.273914
1.273944
1.273975
1.274006
1.274037
1.274068
1.274099
1.274129
1.274160
1.274191
1.274222
1.274253
1.274284
1.274315
1.274345
1.274376
1.274407
1.274438
1.274469
1.274500
1.274531
1.274561
1.274592
1.274623
1.274654
1.274685
1.274716
1.274747
1.274777
1.274808
1.274839
1.274870
1.274901
1.274932
1.274963
1.274994
1.275024
1.275055
1.275086
1.275117
1.275148
1.275179
1.275209
1.275240
1.275271
1.275302
1.275333
1.275364
1.275395
1.275425
1.275456
1.275487
1.275518
1.275549
1.275580
1.275611
1.275642
1.275673
1.275703
1.275734
1.275765
1.275796
1.275827
1.275858
1.275889
1.275919
1.275950
1.275981
1.276012
1.276043
1.276074
1.276105
1.276136
1.276167
1.276197
1.276228
1.276259
1.276290
1.276321
1.276352
1.276383
1.276414
1.276444
1.276475
1.276506
1.276537
1.276568
1.276599
1.276630
1.276661
1.276691
1.276722
1.276753
1.276784
1.276815
1.276846
1.276877
1.276908
1.276939
1.276969
1.277000
1.277031
1.277062
1.277093
1.277124
1.277155
1.277186
1.277217
1.277248
1.277278
1.277309
1.277340
1.277371
1.277402
1.277433
1.277464
1.277495
1.277526
1.277557
1.277587
1.277618
1.277649
1.277680
1.277711
1.277742
1.277773
1.277804
1.277835
1.277865
1.277896
1.277927
1.277958
1.277989
1.278020
1.278051
1.278082
1.278113
1.278144
1.278174
1.278205
1.278236
1.278267
1.278298
1.278329
1.278360
1.278391
1.278422
1.278453
1.278484
1.278515
1.278545
1.278576
1.278607
1.278638
1.278669
1.278700
1.278731
1.278762
1.278793
1.278824
1.278854
1.278885
1.278916
1.278947
1.278978
1.279009
1.279040
1.279071
1.279102
1.279133
1.279164
1.279195
1.279225
1.279256
1.279287
1.279318
1.279349
1.279380
1.279411
1.279442
1.279473
1.279504
1.279535
1.279566
1.279597
1.279628
1.279658
1.279689
1.279720
1.279751
1.279782
1.279813
1.279844
1.279875
1.279906
1.279937
1.279968
1.279999
1.280030
1.280061
1.280091
1.280122
1.280153
1.280184
1.280215
1.280246
1.280277
1.280308
1.280339
1.280370
1.280401
1.280432
1.280463
1.280494
1.280525
1.280556
1.280586
1.280617
1.280648
1.280679
1.280710
1.280741
1.280772
1.280803
1.280834
1.280865
1.280896
1.280927
1.280958
1.280989
1.281020
1.281051
1.281082
1.281113
1.281143
1.281174
1.281205
1.281236
1.281267
1.281298
1.281329
1.281360
1.281391
1.281422
1.281453
1.281484
1.281515
1.281546
1.281577
1.281608
1.281639
1.281670
1.281701
1.281731
1.281763
1.281794
1.281824
1.281855
1.281886
1.281917
1.281948
1.281979
1.282010
1.282041
1.282072
1.282103
1.282134
1.282165
1.282196
1.282227
1.282258
1.282289
1.282320
1.282351
1.282382
1.282413
1.282444
1.282475
1.282505
1.282536
1.282567
1.282598
1.282629
1.282660
1.282691
1.282722
1.282753
1.282784
1.282815
1.282846
1.282877
1.282908
1.282939
1.282970
1.283001
1.283032
1.283063
1.283094
1.283125
1.283156
1.283187
1.283218
1.283249
1.283280
1.283311
1.283342
1.283373
1.283404
1.283435
1.283466
1.283497
1.283528
1.283559
1.283589
1.283621
1.283652
1.283683
1.283713
1.283744
1.283776
1.283807
1.283837
1.283868
1.283899
1.283930
1.283961
1.283992
1.284023
1.284054
1.284085
1.284116
1.284147
1.284178
1.284209
1.284240
1.284271
1.284302
1.284333
1.284364
1.284395
1.284426
1.284457
1.284488
1.284519
1.284550
1.284581
1.284612
1.284643
1.284674
1.284705
1.284736
1.284767
1.284798
1.284829
1.284860
1.284891
1.284922
1.284953
1.284984
1.285015
1.285046
1.285077
1.285108
1.285139
1.285170
1.285201
1.285232
1.285263
1.285294
1.285325
1.285356
1.285387
1.285418
1.285449
1.285480
1.285511
1.285542
1.285573
1.285604
1.285635
1.285666
1.285697
1.285728
1.285759
1.285790
1.285821
1.285852
1.285883
1.285914
1.285945
1.285976
1.286007
1.286038
1.286069
1.286100
1.286132
1.286162
1.286193
1.286224
1.286256
1.286286
1.286317
1.286349
1.286380
1.286411
1.286442
1.286473
1.286504
1.286535
1.286566
1.286597
1.286628
1.286659
1.286690
1.286721
1.286752
1.286783
1.286814
1.286845
1.286876
1.286907
1.286938
1.286969
1.287000
1.287031
1.287062
1.287093
1.287124
1.287155
1.287186
1.287217
1.287248
1.287279
1.287310
1.287341
1.287373
1.287403
1.287434
1.287466
1.287497
1.287528
1.287559
1.287590
1.287621
1.287652
1.287683
1.287714
1.287745
1.287776
1.287807
1.287838
1.287869
1.287900
1.287931
1.287962
1.287993
1.288024
1.288055
1.288086
1.288117
1.288148
1.288179
1.288210
1.288241
1.288273
1.288304
1.288335
1.288366
1.288397
1.288428
1.288459
1.288490
1.288521
1.288552
1.288583
1.288614
1.288645
1.288676
1.288707
1.288738
1.288769
1.288800
1.288831
1.288863
1.288893
1.288925
1.288956
1.288987
1.289018
1.289049
1.289080
1.289111
1.289142
1.289173
1.289204
1.289235
1.289266
1.289297
1.289328
1.289359
1.289391
1.289421
1.289452
1.289484
1.289515
1.289546
1.289577
1.289608
1.289639
1.289670
1.289701
1.289732
1.289763
1.289794
1.289825
1.289856
1.289887
1.289919
1.289950
1.289981
1.290012
1.290043
1.290074
1.290105
1.290136
1.290167
1.290198
1.290229
1.290260
1.290291
1.290322
1.290354
1.290384
1.290416
1.290447
1.290478
1.290509
1.290540
1.290571
1.290602
1.290633
1.290664
1.290695
1.290726
1.290758
1.290788
1.290820
1.290851
1.290882
1.290913
1.290944
1.290975
1.291006
1.291037
1.291068
1.291099
1.291130
1.291162
1.291193
1.291224
1.291255
1.291286
1.291317
1.291348
1.291379
1.291410
1.291441
1.291472
1.291503
1.291535
1.291566
1.291597
1.291628
1.291659
1.291690
1.291721
1.291752
1.291783
1.291814
1.291846
1.291876
1.291908
1.291939
1.291970
1.292001
1.292032
1.292063
1.292094
1.292125
1.292156
1.292187
1.292219
1.292250
1.292281
1.292312
1.292343
1.292374
1.292405
1.292436
1.292467
1.292499
1.292530
1.292561
1.292592
1.292623
1.292654
1.292685
1.292716
1.292747
1.292779
1.292810
1.292841
1.292872
1.292903
1.292934
1.292965
1.292996
1.293027
1.293058
1.293090
1.293121
1.293152
1.293183
1.293214
1.293245
1.293276
1.293307
1.293338
1.293370
1.293401
1.293432
1.293463
1.293494
1.293525
1.293556
1.293587
1.293619
1.293650
1.293681
1.293712
1.293743
1.293774
1.293805
1.293836
1.293867
1.293899
1.293930
1.293961
1.293992
1.294023
1.294054
1.294085
1.294116
1.294148
1.294179
1.294210
1.294241
1.294272
1.294303
1.294334
1.294365
1.294397
1.294428
1.294459
1.294490
1.294521
1.294552
1.294583
1.294614
1.294646
1.294677
1.294708
1.294739
1.294770
1.294801
1.294832
1.294864
1.294895
1.294926
1.294957
1.294988
1.295019
1.295050
1.295081
1.295113
1.295144
1.295175
1.295206
1.295237
1.295268
1.295299
1.295331
1.295362
1.295393
1.295424
1.295455
1.295486
1.295517
1.295549
1.295580
1.295611
1.295642
1.295673
1.295704
1.295735
1.295767
1.295798
1.295829
1.295860
1.295891
1.295922
1.295954
1.295985
1.296016
1.296047
1.296078
1.296109
1.296140
1.296172
1.296203
1.296234
1.296265
1.296296
1.296327
1.296359
1.296390
1.296421
1.296452
1.296483
1.296514
1.296545
1.296577
1.296608
1.296639
1.296670
1.296701
1.296732
1.296764
1.296795
1.296826
1.296857
1.296888
1.296919
1.296950
1.296982
1.297013
1.297044
1.297075
1.297106
1.297137
1.297169
1.297200
1.297231
1.297262
1.297293
1.297325
1.297356
1.297387
1.297418
1.297449
1.297480
1.297511
1.297543
1.297574
1.297605
1.297636
1.297667
1.297699
1.297730
1.297761
1.297792
1.297823
1.297854
1.297885
1.297917
1.297948
1.297979
1.298010
1.298041
1.298073
1.298104
1.298135
1.298166
1.298197
1.298228
1.298260
1.298291
1.298322
1.298353
1.298384
1.298416
1.298447
1.298478
1.298509
1.298540
1.298571
1.298603
1.298634
1.298665
1.298696
1.298727
1.298759
1.298790
1.298821
1.298852
1.298883
1.298915
1.298946
1.298977
1.299008
1.299039
1.299071
1.299102
1.299133
1.299164
1.299195
1.299226
1.299258
1.299289
1.299320
1.299351
1.299383
1.299414
1.299445
1.299476
1.299507
1.299538
1.299570
1.299601
1.299632
1.299663
1.299694
1.299726
1.299757
1.299788
1.299819
1.299850
1.299882
1.299913
1.299944
1.299975
1.300006
1.300038
1.300069
1.300100
1.300131
1.300162
1.300194
1.300225
1.300256
1.300287
1.300319
1.300350
1.300381
1.300412
1.300443
1.300475
1.300506
1.300537
1.300568
1.300599
1.300630
1.300662
1.300693
1.300724
1.300755
1.300787
1.300818
1.300849
1.300880
1.300911
1.300943
1.300974
1.301005
1.301036
1.301068
1.301099
1.301130
1.301161
1.301192
1.301224
1.301255
1.301286
1.301317
1.301349
1.301380
1.301411
1.301442
1.301473
1.301505
1.301536
1.301567
1.301598
1.301630
1.301661
1.301692
1.301723
1.301754
1.301786
1.301817
1.301848
1.301879
1.301911
1.301942
1.301973
1.302004
1.302036
1.302067
1.302098
1.302129
1.302160
1.302192
1.302223
1.302254
1.302285
1.302317
1.302348
1.302379
1.302410
1.302441
1.302473
1.302504
1.302535
1.302566
1.302598
1.302629
1.302660
1.302691
1.302723
1.302754
1.302785
1.302816
1.302848
1.302879
1.302910
1.302941
1.302973
1.303004
1.303035
1.303066
1.303098
1.303129
1.303160
1.303191
1.303223
1.303254
1.303285
1.303316
1.303348
1.303379
1.303410
1.303441
1.303473
1.303504
1.303535
1.303566
1.303598
1.303629
1.303660
1.303691
1.303723
1.303754
1.303785
1.303816
1.303848
1.303879
1.303910
1.303941
1.303973
1.304004
1.304035
1.304066
1.304098
1.304129
1.304160
1.304191
1.304223
1.304254
1.304285
1.304317
1.304348
1.304379
1.304410
1.304442
1.304473
1.304504
1.304535
1.304567
1.304598
1.304629
1.304660
1.304692
1.304723
1.304754
1.304785
1.304817
1.304848
1.304879
1.304911
1.304942
1.304973
1.305005
1.305036
1.305067
1.305098
1.305130
1.305161
1.305192
1.305223
1.305255
1.305286
1.305317
1.305348
1.305380
1.305411
1.305442
1.305473
1.305505
1.305536
1.305567
1.305599
1.305630
1.305661
1.305693
1.305724
1.305755
1.305786
1.305818
1.305849
1.305880
1.305911
1.305943
1.305974
1.306005
1.306037
1.306068
1.306099
1.306130
1.306162
1.306193
1.306224
1.306256
1.306287
1.306318
1.306349
1.306381
1.306412
1.306443
1.306475
1.306506
1.306537
1.306568
1.306600
1.306631
1.306662
1.306694
1.306725
1.306756
1.306788
1.306819
1.306850
1.306881
1.306913
1.306944
1.306975
1.307007
1.307038
1.307069
1.307100
1.307132
1.307163
1.307194
1.307226
1.307257
1.307288
1.307320
1.307351
1.307382
1.307414
1.307445
1.307476
1.307507
1.307539
1.307570
1.307601
1.307633
1.307664
1.307695
1.307727
1.307758
1.307789
1.307820
1.307852
1.307883
1.307914
1.307946
1.307977
1.308008
1.308040
1.308071
1.308102
1.308134
1.308165
1.308196
1.308228
1.308259
1.308290
1.308321
1.308353
1.308384
1.308415
1.308447
1.308478
1.308509
1.308541
1.308572
1.308603
1.308635
1.308666
1.308697
1.308728
1.308760
1.308791
1.308823
1.308854
1.308885
1.308916
1.308948
1.308979
1.309010
1.309042
1.309073
1.309104
1.309136
1.309167
1.309198
1.309230
1.309261
1.309292
1.309324
1.309355
1.309386
1.309418
1.309449
1.309480
1.309512
1.309543
1.309574
1.309606
1.309637
1.309669
1.309700
1.309731
1.309762
1.309794
1.309825
1.309856
1.309888
1.309919
1.309950
1.309982
1.310013
1.310044
1.310076
1.310107
1.310138
1.310170
1.310201
1.310232
1.310264
1.310295
1.310327
1.310358
1.310389
1.310421
1.310452
1.310483
1.310514
1.310546
1.310577
1.310609
1.310640
1.310671
1.310703
1.310734
1.310765
1.310797
1.310828
1.310859
1.310891
1.310922
1.310953
1.310985
1.311016
1.311048
1.311079
1.311110
1.311142
1.311173
1.311204
1.311236
1.311267
1.311298
1.311330
1.311361
1.311392
1.311424
1.311455
1.311486
1.311518
1.311549
1.311581
1.311612
1.311643
1.311675
1.311706
1.311737
1.311769
1.311800
1.311831
1.311863
1.311894
1.311925
1.311957
1.311988
1.312020
1.312051
1.312082
1.312114
1.312145
1.312176
1.312208
1.312239
1.312271
1.312302
1.312333
1.312365
1.312396
1.312427
1.312459
1.312490
1.312521
1.312553
1.312584
1.312616
1.312647
1.312678
1.312710
1.312741
1.312772
1.312804
1.312835
1.312866
1.312898
1.312929
1.312961
1.312992
1.313023
1.313055
1.313086
1.313118
1.313149
1.313180
1.313212
1.313243
1.313274
1.313306
1.313337
1.313369
1.313400
1.313431
1.313463
1.313494
1.313526
1.313557
1.313588
1.313620
1.313651
1.313682
1.313714
1.313745
1.313777
1.313808
1.313839
1.313871
1.313902
1.313934
1.313965
1.313996
1.314028
1.314059
1.314090
1.314122
1.314153
1.314185
1.314216
1.314247
1.314279
1.314310
1.314342
1.314373
1.314404
1.314436
1.314467
1.314499
1.314530
1.314561
1.314593
1.314624
1.314656
1.314687
1.314718
1.314750
1.314781
1.314813
1.314844
1.314875
1.314907
1.314938
1.314970
1.315001
1.315033
1.315064
1.315095
1.315127
1.315158
1.315189
1.315221
1.315252
1.315284
1.315315
1.315346
1.315378
1.315409
1.315441
1.315472
1.315504
1.315535
1.315566
1.315598
1.315629
1.315661
1.315692
1.315724
1.315755
1.315786
1.315818
1.315849
1.315880
1.315912
1.315943
1.315975
1.316006
1.316038
1.316069
1.316100
1.316132
1.316163
1.316195
1.316226
1.316258
1.316289
1.316320
1.316352
1.316383
1.316415
1.316446
1.316477
1.316509
1.316540
1.316572
1.316603
1.316635
1.316666
1.316698
1.316729
1.316760
1.316792
1.316823
1.316855
1.316886
1.316917
1.316949
1.316980
1.317012
1.317043
1.317075
1.317106
1.317137
1.317169
1.317200
1.317232
1.317263
1.317295
1.317326
1.317358
1.317389
1.317420
1.317452
1.317483
1.317515
1.317546
1.317578
1.317609
1.317640
1.317672
1.317703
1.317735
1.317766
1.317798
1.317829
1.317861
1.317892
1.317923
1.317955
1.317986
1.318018
1.318049
1.318081
1.318112
1.318143
1.318175
1.318206
1.318238
1.318269
1.318301
1.318332
1.318364
1.318395
1.318427
1.318458
1.318490
1.318521
1.318552
1.318584
1.318615
1.318647
1.318678
1.318710
1.318741
1.318773
1.318804
1.318835
1.318867
1.318898
1.318930
1.318961
1.318993
1.319024
1.319055
1.319087
1.319119
1.319150
1.319181
1.319213
1.319244
1.319276
1.319307
1.319339
1.319370
1.319402
1.319433
1.319465
1.319496
1.319528
1.319559
1.319590
1.319622
1.319653
1.319685
1.319716
1.319748
1.319779
1.319811
1.319842
1.319874
1.319905
1.319937
1.319968
1.320000
1.320031
1.320062
1.320094
1.320125
1.320157
1.320188
1.320220
1.320251
1.320283
1.320314
1.320346
1.320377
1.320409
1.320440
1.320472
1.320503
1.320535
1.320566
1.320597
1.320629
1.320660
1.320692
1.320723
1.320755
1.320786
1.320818
1.320849
1.320881
1.320912
1.320944
1.320975
1.321007
1.321038
1.321070
1.321101
1.321133
1.321164
1.321196
1.321227
1.321259
1.321290
1.321322
1.321353
1.321385
1.321416
1.321447
1.321479
1.321511
1.321542
1.321573
1.321605
1.321637
1.321668
1.321699
1.321731
1.321762
1.321794
1.321825
1.321857
1.321888
1.321920
1.321951
1.321983
1.322014
1.322046
1.322077
1.322109
1.322140
1.322172
1.322203
1.322235
1.322266
1.322298
1.322329
1.322361
1.322392
1.322424
1.322455
1.322487
1.322518
1.322550
1.322581
1.322613
1.322645
1.322676
1.322707
1.322739
1.322770
1.322802
1.322833
1.322865
1.322897
1.322928
1.322959
1.322991
1.323023
1.323054
1.323085
1.323117
1.323149
1.323180
1.323212
1.323243
1.323275
1.323306
1.323337
1.323369
1.323401
1.323432
1.323464
1.323495
1.323527
1.323558
1.323590
1.323621
1.323653
1.323684
1.323716
1.323747
1.323779
1.323810
1.323842
1.323873
1.323905
1.323936
1.323968
1.324000
1.324031
1.324062
1.324094
1.324126
1.324157
1.324189
1.324220
1.324252
1.324283
1.324315
1.324346
1.324378
1.324409
1.324441
1.324472
1.324504
1.324535
1.324567
1.324598
1.324630
1.324662
1.324693
1.324724
1.324756
1.324788
1.324819
1.324851
1.324882
1.324914
1.324945
1.324977
1.325008
1.325040
1.325071
1.325103
1.325135
1.325166
1.325198
1.325229
1.325261
1.325292
1.325324
1.325355
1.325387
1.325418
1.325450
1.325481
1.325513
1.325545
1.325576
1.325608
1.325639
1.325671
1.325702
1.325734
1.325765
1.325797
1.325828
1.325860
1.325892
1.325923
1.325955
1.325986
1.326018
1.326049
1.326081
1.326112
1.326144
1.326175
1.326207
1.326239
1.326270
1.326302
1.326333
1.326365
1.326396
1.326428
1.326459
1.326491
1.326522
1.326554
1.326586
1.326617
1.326649
1.326680
1.326712
1.326743
1.326775
1.326806
1.326838
1.326870
1.326901
1.326933
1.326964
1.326996
1.327028
1.327059
1.327091
1.327122
1.327154
1.327185
1.327217
1.327248
1.327280
1.327312
1.327343
1.327375
1.327406
1.327438
1.327469
1.327501
1.327532
1.327564
1.327596
1.327627
1.327659
1.327690
1.327722
1.327754
1.327785
1.327817
1.327848
1.327880
1.327911
1.327943
1.327975
1.328006
1.328038
1.328069
1.328101
1.328132
1.328164
1.328195
1.328227
1.328259
1.328290
1.328322
1.328353
1.328385
1.328417
1.328448
1.328480
1.328511
1.328543
1.328575
1.328606
1.328638
1.328669
1.328701
1.328733
1.328764
1.328796
1.328827
1.328859
1.328890
1.328922
1.328954
1.328985
1.329017
1.329048
1.329080
1.329111
1.329143
1.329175
1.329206
1.329238
1.329269
1.329301
1.329333
1.329364
1.329396
1.329427
1.329459
1.329491
1.329522
1.329554
1.329585
1.329617
1.329649
1.329680
1.329712
1.329743
1.329775
1.329807
1.329838
1.329870
1.329901
1.329933
1.329965
1.329996
1.330028
1.330059
1.330091
1.330123
1.330154
1.330186
1.330217
1.330249
1.330281
1.330312
1.330344
1.330375
1.330407
1.330438
1.330470
1.330502
1.330533
1.330565
1.330597
1.330628
1.330660
1.330691
1.330723
1.330755
1.330786
1.330818
1.330849
1.330881
1.330913
1.330944
1.330976
1.331007
1.331039
1.331071
1.331102
1.331134
1.331166
1.331197
1.331229
1.331260
1.331292
1.331324
1.331355
1.331387
1.331418
1.331450
1.331482
1.331513
1.331545
1.331577
1.331608
1.331640
1.331671
1.331703
1.331735
1.331766
1.331798
1.331830
1.331861
1.331893
1.331925
1.331956
1.331988
1.332019
1.332051
1.332083
1.332114
1.332146
1.332178
1.332209
1.332241
1.332272
1.332304
1.332336
1.332367
1.332399
1.332431
1.332462
1.332494
1.332525
1.332557
1.332589
1.332620
1.332652
1.332684
1.332715
1.332747
1.332778
1.332810
1.332842
1.332873
1.332905
1.332937
1.332968
1.333000
1.333032
1.333063
1.333095
1.333127
1.333158
1.333190
1.333221
1.333253
1.333285
1.333316
1.333348
1.333380
1.333411
1.333443
1.333475
1.333506
1.333538
1.333570
1.333601
1.333633
1.333664
1.333696
1.333728
1.333759
1.333791
1.333823
1.333854
1.333886
1.333918
1.333949
1.333981
1.334013
1.334044
1.334076
1.334108
1.334139
1.334171
1.334203
1.334234
1.334266
1.334297
1.334329
1.334361
1.334393
1.334424
1.334456
1.334487
1.334519
1.334551
1.334582
1.334614
1.334646
1.334677
1.334709
1.334741
1.334772
1.334804
1.334836
1.334867
1.334899
1.334931
1.334962
1.334994
1.335026
1.335057
1.335089
1.335121
1.335152
1.335184
1.335216
1.335247
1.335279
1.335311
1.335342
1.335374
1.335406
1.335437
1.335469
1.335501
1.335532
1.335564
1.335596
1.335627
1.335659
1.335691
1.335722
1.335754
1.335786
1.335817
1.335849
1.335881
1.335913
1.335944
1.335976
1.336008
1.336039
1.336071
1.336102
1.336134
1.336166
1.336198
1.336229
1.336261
1.336293
1.336324
1.336356
1.336388
1.336419
1.336451
1.336483
1.336514
1.336546
1.336578
1.336610
1.336641
1.336673
1.336705
1.336736
1.336768
1.336800
1.336831
1.336863
1.336895
1.336926
1.336958
1.336990
1.337021
1.337053
1.337085
1.337116
1.337148
1.337180
1.337211
1.337243
1.337275
1.337307
1.337338
1.337370
1.337402
1.337433
1.337465
1.337497
1.337529
1.337560
1.337592
1.337624
1.337655
1.337687
1.337719
1.337751
1.337782
1.337814
1.337846
1.337877
1.337909
1.337941
1.337972
1.338004
1.338036
1.338067
1.338099
1.338131
1.338163
1.338194
1.338226
1.338258
1.338289
1.338321
1.338353
1.338385
1.338416
1.338448
1.338480
1.338511
1.338543
1.338575
1.338606
1.338638
1.338670
1.338702
1.338733
1.338765
1.338797
1.338829
1.338860
1.338892
1.338924
1.338955
1.338987
1.339019
1.339050
1.339082
1.339114
1.339146
1.339177
1.339209
1.339241
1.339273
1.339304
1.339336
1.339368
1.339399
1.339431
1.339463
1.339495
1.339526
1.339558
1.339590
1.339621
1.339653
1.339685
1.339717
1.339748
1.339780
1.339812
1.339844
1.339875
1.339907
1.339939
1.339971
1.340002
1.340034
1.340066
1.340097
1.340129
1.340161
1.340193
1.340224
1.340256
1.340288
1.340319
1.340351
1.340383
1.340415
1.340446
1.340478
1.340510
1.340542
1.340573
1.340605
1.340637
1.340669
1.340700
1.340732
1.340764
1.340796
1.340827
1.340859
1.340891
1.340923
1.340954
1.340986
1.341018
1.341050
1.341081
1.341113
1.341145
1.341176
1.341208
1.341240
1.341272
1.341303
1.341335
1.341367
1.341399
1.341430
1.341462
1.341494
1.341526
1.341557
1.341589
1.341621
1.341653
1.341684
1.341716
1.341748
1.341780
1.341811
1.341843
1.341875
1.341907
1.341939
1.341970
1.342002
1.342034
1.342066
1.342097
1.342129
1.342161
1.342193
1.342224
1.342256
1.342288
1.342320
1.342351
1.342383
1.342415
1.342447
1.342478
1.342510
1.342542
1.342574
1.342605
1.342637
1.342669
1.342701
1.342732
1.342764
1.342796
1.342828
1.342859
1.342891
1.342923
1.342955
1.342986
1.343018
1.343050
1.343082
1.343114
1.343145
1.343177
1.343209
1.343241
1.343272
1.343304
1.343336
1.343368
1.343400
1.343431
1.343463
1.343495
1.343527
1.343558
1.343590
1.343622
1.343654
1.343686
1.343717
1.343749
1.343781
1.343813
1.343844
1.343876
1.343908
1.343940
1.343972
1.344003
1.344035
1.344067
1.344099
1.344130
1.344162
1.344194
1.344226
1.344258
1.344289
1.344321
1.344353
1.344385
1.344416
1.344448
1.344480
1.344512
1.344544
1.344575
1.344607
1.344639
1.344671
1.344703
1.344734
1.344766
1.344798
1.344830
1.344862
1.344893
1.344925
1.344957
1.344989
1.345020
1.345052
1.345084
1.345116
1.345148
1.345179
1.345211
1.345243
1.345275
1.345307
1.345338
1.345370
1.345402
1.345434
1.345466
1.345497
1.345529
1.345561
1.345593
1.345625
1.345656
1.345688
1.345720
1.345752
1.345784
1.345815
1.345847
1.345879
1.345911
1.345943
1.345975
1.346006
1.346038
1.346070
1.346102
1.346133
1.346165
1.346197
1.346229
1.346261
1.346292
1.346324
1.346356
1.346388
1.346420
1.346452
1.346483
1.346515
1.346547
1.346579
1.346611
1.346642
1.346674
1.346706
1.346738
1.346770
1.346802
1.346833
1.346865
1.346897
1.346929
1.346961
1.346992
1.347024
1.347056
1.347088
1.347120
1.347151
1.347183
1.347215
1.347247
1.347279
1.347311
1.347343
1.347374
1.347406
1.347438
1.347470
1.347502
1.347533
1.347565
1.347597
1.347629
1.347661
1.347692
1.347724
1.347756
1.347788
1.347820
1.347852
1.347883
1.347915
1.347947
1.347979
1.348011
1.348043
1.348075
1.348106
1.348138
1.348170
1.348202
1.348234
1.348265
1.348297
1.348329
1.348361
1.348393
1.348425
1.348457
1.348488
1.348520
1.348552
1.348584
1.348616
1.348647
1.348679
1.348711
1.348743
1.348775
1.348807
1.348839
1.348870
1.348902
1.348934
1.348966
1.348998
1.349030
1.349061
1.349093
1.349125
1.349157
1.349189
1.349221
1.349253
1.349284
1.349316
1.349348
1.349380
1.349412
1.349444
1.349476
1.349507
1.349539
1.349571
1.349603
1.349635
1.349667
1.349698
1.349730
1.349762
1.349794
1.349826
1.349858
1.349890
1.349921
1.349953
1.349985
1.350017
1.350049
1.350081
1.350113
1.350144
1.350176
1.350208
1.350240
1.350272
1.350304
1.350335
1.350367
1.350399
1.350431
1.350463
1.350495
1.350527
1.350559
1.350591
1.350622
1.350654
1.350686
1.350718
1.350750
1.350782
1.350814
1.350845
1.350877
1.350909
1.350941
1.350973
1.351005
1.351037
1.351068
1.351100
1.351132
1.351164
1.351196
1.351228
1.351260
1.351292
1.351323
1.351355
1.351387
1.351419
1.351451
1.351483
1.351515
1.351547
1.351578
1.351610
1.351642
1.351674
1.351706
1.351738
1.351770
1.351802
1.351834
1.351865
1.351897
1.351929
1.351961
1.351993
1.352025
1.352057
1.352089
1.352121
1.352152
1.352184
1.352216
1.352248
1.352280
1.352312
1.352344
1.352376
1.352407
1.352439
1.352471
1.352503
1.352535
1.352567
1.352599
1.352631
1.352663
1.352694
1.352726
1.352758
1.352790
1.352822
1.352854
1.352886
1.352918
1.352950
1.352981
1.353013
1.353045
1.353077
1.353109
1.353141
1.353173
1.353205
1.353237
1.353268
1.353300
1.353332
1.353364
1.353396
1.353428
1.353460
1.353492
1.353524
1.353556
1.353587
1.353619
1.353651
1.353683
1.353715
1.353747
1.353779
1.353811
1.353843
1.353875
1.353907
1.353938
1.353970
1.354002
1.354034
1.354066
1.354098
1.354130
1.354162
1.354194
1.354226
1.354257
1.354289
1.354321
1.354353
1.354385
1.354417
1.354449
1.354481
1.354513
1.354545
1.354577
1.354609
1.354641
1.354672
1.354704
1.354736
1.354768
1.354800
1.354832
1.354864
1.354896
1.354928
1.354960
1.354991
1.355024
1.355055
1.355087
1.355119
1.355151
1.355183
1.355215
1.355247
1.355279
1.355311
1.355343
1.355375
1.355406
1.355438
1.355470
1.355502
1.355534
1.355566
1.355598
1.355630
1.355662
1.355694
1.355726
1.355758
1.355790
1.355822
1.355853
1.355885
1.355917
1.355949
1.355981
1.356013
1.356045
1.356077
1.356109
1.356141
1.356173
1.356205
1.356237
1.356269
1.356301
1.356333
1.356364
1.356396
1.356428
1.356460
1.356492
1.356524
1.356556
1.356588
1.356620
1.356652
1.356684
1.356716
1.356748
1.356780
1.356812
1.356844
1.356876
1.356907
1.356939
1.356971
1.357003
1.357035
1.357067
1.357099
1.357131
1.357163
1.357195
1.357227
1.357259
1.357291
1.357323
1.357355
1.357387
1.357419
1.357451
1.357482
1.357514
1.357546
1.357578
1.357610
1.357642
1.357674
1.357706
1.357738
1.357770
1.357802
1.357834
1.357866
1.357898
1.357930
1.357962
1.357994
1.358026
1.358058
1.358090
1.358122
1.358154
1.358185
1.358217
1.358249
1.358281
1.358313
1.358345
1.358377
1.358409
1.358441
1.358473
1.358505
1.358537
1.358569
1.358601
1.358633
1.358665
1.358697
1.358729
1.358761
1.358793
1.358825
1.358857
1.358889
1.358921
1.358953
1.358985
1.359016
1.359049
1.359081
1.359113
1.359144
1.359176
1.359208
1.359240
1.359272
1.359304
1.359336
1.359368
1.359400
1.359432
1.359464
1.359496
1.359528
1.359560
1.359592
1.359624
1.359656
1.359688
1.359720
1.359752
1.359784
1.359816
1.359848
1.359880
1.359912
1.359944
1.359976
1.360008
1.360040
1.360072
1.360104
1.360136
1.360168
1.360200
1.360232
1.360264
1.360296
1.360328
1.360360
1.360392
1.360424
1.360456
1.360488
1.360520
1.360552
1.360584
1.360616
1.360648
1.360680
1.360712
1.360744
1.360776
1.360808
1.360839
1.360871
1.360903
1.360936
1.360967
1.360999
1.361031
1.361063
1.361096
1.361127
1.361159
1.361191
1.361224
1.361255
1.361287
1.361319
1.361351
1.361384
1.361415
1.361447
1.361480
1.361512
1.361543
1.361575
1.361607
1.361640
1.361671
1.361703
1.361735
1.361767
1.361800
1.361831
1.361863
1.361896
1.361928
1.361959
1.361991
1.362024
1.362056
1.362088
1.362119
1.362152
1.362184
1.362216
1.362247
1.362280
1.362312
1.362344
1.362376
1.362408
1.362440
1.362472
1.362504
1.362536
1.362568
1.362600
1.362632
1.362664
1.362696
1.362728
1.362760
1.362792
1.362824
1.362856
1.362888
1.362920
1.362952
1.362984
1.363016
1.363048
1.363080
1.363112
1.363144
1.363176
1.363208
1.363240
1.363272
1.363304
1.363336
1.363368
1.363400
1.363432
1.363464
1.363496
1.363528
1.363560
1.363592
1.363624
1.363656
1.363688
1.363720
1.363753
1.363784
1.363816
1.363849
1.363881
1.363913
1.363945
1.363977
1.364009
1.364041
1.364073
1.364105
1.364137
1.364169
1.364201
1.364233
1.364265
1.364297
1.364329
1.364361
1.364393
1.364425
1.364457
1.364489
1.364521
1.364553
1.364585
1.364618
1.364649
1.364681
1.364714
1.364746
1.364778
1.364810
1.364842
1.364874
1.364906
1.364938
1.364970
1.365002
1.365034
1.365066
1.365098
1.365130
1.365162
1.365194
1.365226
1.365258
1.365290
1.365322
1.365354
1.365386
1.365419
1.365451
1.365483
1.365515
1.365547
1.365579
1.365611
1.365643
1.365675
1.365707
1.365739
1.365771
1.365803
1.365835
1.365867
1.365899
1.365931
1.365963
1.365996
1.366027
1.366060
1.366092
1.366124
1.366156
1.366188
1.366220
1.366252
1.366284
1.366316
1.366348
1.366380
1.366412
1.366444
1.366476
1.366508
1.366541
1.366573
1.366605
1.366637
1.366669
1.366701
1.366733
1.366765
1.366797
1.366829
1.366861
1.366893
1.366925
1.366957
1.366990
1.367021
1.367053
1.367086
1.367118
1.367150
1.367182
1.367214
1.367246
1.367278
1.367310
1.367342
1.367374
1.367406
1.367438
1.367470
1.367503
1.367535
1.367567
1.367599
1.367631
1.367663
1.367695
1.367727
1.367759
1.367791
1.367823
1.367856
1.367887
1.367920
1.367952
1.367984
1.368016
1.368048
1.368080
1.368112
1.368144
1.368176
1.368208
1.368240
1.368273
1.368305
1.368337
1.368369
1.368401
1.368433
1.368465
1.368497
1.368529
1.368561
1.368593
1.368625
1.368658
1.368690
1.368722
1.368754
1.368786
1.368818
1.368850
1.368882
1.368914
1.368946
1.368979
1.369011
1.369043
1.369075
1.369107
1.369139
1.369171
1.369203
1.369235
1.369267
1.369299
1.369332
1.369364
1.369396
1.369428
1.369460
1.369492
1.369524
1.369556
1.369588
1.369620
1.369653
1.369685
1.369717
1.369749
1.369781
1.369813
1.369845
1.369877
1.369909
1.369942
1.369973
1.370006
1.370038
1.370070
1.370102
1.370134
1.370166
1.370198
1.370230
1.370262
1.370295
1.370327
1.370359
1.370391
1.370423
1.370455
1.370487
1.370520
1.370551
1.370584
1.370616
1.370648
1.370680
1.370712
1.370744
1.370776
1.370809
1.370841
1.370873
1.370905
1.370937
1.370969
1.371001
1.371033
1.371065
1.371098
1.371130
1.371162
1.371194
1.371226
1.371258
1.371290
1.371322
1.371355
1.371387
1.371419
1.371451
1.371483
1.371515
1.371547
1.371579
1.371612
1.371644
1.371676
1.371708
1.371740
1.371772
1.371804
1.371836
1.371868
1.371901
1.371933
1.371965
1.371997
1.372029
1.372061
1.372093
1.372126
1.372158
1.372190
1.372222
1.372254
1.372286
1.372318
1.372351
1.372383
1.372415
1.372447
1.372479
1.372511
1.372543
1.372575
1.372608
1.372640
1.372672
1.372704
1.372736
1.372768
1.372800
1.372833
1.372865
1.372897
1.372929
1.372961
1.372993
1.373025
1.373058
1.373090
1.373122
1.373154
1.373186
1.373218
1.373250
1.373283
1.373315
1.373347
1.373379
1.373411
1.373443
1.373476
1.373507
1.373540
1.373572
1.373604
1.373636
1.373668
1.373701
1.373733
1.373765
1.373797
1.373829
1.373861
1.373893
1.373926
1.373958
1.373990
1.374022
1.374054
1.374086
1.374118
1.374151
1.374183
1.374215
1.374247
1.374279
1.374312
1.374344
1.374376
1.374408
1.374440
1.374472
1.374504
1.374537
1.374569
1.374601
1.374633
1.374665
1.374697
1.374730
1.374762
1.374794
1.374826
1.374858
1.374890
1.374922
1.374955
1.374987
1.375019
1.375051
1.375083
1.375116
1.375148
1.375180
1.375212
1.375244
1.375276
1.375309
1.375341
1.375373
1.375405
1.375437
1.375470
1.375502
1.375534
1.375566
1.375598
1.375630
1.375663
1.375695
1.375727
1.375759
1.375791
1.375823
1.375856
1.375888
1.375920
1.375952
1.375984
1.376016
1.376049
1.376081
1.376113
1.376145
1.376177
1.376209
1.376242
1.376274
1.376306
1.376338
1.376370
1.376403
1.376435
1.376467
1.376499
1.376531
1.376564
1.376596
1.376628
1.376660
1.376692
1.376725
1.376757
1.376789
1.376821
1.376853
1.376885
1.376918
1.376950
1.376982
1.377014
1.377046
1.377079
1.377111
1.377143
1.377175
1.377207
1.377240
1.377272
1.377304
1.377336
1.377368
1.377401
1.377433
1.377465
1.377497
1.377529
1.377562
1.377594
1.377626
1.377658
1.377690
1.377723
1.377755
1.377787
1.377819
1.377851
1.377884
1.377916
1.377948
1.377980
1.378012
1.378045
1.378077
1.378109
1.378141
1.378173
1.378206
1.378238
1.378270
1.378302
1.378334
1.378367
1.378399
1.378431
1.378463
1.378496
1.378528
1.378560
1.378592
1.378624
1.378657
1.378689
1.378721
1.378753
1.378785
1.378818
1.378850
1.378882
1.378914
1.378946
1.378979
1.379011
1.379043
1.379075
1.379108
1.379140
1.379172
1.379204
1.379236
1.379269
1.379301
1.379333
1.379365
1.379398
1.379430
1.379462
1.379494
1.379527
1.379559
1.379591
1.379623
1.379655
1.379688
1.379720
1.379752
1.379784
1.379817
1.379849
1.379881
1.379913
1.379945
1.379978
1.380010
1.380042
1.380074
1.380107
1.380139
1.380171
1.380203
1.380236
1.380268
1.380300
1.380332
1.380364
1.380397
1.380429
1.380461
1.380493
1.380526
1.380558
1.380590
1.380622
1.380655
1.380687
1.380719
1.380751
1.380783
1.380816
1.380848
1.380880
1.380912
1.380945
1.380977
1.381009
1.381041
1.381074
1.381106
1.381138
1.381170
1.381203
1.381235
1.381267
1.381299
1.381332
1.381364
1.381396
1.381428
1.381461
1.381493
1.381525
1.381557
1.381589
1.381622
1.381654
1.381686
1.381718
1.381751
1.381783
1.381815
1.381847
1.381880
1.381912
1.381944
1.381976
1.382009
1.382041
1.382073
1.382106
1.382138
1.382170
1.382202
1.382235
1.382267
1.382299
1.382331
1.382364
1.382396
1.382428
1.382460
1.382493
1.382525
1.382557
1.382589
1.382622
1.382654
1.382686
1.382718
1.382751
1.382783
1.382815
1.382847
1.382880
1.382912
1.382944
1.382976
1.383009
1.383041
1.383073
1.383106
1.383138
1.383170
1.383202
1.383235
1.383267
1.383299
1.383331
1.383364
1.383396
1.383428
1.383461
1.383493
1.383525
1.383557
1.383590
1.383622
1.383654
1.383686
1.383719
1.383751
1.383783
1.383816
1.383848
1.383880
1.383912
1.383945
1.383977
1.384009
1.384042
1.384074
1.384106
1.384138
1.384171
1.384203
1.384235
1.384267
1.384300
1.384332
1.384364
1.384396
1.384429
1.384461
1.384493
1.384526
1.384558
1.384590
1.384623
1.384655
1.384687
1.384719
1.384752
1.384784
1.384816
1.384849
1.384881
1.384913
1.384945
1.384978
1.385010
1.385042
1.385075
1.385107
1.385139
1.385171
1.385204
1.385236
1.385268
1.385301
1.385333
1.385365
1.385397
1.385430
1.385462
1.385494
1.385527
1.385559
1.385591
1.385624
1.385656
1.385688
1.385720
1.385753
1.385785
1.385817
1.385850
1.385882
1.385914
1.385946
1.385979
1.386011
1.386044
1.386076
1.386108
1.386140
1.386173
1.386205
1.386237
1.386270
1.386302
1.386334
1.386367
1.386399
1.386431
1.386463
1.386496
1.386528
1.386560
1.386593
1.386625
1.386657
1.386690
1.386722
1.386754
1.386787
1.386819
1.386851
1.386883
1.386916
1.386948
1.386980
1.387013
1.387045
1.387077
1.387110
1.387142
1.387174
1.387207
1.387239
1.387271
1.387304
1.387336
1.387368
1.387400
1.387433
1.387465
1.387498
1.387530
1.387562
1.387594
1.387627
1.387659
1.387691
1.387724
1.387756
1.387788
1.387821
1.387853
1.387885
1.387918
1.387950
1.387982
1.388015
1.388047
1.388079
1.388112
1.388144
1.388176
1.388209
1.388241
1.388273
1.388306
1.388338
1.388370
1.388402
1.388435
1.388467
1.388500
1.388532
1.388564
1.388597
1.388629
1.388661
1.388694
1.388726
1.388758
1.388790
1.388823
1.388855
1.388888
1.388920
1.388952
1.388985
1.389017
1.389049
1.389081
1.389114
1.389146
1.389179
1.389211
1.389243
1.389276
1.389308
1.389340
1.389373
1.389405
1.389437
1.389470
1.389502
1.389534
1.389567
1.389599
1.389631
1.389664
1.389696
1.389728
1.389761
1.389793
1.389825
1.389858
1.389890
1.389922
1.389955
1.389987
1.390020
1.390052
1.390084
1.390117
1.390149
1.390181
1.390214
1.390246
1.390278
1.390311
1.390343
1.390375
1.390408
1.390440
1.390473
1.390505
1.390537
1.390570
1.390602
1.390634
1.390667
1.390699
1.390731
1.390764
1.390796
1.390828
1.390861
1.390893
1.390925
1.390958
1.390990
1.391023
1.391055
1.391087
1.391120
1.391152
1.391185
1.391217
1.391249
1.391282
1.391314
1.391346
1.391379
1.391411
1.391443
1.391476
1.391508
1.391540
1.391573
1.391605
1.391637
1.391670
1.391702
1.391735
1.391767
1.391799
1.391832
1.391864
1.391897
1.391929
1.391961
1.391994
1.392026
1.392058
1.392091
1.392123
1.392155
1.392188
1.392220
1.392253
1.392285
1.392317
1.392350
1.392382
1.392414
1.392447
1.392479
1.392512
1.392544
1.392576
1.392609
1.392641
1.392673
1.392706
1.392738
1.392771
1.392803
1.392836
1.392868
1.392900
1.392933
1.392965
1.392997
1.393030
1.393062
1.393095
1.393127
1.393159
1.393192
1.393224
1.393256
1.393289
1.393321
1.393354
1.393386
1.393418
1.393451
1.393483
1.393516
1.393548
1.393580
1.393613
1.393645
1.393678
1.393710
1.393742
1.393775
1.393807
1.393840
1.393872
1.393904
1.393937
1.393969
1.394002
1.394034
1.394066
1.394099
1.394131
1.394164
1.394196
1.394228
1.394261
1.394293
1.394325
1.394358
1.394390
1.394423
1.394455
1.394487
1.394520
1.394552
1.394585
1.394617
1.394649
1.394682
1.394714
1.394747
1.394779
1.394812
1.394844
1.394876
1.394909
1.394941
1.394974
1.395006
1.395038
1.395071
1.395103
1.395136
1.395168
1.395200
1.395233
1.395265
1.395298
1.395330
1.395363
1.395395
1.395427
1.395460
1.395492
1.395525
1.395557
1.395590
1.395622
1.395654
1.395687
1.395719
1.395751
1.395784
1.395816
1.395849
1.395881
1.395914
1.395946
1.395979
1.396011
1.396043
1.396076
1.396108
1.396141
1.396173
1.396205
1.396238
1.396270
1.396303
1.396335
1.396368
1.396400
1.396432
1.396465
1.396497
1.396530
1.396562
1.396595
1.396627
1.396659
1.396692
1.396724
1.396757
1.396789
1.396822
1.396854
1.396886
1.396919
1.396951
1.396984
1.397016
1.397048
1.397081
1.397113
1.397146
1.397178
1.397211
1.397243
1.397276
1.397308
1.397340
1.397373
1.397405
1.397438
1.397470
1.397503
1.397535
1.397568
1.397600
1.397632
1.397665
1.397697
1.397730
1.397762
1.397795
1.397827
1.397860
1.397892
1.397924
1.397957
1.397989
1.398022
1.398054
1.398087
1.398119
1.398152
1.398184
1.398216
1.398249
1.398281
1.398314
1.398346
1.398379
1.398411
1.398444
1.398476
1.398509
1.398541
1.398573
1.398606
1.398638
1.398671
1.398703
1.398735
1.398768
1.398801
1.398833
1.398866
1.398898
1.398930
1.398963
1.398995
1.399028
1.399060
1.399093
1.399125
1.399158
1.399190
1.399222
1.399255
1.399288
1.399320
1.399352
1.399385
1.399417
1.399450
1.399482
1.399515
1.399547
1.399580
1.399612
1.399645
1.399677
1.399710
1.399742
1.399774
1.399807
1.399839
1.399872
1.399904
1.399937
1.399969
1.400002
1.400034
1.400067
1.400099
1.400132
1.400164
1.400196
1.400229
1.400261
1.400294
1.400326
1.400359
1.400391
1.400424
1.400456
1.400489
1.400521
1.400554
1.400586
1.400619
1.400651
1.400684
1.400716
1.400748
1.400781
1.400813
1.400846
1.400878
1.400911
1.400943
1.400976
1.401008
1.401041
1.401073
1.401106
1.401138
1.401171
1.401203
1.401236
1.401268
1.401301
1.401333
1.401366
1.401398
1.401431
1.401463
1.401496
1.401528
1.401561
1.401593
1.401626
1.401658
1.401691
1.401723
1.401755
1.401788
1.401821
1.401853
1.401885
1.401918
1.401951
1.401983
1.402015
1.402048
1.402080
1.402113
1.402146
1.402178
1.402210
1.402243
1.402275
1.402308
1.402340
1.402373
1.402406
1.402438
1.402470
1.402503
1.402535
1.402568
1.402600
1.402633
1.402665
1.402698
1.402730
1.402763
1.402795
1.402828
1.402860
1.402893
1.402925
1.402958
1.402990
1.403023
1.403055
1.403088
1.403120
1.403153
1.403185
1.403218
1.403250
1.403283
1.403315
1.403348
1.403381
1.403413
1.403445
1.403478
1.403510
1.403543
1.403576
1.403608
1.403641
1.403673
1.403706
1.403738
1.403771
1.403803
1.403836
1.403868
1.403901
1.403933
1.403966
1.403998
1.404031
1.404063
1.404096
1.404128
1.404161
1.404193
1.404226
1.404258
1.404291
1.404323
1.404356
1.404388
1.404421
1.404453
1.404486
1.404519
1.404551
1.404583
1.404616
1.404649
1.404681
1.404714
1.404746
1.404779
1.404811
1.404844
1.404876
1.404909
1.404941
1.404974
1.405006
1.405039
1.405071
1.405104
1.405137
1.405169
1.405202
1.405234
1.405267
1.405299
1.405332
1.405364
1.405397
1.405429
1.405462
1.405494
1.405527
1.405560
1.405592
1.405624
1.405657
1.405690
1.405722
1.405755
1.405787
1.405820
1.405852
1.405885
1.405917
1.405950
1.405982
1.406015
1.406047
1.406080
1.406113
1.406145
1.406178
1.406210
1.406243
1.406275
1.406308
1.406340
1.406373
1.406405
1.406438
1.406470
1.406503
1.406536
1.406568
1.406601
1.406633
1.406666
1.406698
1.406731
1.406763
1.406796
1.406829
1.406861
1.406894
1.406926
1.406959
1.406991
1.407024
1.407056
1.407089
1.407122
1.407154
1.407187
1.407219
1.407252
1.407284
1.407317
1.407349
1.407382
1.407415
1.407447
1.407480
1.407512
1.407545
1.407577
1.407610
1.407642
1.407675
1.407708
1.407740
1.407773
1.407805
1.407838
1.407870
1.407903
1.407935
1.407968
1.408001
1.408033
1.408066
1.408098
1.408131
1.408163
1.408196
1.408229
1.408261
1.408294
1.408326
1.408359
1.408391
1.408424
1.408456
1.408489
1.408522
1.408554
1.408587
1.408619
1.408652
1.408684
1.408717
1.408750
1.408782
1.408815
1.408847
1.408880
1.408912
1.408945
1.408978
1.409010
1.409043
1.409075
1.409108
1.409141
1.409173
1.409206
1.409238
1.409271
1.409303
1.409336
1.409369
1.409401
1.409434
1.409466
1.409499
1.409531
1.409564
1.409597
1.409629
1.409662
1.409694
1.409727
1.409760
1.409792
1.409825
1.409857
1.409890
1.409922
1.409955
1.409988
1.410020
1.410053
1.410085
1.410118
1.410150
1.410183
1.410216
1.410248
1.410281
1.410313
1.410346
1.410379
1.410411
1.410444
1.410476
1.410509
1.410542
1.410574
1.410607
1.410639
1.410672
1.410705
1.410737
1.410770
1.410802
1.410835
1.410867
1.410900
1.410933
1.410965
1.410998
1.411031
1.411063
1.411096
1.411128
1.411161
1.411194
1.411226
1.411259
1.411291
1.411324
1.411357
1.411389
1.411422
1.411454
1.411487
1.411520
1.411552
1.411585
1.411617
1.411650
1.411683
1.411715
1.411748
1.411780
1.411813
1.411846
1.411878
1.411911
1.411943
1.411976
1.412009
1.412041
1.412074
1.412107
1.412139
1.412172
1.412204
1.412237
1.412270
1.412302
1.412335
1.412367
1.412400
1.412433
1.412465
1.412498
1.412531
1.412563
1.412596
1.412628
1.412661
1.412694
1.412726
1.412759
1.412791
1.412824
1.412857
1.412889
1.412922
1.412955
1.412987
1.413020
1.413052
1.413085
1.413118
1.413150
1.413183
1.413216
1.413248
1.413281
1.413313
1.413346
1.413379
1.413411
1.413444
1.413476
1.413509
1.413542
1.413574
1.413607
1.413640
1.413672
1.413705
1.413737
1.413770
1.413803
1.413835
1.413868
1.413901
1.413933
1.413966
1.413999
1.414031
1.414064
1.414097
1.414129
1.414162
1.414194
1.414227
1.414260
1.414292
1.414325
1.414358
1.414390
1.414423
1.414455
1.414488
1.414521
1.414553
1.414586
1.414619
1.414651
1.414684
1.414717
1.414749
1.414782
1.414815
1.414847
1.414880
1.414912
1.414945
1.414978
1.415010
1.415043
1.415076
1.415108
1.415141
1.415174
1.415206
1.415239
1.415272
1.415304
1.415337
1.415369
1.415402
1.415435
1.415467
1.415500
1.415533
1.415565
1.415598
1.415631
1.415663
1.415696
1.415729
1.415761
1.415794
1.415827
1.415859
1.415892
1.415925
1.415957
1.415990
1.416022
1.416055
1.416088
1.416121
1.416153
1.416186
1.416218
1.416251
1.416284
1.416316
1.416349
1.416382
1.416415
1.416447
1.416480
1.416512
1.416545
1.416578
1.416610
1.416643
1.416676
1.416708
1.416741
1.416774
1.416806
1.416839
1.416872
1.416904
1.416937
1.416970
1.417003
1.417035
1.417068
1.417100
1.417133
1.417166
1.417198
1.417231
1.417264
1.417297
1.417329
1.417362
1.417394
1.417427
1.417460
1.417492
1.417525
1.417558
1.417591
1.417623
1.417656
1.417689
1.417721
1.417754
1.417787
1.417819
1.417852
1.417884
1.417917
1.417950
1.417983
1.418015
1.418048
1.418081
1.418113
1.418146
1.418179
1.418211
1.418244
1.418277
1.418309
1.418342
1.418375
1.418408
1.418440
1.418473
1.418506
1.418538
1.418571
1.418603
1.418636
1.418669
1.418702
1.418734
1.418767
1.418800
1.418832
1.418865
1.418898
1.418930
1.418963
1.418996
1.419029
1.419061
1.419094
1.419127
1.419159
1.419192
1.419225
1.419257
1.419290
1.419323
1.419355
1.419388
1.419421
1.419454
1.419486
1.419519
1.419552
1.419584
1.419617
1.419650
1.419682
1.419715
1.419748
1.419780
1.419813
1.419846
1.419879
1.419911
1.419944
1.419977
1.420010
1.420042
1.420075
1.420108
1.420140
1.420173
1.420206
1.420238
1.420271
1.420304
1.420336
1.420369
1.420402
1.420435
1.420467
1.420500
1.420533
1.420566
1.420598
1.420631
1.420664
1.420696
1.420729
1.420762
1.420794
1.420827
1.420860
1.420893
1.420925
1.420958
1.420991
1.421024
1.421056
1.421089
1.421122
1.421154
1.421187
1.421220
1.421252
1.421285
1.421318
1.421351
1.421383
1.421416
1.421449
1.421481
1.421514
1.421547
1.421580
1.421612
1.421645
1.421678
1.421711
1.421743
1.421776
1.421809
1.421841
1.421874
1.421907
1.421940
1.421972
1.422005
1.422038
1.422070
1.422103
1.422136
1.422169
1.422201
1.422234
1.422267
1.422300
1.422332
1.422365
1.422398
1.422431
1.422463
1.422496
1.422529
1.422561
1.422594
1.422627
1.422660
1.422692
1.422725
1.422758
1.422790
1.422823
1.422856
1.422889
1.422921
1.422954
1.422987
1.423020
1.423053
1.423085
1.423118
1.423151
1.423183
1.423216
1.423249
1.423282
1.423314
1.423347
1.423380
1.423413
1.423445
1.423478
1.423511
1.423544
1.423576
1.423609
1.423642
1.423674
1.423707
1.423740
1.423773
1.423805
1.423838
1.423871
1.423904
1.423936
1.423969
1.424002
1.424035
1.424067
1.424100
1.424133
1.424166
1.424199
1.424231
1.424264
1.424297
1.424330
1.424362
1.424395
1.424428
1.424461
1.424493
1.424526
1.424559
1.424592
1.424624
1.424657
1.424690
1.424723
1.424755
1.424788
1.424821
1.424854
1.424886
1.424919
1.424952
1.424985
1.425017
1.425050
1.425083
1.425116
1.425148
1.425181
1.425214
1.425247
1.425279
1.425312
1.425345
1.425378
1.425410
1.425443
1.425476
1.425509
1.425541
1.425574
1.425607
1.425640
1.425673
1.425705
1.425738
1.425771
1.425804
1.425836
1.425869
1.425902
1.425935
1.425967
1.426000
1.426033
1.426066
1.426099
1.426131
1.426164
1.426197
1.426230
1.426262
1.426295
1.426328
1.426361
1.426394
1.426426
1.426459
1.426492
1.426525
1.426557
1.426590
1.426623
1.426656
1.426689
1.426721
1.426754
1.426787
1.426820
1.426852
1.426885
1.426918
1.426951
1.426984
1.427016
1.427049
1.427082
1.427115
1.427148
1.427180
1.427213
1.427246
1.427279
1.427312
1.427344
1.427377
1.427410
1.427443
1.427475
1.427508
1.427541
1.427574
1.427607
1.427639
1.427672
1.427705
1.427738
1.427770
1.427803
1.427836
1.427869
1.427902
1.427935
1.427967
1.428000
1.428033
1.428066
1.428098
1.428131
1.428164
1.428197
1.428230
1.428262
1.428295
1.428328
1.428361
1.428394
1.428426
1.428459
1.428492
1.428525
1.428558
1.428590
1.428623
1.428656
1.428689
1.428722
1.428754
1.428787
1.428820
1.428853
1.428886
1.428918
1.428951
1.428984
1.429017
1.429050
1.429083
1.429115
1.429148
1.429181
1.429214
1.429246
1.429279
1.429312
1.429345
1.429378
1.429410
1.429443
1.429476
1.429509
1.429542
1.429575
1.429607
1.429640
1.429673
1.429706
1.429739
1.429771
1.429804
1.429837
1.429870
1.429903
1.429936
1.429968
1.430001
1.430034
1.430067
1.430100
1.430132
1.430165
1.430198
1.430231
1.430264
1.430297
1.430329
1.430362
1.430395
1.430428
1.430461
1.430493
1.430526
1.430559
1.430592
1.430625
1.430658
1.430690
1.430723
1.430756
1.430789
1.430822
1.430854
1.430887
1.430920
1.430953
1.430986
1.431019
1.431052
1.431084
1.431117
1.431150
1.431183
1.431216
1.431249
1.431281
1.431314
1.431347
1.431380
1.431413
1.431445
1.431478
1.431511
1.431544
1.431577
1.431610
1.431643
1.431675
1.431708
1.431741
1.431774
1.431807
1.431839
1.431872
1.431905
1.431938
1.431971
1.432004
1.432036
1.432069
1.432102
1.432135
1.432168
1.432201
1.432234
1.432266
1.432299
1.432332
1.432365
1.432398
1.432431
1.432463
1.432496
1.432529
1.432562
1.432595
1.432628
1.432661
1.432693
1.432726
1.432759
1.432792
1.432825
1.432858
1.432890
1.432923
1.432956
1.432989
1.433022
1.433055
1.433088
1.433121
1.433153
1.433186
1.433219
1.433252
1.433285
1.433318
1.433350
1.433383
1.433416
1.433449
1.433482
1.433515
1.433548
1.433580
1.433613
1.433646
1.433679
1.433712
1.433745
1.433777
1.433810
1.433843
1.433876
1.433909
1.433942
1.433975
1.434008
1.434040
1.434073
1.434106
1.434139
1.434172
1.434205
1.434238
1.434271
1.434303
1.434336
1.434369
1.434402
1.434435
1.434468
1.434501
1.434533
1.434566
1.434599
1.434632
1.434665
1.434698
1.434731
1.434763
1.434796
1.434829
1.434862
1.434895
1.434928
1.434961
1.434994
1.435026
1.435059
1.435092
1.435125
1.435158
1.435191
1.435224
1.435257
1.435290
1.435322
1.435355
1.435388
1.435421
1.435454
1.435487
1.435520
1.435553
1.435585
1.435618
1.435651
1.435684
1.435717
1.435750
1.435783
1.435816
1.435849
1.435881
1.435914
1.435947
1.435980
1.436013
1.436046
1.436079
1.436112
1.436144
1.436177
1.436210
1.436243
1.436276
1.436309
1.436342
1.436375
1.436408
1.436441
1.436473
1.436506
1.436539
1.436572
1.436605
1.436638
1.436671
1.436704
1.436736
1.436769
1.436802
1.436835
1.436868
1.436901
1.436934
1.436967
1.437000
1.437032
1.437065
1.437098
1.437131
1.437164
1.437197
1.437230
1.437263
1.437296
1.437328
1.437361
1.437394
1.437427
1.437460
1.437493
1.437526
1.437559
1.437592
1.437625
1.437658
1.437690
1.437723
1.437756
1.437789
1.437822
1.437855
1.437888
1.437921
1.437954
1.437987
1.438020
1.438052
1.438085
1.438118
1.438151
1.438184
1.438217
1.438250
1.438283
1.438316
1.438349
1.438381
1.438414
1.438447
1.438480
1.438513
1.438546
1.438579
1.438612
1.438645
1.438678
1.438711
1.438744
1.438776
1.438809
1.438842
1.438875
1.438908
1.438941
1.438974
1.439007
1.439040
1.439073
1.439106
1.439139
1.439172
1.439204
1.439237
1.439270
1.439303
1.439336
1.439369
1.439402
1.439435
1.439468
1.439501
1.439534
1.439567
1.439600
1.439632
1.439665
1.439698
1.439731
1.439764
1.439797
1.439830
1.439863
1.439896
1.439929
1.439962
1.439995
1.440028
1.440060
1.440093
1.440126
1.440159
1.440192
1.440225
1.440258
1.440291
1.440324
1.440357
1.440390
1.440423
1.440456
1.440489
1.440522
1.440554
1.440587
1.440620
1.440653
1.440686
1.440719
1.440752
1.440785
1.440818
1.440851
1.440884
1.440917
1.440950
1.440983
1.441016
1.441049
1.441081
1.441114
1.441147
1.441180
1.441213
1.441246
1.441279
1.441312
1.441345
1.441378
1.441411
1.441444
1.441477
1.441510
1.441543
1.441576
1.441609
1.441642
1.441674
1.441707
1.441740
1.441773
1.441806
1.441839
1.441872
1.441905
1.441938
1.441971
1.442004
1.442037
1.442070
1.442103
1.442136
1.442169
1.442202
1.442235
1.442268
1.442301
1.442334
1.442367
1.442399
1.442432
1.442465
1.442498
1.442531
1.442564
1.442597
1.442630
1.442663
1.442696
1.442729
1.442762
1.442795
1.442828
1.442861
1.442894
1.442927
1.442960
1.442993
1.443026
1.443059
1.443092
1.443125
1.443158
1.443191
1.443224
1.443256
1.443289
1.443322
1.443355
1.443388
1.443421
1.443454
1.443487
1.443520
1.443553
1.443586
1.443619
1.443652
1.443685
1.443718
1.443751
1.443784
1.443817
1.443850
1.443883
1.443916
1.443949
1.443982
1.444015
1.444048
1.444081
1.444114
1.444147
1.444180
1.444213
1.444246
1.444278
1.444312
1.444345
1.444378
1.444410
1.444443
1.444476
1.444509
1.444542
1.444575
1.444608
1.444641
1.444674
1.444707
1.444740
1.444773
1.444806
1.444839
1.444872
1.444905
1.444938
1.444971
1.445004
1.445037
1.445070
1.445103
1.445136
1.445169
1.445202
1.445235
1.445268
1.445301
1.445334
1.445367
1.445400
1.445433
1.445466
1.445499
1.445532
1.445565
1.445598
1.445631
1.445664
1.445697
1.445730
1.445763
1.445796
1.445829
1.445862
1.445895
1.445928
1.445961
1.445994
1.446027
1.446060
1.446093
1.446126
1.446159
1.446192
1.446225
1.446258
1.446291
1.446324
1.446357
1.446390
1.446423
1.446456
1.446489
1.446522
1.446555
1.446588
1.446621
1.446654
1.446687
1.446720
1.446753
1.446786
1.446819
1.446852
1.446885
1.446918
1.446951
1.446984
1.447017
1.447050
1.447083
1.447116
1.447149
1.447182
1.447215
1.447248
1.447281
1.447314
1.447347
1.447380
1.447413
1.447446
1.447479
1.447512
1.447545
1.447578
1.447611
1.447644
1.447677
1.447710
1.447743
1.447776
1.447809
1.447842
1.447875
1.447908
1.447941
1.447974
1.448007
1.448040
1.448073
1.448106
1.448139
1.448172
1.448205
1.448238
1.448272
1.448305
1.448337
1.448371
1.448404
1.448437
1.448470
1.448503
1.448536
1.448569
1.448602
1.448635
1.448668
1.448701
1.448734
1.448767
1.448800
1.448833
1.448866
1.448899
1.448932
1.448965
1.448998
1.449031
1.449064
1.449097
1.449130
1.449163
1.449196
1.449229
1.449262
1.449295
1.449328
1.449361
1.449394
1.449427
1.449461
1.449493
1.449527
1.449560
1.449593
1.449626
1.449659
1.449692
1.449725
1.449758
1.449791
1.449824
1.449857
1.449890
1.449923
1.449956
1.449989
1.450022
1.450055
1.450088
1.450121
1.450154
1.450187
1.450220
1.450253
1.450286
1.450320
1.450352
1.450386
1.450419
1.450452
1.450485
1.450518
1.450551
1.450584
1.450617
1.450650
1.450683
1.450716
1.450749
1.450782
1.450815
1.450848
1.450881
1.450914
1.450947
1.450980
1.451014
1.451047
1.451080
1.451113
1.451146
1.451179
1.451212
1.451245
1.451278
1.451311
1.451344
1.451377
1.451410
1.451443
1.451476
1.451509
1.451542
1.451575
1.451609
1.451642
1.451675
1.451708
1.451741
1.451774
1.451807
1.451840
1.451873
1.451906
1.451939
1.451972
1.452005
1.452038
1.452071
1.452104
1.452137
1.452171
1.452204
1.452237
1.452270
1.452303
1.452336
1.452369
1.452402
1.452435
1.452468
1.452501
1.452534
1.452567
1.452600
1.452634
1.452666
1.452700
1.452733
1.452766
1.452799
1.452832
1.452865
1.452898
1.452931
1.452964
1.452997
1.453030
1.453063
1.453096
1.453130
1.453163
1.453196
1.453229
1.453262
1.453295
1.453328
1.453361
1.453394
1.453427
1.453460
1.453493
1.453527
1.453560
1.453593
1.453626
1.453659
1.453692
1.453725
1.453758
1.453791
1.453824
1.453857
1.453890
1.453924
1.453957
1.453990
1.454023
1.454056
1.454089
1.454122
1.454155
1.454188
1.454221
1.454254
1.454287
1.454320
1.454354
1.454387
1.454420
1.454453
1.454486
1.454519
1.454552
1.454585
1.454618
1.454651
1.454685
1.454718
1.454751
1.454784
1.454817
1.454850
1.454883
1.454916
1.454949
1.454982
1.455015
1.455049
1.455082
1.455115
1.455148
1.455181
1.455214
1.455247
1.455280
1.455313
1.455346
1.455380
1.455413
1.455446
1.455479
1.455512
1.455545
1.455578
1.455611
1.455644
1.455677
1.455710
1.455744
1.455777
1.455810
1.455843
1.455876
1.455909
1.455942
1.455975
1.456008
1.456042
1.456075
1.456108
1.456141
1.456174
1.456207
1.456240
1.456273
1.456306
1.456339
1.456373
1.456406
1.456439
1.456472
1.456505
1.456538
1.456571
1.456604
1.456638
1.456671
1.456704
1.456737
1.456770
1.456803
1.456836
1.456869
1.456902
1.456936
1.456969
1.457002
1.457035
1.457068
1.457101
1.457134
1.457167
1.457201
1.457234
1.457267
1.457300
1.457333
1.457366
1.457399
1.457432
1.457465
1.457499
1.457532
1.457565
1.457598
1.457631
1.457664
1.457697
1.457731
1.457764
1.457797
1.457830
1.457863
1.457896
1.457929
1.457962
1.457996
1.458029
1.458062
1.458095
1.458128
1.458161
1.458194
1.458227
1.458261
1.458294
1.458327
1.458360
1.458393
1.458426
1.458459
1.458492
1.458526
1.458559
1.458592
1.458625
1.458658
1.458691
1.458725
1.458758
1.458791
1.458824
1.458857
1.458890
1.458923
1.458956
1.458990
1.459023
1.459056
1.459089
1.459122
1.459155
1.459188
1.459221
1.459255
1.459288
1.459321
1.459354
1.459387
1.459420
1.459454
1.459487
1.459520
1.459553
1.459586
1.459619
1.459652
1.459686
1.459719
1.459752
1.459785
1.459818
1.459851
1.459884
1.459918
1.459951
1.459984
1.460017
1.460050
1.460083
1.460116
1.460150
1.460183
1.460216
1.460249
1.460282
1.460315
1.460349
1.460382
1.460415
1.460448
1.460481
1.460514
1.460547
1.460581
1.460614
1.460647
1.460680
1.460713
1.460746
1.460780
1.460813
1.460846
1.460879
1.460912
1.460945
1.460978
1.461012
1.461045
1.461078
1.461111
1.461144
1.461178
1.461211
1.461244
1.461277
1.461310
1.461343
1.461377
1.461410
1.461443
1.461476
1.461509
1.461542
1.461575
1.461609
1.461642
1.461675
1.461708
1.461741
1.461775
1.461808
1.461841
1.461874
1.461907
1.461940
1.461973
1.462007
1.462040
1.462073
1.462106
1.462139
1.462173
1.462206
1.462239
1.462272
1.462305
1.462338
1.462372
1.462405
1.462438
1.462471
1.462504
1.462538
1.462571
1.462604
1.462637
1.462670
1.462703
1.462736
1.462770
1.462803
1.462836
1.462869
1.462902
1.462936
1.462969
1.463002
1.463035
1.463068
1.463102
1.463135
1.463168
1.463201
1.463234
1.463268
1.463301
1.463334
1.463367
1.463400
1.463433
1.463467
1.463500
1.463533
1.463566
1.463599
1.463633
1.463666
1.463699
1.463732
1.463765
1.463798
1.463832
1.463865
1.463898
1.463931
1.463964
1.463998
1.464031
1.464064
1.464097
1.464131
1.464163
1.464197
1.464230
1.464263
1.464296
1.464330
1.464363
1.464396
1.464429
1.464462
1.464496
1.464529
1.464562
1.464595
1.464628
1.464662
1.464695
1.464728
1.464761
1.464794
1.464828
1.464861
1.464894
1.464927
1.464960
1.464994
1.465027
1.465060
1.465093
1.465126
1.465160
1.465193
1.465226
1.465259
1.465293
1.465326
1.465359
1.465392
1.465425
1.465458
1.465492
1.465525
1.465558
1.465591
1.465625
1.465658
1.465691
1.465724
1.465757
1.465791
1.465824
1.465857
1.465890
1.465923
1.465957
1.465990
1.466023
1.466056
1.466089
1.466123
1.466156
1.466189
1.466222
1.466256
1.466289
1.466322
1.466355
1.466388
1.466422
1.466455
1.466488
1.466521
1.466555
1.466588
1.466621
1.466654
1.466688
1.466721
1.466754
1.466787
1.466820
1.466854
1.466887
1.466920
1.466953
1.466986
1.467020
1.467053
1.467086
1.467119
1.467153
1.467186
1.467219
1.467252
1.467286
1.467319
1.467352
1.467385
1.467418
1.467452
1.467485
1.467518
1.467551
1.467585
1.467618
1.467651
1.467684
1.467717
1.467751
1.467784
1.467817
1.467850
1.467884
1.467917
1.467950
1.467983
1.468017
1.468050
1.468083
1.468116
1.468150
1.468183
1.468216
1.468249
1.468283
1.468316
1.468349
1.468382
1.468415
1.468449
1.468482
1.468515
1.468548
1.468582
1.468615
1.468648
1.468681
1.468715
1.468748
1.468781
1.468814
1.468848
1.468881
1.468914
1.468947
1.468981
1.469014
1.469047
1.469080
1.469114
1.469147
1.469180
1.469213
1.469247
1.469280
1.469313
1.469346
1.469380
1.469413
1.469446
1.469479
1.469513
1.469546
1.469579
1.469612
1.469646
1.469679
1.469712
1.469745
1.469779
1.469812
1.469845
1.469878
1.469912
1.469945
1.469978
1.470011
1.470045
1.470078
1.470111
1.470144
1.470178
1.470211
1.470244
1.470277
1.470311
1.470344
1.470377
1.470411
1.470444
1.470477
1.470510
1.470544
1.470577
1.470610
1.470643
1.470677
1.470710
1.470743
1.470776
1.470810
1.470843
1.470876
1.470910
1.470943
1.470976
1.471009
1.471043
1.471076
1.471109
1.471143
1.471176
1.471209
1.471242
1.471276
1.471309
1.471342
1.471375
1.471409
1.471442
1.471475
1.471508
1.471542
1.471575
1.471608
1.471642
1.471675
1.471708
1.471741
1.471775
1.471808
1.471841
1.471875
1.471908
1.471941
1.471974
1.472008
1.472041
1.472074
1.472108
1.472141
1.472174
1.472207
1.472241
1.472274
1.472307
1.472340
1.472374
1.472407
1.472440
1.472473
1.472507
1.472540
1.472573
1.472607
1.472640
1.472673
1.472707
1.472740
1.472773
1.472806
1.472840
1.472873
1.472906
1.472940
1.472973
1.473006
1.473040
1.473073
1.473106
1.473139
1.473173
1.473206
1.473239
1.473273
1.473306
1.473339
1.473372
1.473406
1.473439
1.473472
1.473505
1.473539
1.473572
1.473606
1.473639
1.473672
1.473705
1.473739
1.473772
1.473805
1.473838
1.473872
1.473905
1.473938
1.473972
1.474005
1.474038
1.474072
1.474105
1.474138
1.474172
1.474205
1.474238
1.474271
1.474305
1.474338
1.474371
1.474405
1.474438
1.474471
1.474505
1.474538
1.474571
1.474604
1.474638
1.474671
1.474704
1.474738
1.474771
1.474804
1.474838
1.474871
1.474904
1.474938
1.474971
1.475004
1.475038
1.475071
1.475104
1.475137
1.475171
1.475204
1.475237
1.475271
1.475304
1.475337
1.475371
1.475404
1.475437
1.475471
1.475504
1.475537
1.475571
1.475604
1.475637
1.475671
1.475704
1.475737
1.475770
1.475804
1.475837
1.475870
1.475904
1.475937
1.475971
1.476004
1.476037
1.476070
1.476104
1.476137
1.476170
1.476204
1.476237
1.476270
1.476304
1.476337
1.476370
1.476404
1.476437
1.476470
1.476504
1.476537
1.476570
1.476604
1.476637
1.476670
1.476703
1.476737
1.476770
1.476804
1.476837
1.476870
1.476904
1.476937
1.476970
1.477003
1.477037
1.477070
1.477104
1.477137
1.477170
1.477203
1.477237
1.477270
1.477303
1.477337
1.477370
1.477404
1.477437
1.477470
1.477504
1.477537
1.477570
1.477603
1.477637
1.477670
1.477704
1.477737
1.477770
1.477804
1.477837
1.477870
1.477904
1.477937
1.477970
1.478004
1.478037
1.478070
1.478104
1.478137
1.478170
1.478204
1.478237
1.478270
1.478304
1.478337
1.478370
1.478404
1.478437
1.478470
1.478504
1.478537
1.478571
1.478604
1.478637
1.478671
1.478704
1.478737
1.478771
1.478804
1.478837
1.478871
1.478904
1.478937
1.478971
1.479004
1.479038
1.479071
1.479104
1.479138
1.479171
1.479204
1.479238
1.479271
1.479304
1.479338
1.479371
1.479404
1.479438
1.479471
1.479504
1.479538
1.479571
1.479605
1.479638
1.479671
1.479705
1.479738
1.479771
1.479805
1.479838
1.479871
1.479905
1.479938
1.479972
1.480005
1.480038
1.480072
1.480105
1.480138
1.480172
1.480205
1.480238
1.480272
1.480305
1.480339
1.480372
1.480405
1.480439
1.480472
1.480506
1.480539
1.480572
1.480606
1.480639
1.480672
1.480706
1.480739
1.480772
1.480806
1.480839
1.480872
1.480906
1.480939
1.480973
1.481006
1.481039
1.481073
1.481106
1.481139
1.481173
1.481206
1.481240
1.481273
1.481306
1.481340
1.481373
1.481406
1.481440
1.481473
1.481507
1.481540
1.481573
1.481607
1.481640
1.481674
1.481707
1.481740
1.481774
1.481807
1.481840
1.481874
1.481907
1.481941
1.481974
1.482007
1.482041
1.482074
1.482108
1.482141
1.482174
1.482208
1.482241
1.482274
1.482308
1.482341
1.482375
1.482408
1.482441
1.482475
1.482508
1.482542
1.482575
1.482608
1.482642
1.482675
1.482709
1.482742
1.482775
1.482809
1.482842
1.482875
1.482909
1.482942
1.482976
1.483009
1.483042
1.483076
1.483109
1.483143
1.483176
1.483209
1.483243
1.483276
1.483310
1.483343
1.483376
1.483410
1.483443
1.483477
1.483510
1.483544
1.483577
1.483610
1.483644
1.483677
1.483711
1.483744
1.483777
1.483811
1.483844
1.483878
1.483911
1.483944
1.483978
1.484011
1.484045
1.484078
1.484111
1.484145
1.484178
1.484212
1.484245
1.484278
1.484312
1.484345
1.484379
1.484412
1.484446
1.484479
1.484512
1.484546
1.484579
1.484612
1.484646
1.484679
1.484713
1.484746
1.484780
1.484813
1.484846
1.484880
1.484913
1.484947
1.484980
1.485014
1.485047
1.485080
1.485114
1.485147
1.485181
1.485214
1.485247
1.485281
1.485314
1.485348
1.485381
1.485415
1.485448
1.485481
1.485515
1.485548
1.485582
1.485615
1.485648
1.485682
1.485715
1.485749
1.485782
1.485816
1.485849
1.485882
1.485916
1.485949
1.485983
1.486016
1.486050
1.486083
1.486116
1.486150
1.486183
1.486217
1.486250
1.486284
1.486317
1.486351
1.486384
1.486417
1.486451
1.486484
1.486518
1.486551
1.486585
1.486618
1.486651
1.486685
1.486718
1.486752
1.486785
1.486818
1.486852
1.486885
1.486919
1.486952
1.486986
1.487019
1.487053
1.487086
1.487119
1.487153
1.487186
1.487220
1.487253
1.487287
1.487320
1.487354
1.487387
1.487420
1.487454
1.487487
1.487521
1.487554
1.487588
1.487621
1.487655
1.487688
1.487721
1.487755
1.487788
1.487822
1.487855
1.487889
1.487922
1.487956
1.487989
1.488022
1.488056
1.488089
1.488123
1.488156
1.488190
1.488223
1.488257
1.488290
1.488323
1.488357
1.488390
1.488424
1.488457
1.488491
1.488524
1.488558
1.488591
1.488625
1.488658
1.488692
1.488725
1.488758
1.488792
1.488825
1.488859
1.488892
1.488926
1.488959
1.488993
1.489026
1.489059
1.489093
1.489127
1.489160
1.489193
1.489227
1.489260
1.489294
1.489327
1.489361
1.489394
1.489428
1.489461
1.489494
1.489528
1.489561
1.489595
1.489628
1.489662
1.489695
1.489729
1.489762
1.489796
1.489829
1.489863
1.489896
1.489929
1.489963
1.489997
1.490030
1.490063
1.490097
1.490130
1.490164
1.490197
1.490231
1.490264
1.490298
1.490331
1.490365
1.490398
1.490432
1.490465
1.490498
1.490532
1.490565
1.490599
1.490632
1.490666
1.490699
1.490733
1.490766
1.490800
1.490833
1.490867
1.490900
1.490934
1.490967
1.491001
1.491034
1.491068
1.491101
1.491135
1.491168
1.491202
1.491235
1.491269
1.491302
1.491336
1.491369
1.491402
1.491436
1.491469
1.491503
1.491536
1.491570
1.491603
1.491637
1.491670
1.491704
1.491737
1.491771
1.491804
1.491838
1.491871
1.491905
1.491938
1.491972
1.492005
1.492039
1.492072
1.492106
1.492139
1.492173
1.492206
1.492240
1.492273
1.492307
1.492340
1.492374
1.492407
1.492441
1.492474
1.492508
1.492541
1.492575
1.492608
1.492642
1.492675
1.492709
1.492742
1.492776
1.492809
1.492843
1.492876
1.492910
1.492943
1.492977
1.493010
1.493044
1.493077
1.493111
1.493144
1.493178
1.493211
1.493245
1.493278
1.493312
1.493345
1.493379
1.493412
1.493446
1.493479
1.493513
1.493546
1.493580
1.493613
1.493647
1.493680
1.493714
1.493747
1.493781
1.493814
1.493848
1.493881
1.493915
1.493948
1.493982
1.494015
1.494049
1.494082
1.494116
1.494149
1.494183
1.494216
1.494250
1.494283
1.494317
1.494350
1.494384
1.494417
1.494451
1.494484
1.494518
1.494552
1.494585
1.494618
1.494652
1.494685
1.494719
1.494752
1.494786
1.494820
1.494853
1.494887
1.494920
1.494954
1.494987
1.495021
1.495054
1.495088
1.495121
1.495155
1.495188
1.495222
1.495255
1.495289
1.495323
1.495356
1.495389
1.495423
1.495457
1.495490
1.495524
1.495557
1.495591
1.495624
1.495658
1.495691
1.495725
1.495758
1.495792
1.495825
1.495859
1.495892
1.495926
1.495959
1.495993
1.496027
1.496060
1.496093
1.496127
1.496161
1.496194
1.496228
1.496261
1.496295
1.496328
1.496362
1.496395
1.496429
1.496462
1.496496
1.496529
1.496563
1.496597
1.496630
1.496664
1.496697
1.496731
1.496764
1.496798
1.496831
1.496865
1.496898
1.496932
1.496965
1.496999
1.497033
1.497066
1.497100
1.497133
1.497167
1.497200
1.497234
1.497267
1.497301
1.497334
1.497368
1.497402
1.497435
1.497469
1.497502
1.497536
1.497569
1.497603
1.497636
1.497670
1.497703
1.497737
1.497771
1.497804
1.497838
1.497871
1.497905
1.497938
1.497972
1.498005
1.498039
1.498073
1.498106
1.498140
1.498173
1.498207
1.498240
1.498274
1.498307
1.498341
1.498375
1.498408
1.498442
1.498475
1.498509
1.498542
1.498576
1.498609
1.498643
1.498677
1.498710
1.498744
1.498777
1.498811
1.498844
1.498878
1.498911
1.498945
1.498979
1.499012
1.499046
1.499079
1.499113
1.499147
1.499180
1.499214
1.499247
1.499281
1.499314
1.499348
1.499381
1.499415
1.499449
1.499482
1.499516
1.499549
1.499583
1.499616
1.499650
1.499683
1.499717
1.499751
1.499784
1.499818
1.499851
1.499885
1.499918
1.499952
1.499986
1.500019
1.500053
1.500086
1.500120
1.500154
1.500187
1.500221
1.500254
1.500288
1.500321
1.500355
1.500388
1.500422
1.500456
1.500489
1.500523
1.500556
1.500590
1.500624
1.500657
1.500691
1.500724
1.500758
1.500791
1.500825
1.500859
1.500892
1.500926
1.500959
1.500993
1.501026
1.501060
1.501094
1.501127
1.501161
1.501194
1.501228
1.501262
1.501295
1.501329
1.501362
1.501396
1.501429
1.501463
1.501497
1.501530
1.501564
1.501597
1.501631
1.501665
1.501698
1.501732
1.501765
1.501799
1.501832
1.501866
1.501900
1.501933
1.501967
1.502000
1.502034
1.502068
1.502101
1.502135
1.502168
1.502202
1.502236
1.502269
1.502303
1.502336
1.502370
1.502404
1.502437
1.502471
1.502504
1.502538
1.502572
1.502605
1.502639
1.502672
1.502706
1.502740
1.502773
1.502807
1.502840
1.502874
1.502908
1.502941
1.502975
1.503008
1.503042
1.503076
1.503109
1.503143
1.503176
1.503210
1.503244
1.503277
1.503311
1.503344
1.503378
1.503412
1.503445
1.503479
1.503513
1.503546
1.503580
1.503613
1.503647
1.503681
1.503714
1.503748
1.503781
1.503815
1.503849
1.503882
1.503916
1.503949
1.503983
1.504017
1.504050
1.504084
1.504118
1.504151
1.504185
1.504218
1.504252
1.504286
1.504319
1.504353
1.504386
1.504420
1.504454
1.504487
1.504521
1.504554
1.504588
1.504622
1.504655
1.504689
1.504723
1.504756
1.504790
1.504823
1.504857
1.504891
1.504924
1.504958
1.504992
1.505025
1.505059
1.505092
1.505126
1.505160
1.505193
1.505227
1.505261
1.505294
1.505328
1.505361
1.505395
1.505429
1.505462
1.505496
1.505530
1.505563
1.505597
1.505630
1.505664
1.505698
1.505731
1.505765
1.505798
1.505832
1.505866
1.505900
1.505933
1.505967
1.506000
1.506034
1.506068
1.506101
1.506135
1.506169
1.506202
1.506236
1.506269
1.506303
1.506337
1.506370
1.506404
1.506438
1.506471
1.506505
1.506538
1.506572
1.506606
1.506640
1.506673
1.506707
1.506740
1.506774
1.506808
1.506841
1.506875
1.506909
1.506942
1.506976
1.507010
1.507043
1.507077
1.507111
1.507144
1.507178
1.507211
1.507245
1.507279
1.507312
1.507346
1.507380
1.507413
1.507447
1.507481
1.507514
1.507548
1.507581
1.507615
1.507649
1.507683
1.507716
1.507750
1.507783
1.507817
1.507851
1.507884
1.507918
1.507952
1.507985
1.508019
1.508053
1.508086
1.508120
1.508154
1.508187
1.508221
1.508255
1.508288
1.508322
1.508356
1.508389
1.508423
1.508456
1.508490
1.508524
1.508558
1.508591
1.508625
1.508658
1.508692
1.508726
1.508759
1.508793
1.508827
1.508860
1.508894
1.508928
1.508961
1.508995
1.509029
1.509062
1.509096
1.509130
1.509164
1.509197
1.509231
1.509264
1.509298
1.509332
1.509365
1.509399
1.509433
1.509467
1.509500
1.509534
1.509567
1.509601
1.509635
1.509668
1.509702
1.509736
1.509770
1.509803
1.509837
1.509870
1.509904
1.509938
1.509971
1.510005
1.510039
1.510073
1.510106
1.510140
1.510174
1.510207
1.510241
1.510274
1.510308
1.510342
1.510376
1.510409
1.510443
1.510477
1.510510
1.510544
1.510578
1.510611
1.510645
1.510679
1.510712
1.510746
1.510780
1.510814
1.510847
1.510881
1.510914
1.510948
1.510982
1.511015
1.511049
1.511083
1.511116
1.511150
1.511184
1.511218
1.511251
1.511285
1.511319
1.511352
1.511386
1.511420
1.511453
1.511487
1.511521
1.511555
1.511588
1.511622
1.511656
1.511689
1.511723
1.511757
1.511790
1.511824
1.511858
1.511891
1.511925
1.511959
1.511993
1.512026
1.512060
1.512094
1.512127
1.512161
1.512195
1.512228
1.512262
1.512296
1.512329
1.512363
1.512397
1.512431
1.512464
1.512498
1.512532
1.512565
1.512599
1.512633
1.512666
1.512700
1.512734
1.512767
1.512801
1.512835
1.512869
1.512902
1.512936
1.512970
1.513003
1.513037
1.513071
1.513105
1.513138
1.513172
1.513206
1.513239
1.513273
1.513307
1.513340
1.513374
1.513408
1.513442
1.513475
1.513509
1.513543
1.513576
1.513610
1.513644
1.513678
1.513711
1.513745
1.513779
1.513812
1.513846
1.513880
1.513914
1.513947
1.513981
1.514015
1.514048
1.514082
1.514116
1.514150
1.514183
1.514217
1.514251
1.514284
1.514318
1.514352
1.514386
1.514419
1.514453
1.514487
1.514520
1.514554
1.514588
1.514622
1.514655
1.514689
1.514723
1.514757
1.514790
1.514824
1.514858
1.514891
1.514925
1.514959
1.514992
1.515026
1.515060
1.515094
1.515127
1.515161
1.515195
1.515229
1.515262
1.515296
1.515330
1.515364
1.515397
1.515431
1.515465
1.515498
1.515532
1.515566
1.515600
1.515633
1.515667
1.515701
1.515734
1.515768
1.515802
1.515836
1.515869
1.515903
1.515937
1.515971
1.516004
1.516038
1.516072
1.516106
1.516139
1.516173
1.516207
1.516241
1.516274
1.516308
1.516342
1.516375
1.516409
1.516443
1.516477
1.516510
1.516544
1.516578
1.516612
1.516645
1.516679
1.516713
1.516747
1.516780
1.516814
1.516848
1.516882
1.516915
1.516949
1.516983
1.517017
1.517050
1.517084
1.517118
1.517152
1.517185
1.517219
1.517253
1.517287
1.517320
1.517354
1.517388
1.517422
1.517455
1.517489
1.517523
1.517556
1.517590
1.517624
1.517658
1.517691
1.517725
1.517759
1.517793
1.517826
1.517860
1.517894
1.517928
1.517961
1.517995
1.518029
1.518063
1.518096
1.518130
1.518164
1.518198
1.518231
1.518265
1.518299
1.518333
1.518367
1.518400
1.518434
1.518468
1.518502
1.518535
1.518569
1.518603
1.518637
1.518670
1.518704
1.518738
1.518772
1.518806
1.518839
1.518873
1.518907
1.518941
1.518974
1.519008
1.519042
1.519076
1.519109
1.519143
1.519177
1.519211
1.519244
1.519278
1.519312
1.519346
1.519379
1.519413
1.519447
1.519481
1.519515
1.519548
1.519582
1.519616
1.519650
1.519683
1.519717
1.519751
1.519785
1.519818
1.519852
1.519886
1.519920
1.519954
1.519987
1.520021
1.520055
1.520089
1.520122
1.520156
1.520190
1.520224
1.520258
1.520291
1.520325
1.520359
1.520393
1.520426
1.520460
1.520494
1.520528
1.520562
1.520595
1.520629
1.520663
1.520697
1.520730
1.520764
1.520798
1.520832
1.520866
1.520899
1.520933
1.520967
1.521001
1.521035
1.521068
1.521102
1.521136
1.521170
1.521203
1.521237
1.521271
1.521305
1.521338
1.521372
1.521406
1.521440
1.521474
1.521507
1.521541
1.521575
1.521609
1.521642
1.521676
1.521710
1.521744
1.521778
1.521811
1.521845
1.521879
1.521913
1.521947
1.521981
1.522014
1.522048
1.522082
1.522116
1.522149
1.522183
1.522217
1.522251
1.522285
1.522318
1.522352
1.522386
1.522420
1.522454
1.522487
1.522521
1.522555
1.522589
1.522623
1.522656
1.522690
1.522724
1.522758
1.522792
1.522825
1.522859
1.522893
1.522927
1.522961
1.522994
1.523028
1.523062
1.523096
1.523130
1.523163
1.523197
1.523231
1.523265
1.523299
1.523332
1.523366
1.523400
1.523434
1.523468
1.523501
1.523535
1.523569
1.523603
1.523637
1.523671
1.523704
1.523738
1.523772
1.523806
1.523840
1.523873
1.523907
1.523941
1.523975
1.524008
1.524042
1.524076
1.524110
1.524144
1.524178
1.524211
1.524245
1.524279
1.524313
1.524347
1.524381
1.524414
1.524448
1.524482
1.524516
1.524550
1.524584
1.524617
1.524651
1.524685
1.524719
1.524753
1.524786
1.524820
1.524854
1.524888
1.524922
1.524955
1.524989
1.525023
1.525057
1.525091
1.525125
1.525159
1.525192
1.525226
1.525260
1.525294
1.525328
1.525361
1.525395
1.525429
1.525463
1.525497
1.525530
1.525564
1.525598
1.525632
1.525666
1.525700
1.525734
1.525767
1.525801
1.525835
1.525869
1.525903
1.525936
1.525970
1.526004
1.526038
1.526072
1.526106
1.526139
1.526173
1.526207
1.526241
1.526275
1.526309
1.526343
1.526376
1.526410
1.526444
1.526478
1.526512
1.526545
1.526579
1.526613
1.526647
1.526681
1.526715
1.526749
1.526782
1.526816
1.526850
1.526884
1.526918
1.526952
1.526985
1.527019
1.527053
1.527087
1.527121
1.527155
1.527188
1.527222
1.527256
1.527290
1.527324
1.527358
1.527392
1.527425
1.527459
1.527493
1.527527
1.527561
1.527595
1.527629
1.527662
1.527696
1.527730
1.527764
1.527798
1.527832
1.527865
1.527899
1.527933
1.527967
1.528001
1.528035
1.528069
1.528102
1.528136
1.528170
1.528204
1.528238
1.528272
1.528306
1.528339
1.528373
1.528407
1.528441
1.528475
1.528509
1.528543
1.528576
1.528610
1.528644
1.528678
1.528712
1.528746
1.528779
1.528813
1.528847
1.528881
1.528915
1.528949
1.528983
1.529017
1.529051
1.529084
1.529118
1.529152
1.529186
1.529220
1.529254
1.529287
1.529321
1.529355
1.529389
1.529423
1.529457
1.529491
1.529524
1.529558
1.529592
1.529626
1.529660
1.529694
1.529728
1.529762
1.529796
1.529829
1.529863
1.529897
1.529931
1.529965
1.529999
1.530033
1.530066
1.530100
1.530134
1.530168
1.530202
1.530236
1.530270
1.530303
1.530337
1.530371
1.530405
1.530439
1.530473
1.530507
1.530541
1.530574
1.530608
1.530642
1.530676
1.530710
1.530744
1.530778
1.530812
1.530845
1.530879
1.530913
1.530947
1.530981
1.531015
1.531049
1.531083
1.531117
1.531150
1.531184
1.531218
1.531252
1.531286
1.531320
1.531354
1.531388
1.531422
1.531455
1.531489
1.531523
1.531557
1.531591
1.531625
1.531659
1.531693
1.531727
1.531760
1.531794
1.531828
1.531862
1.531896
1.531930
1.531964
1.531998
1.532031
1.532065
1.532099
1.532133
1.532167
1.532201
1.532235
1.532269
1.532303
1.532336
1.532370
1.532404
1.532438
1.532472
1.532506
1.532540
1.532574
1.532608
1.532642
1.532675
1.532709
1.532743
1.532777
1.532811
1.532845
1.532879
1.532913
1.532947
1.532981
1.533015
1.533048
1.533082
1.533116
1.533150
1.533184
1.533218
1.533252
1.533286
1.533320
1.533354
1.533387
1.533421
1.533455
1.533489
1.533523
1.533557
1.533591
1.533625
1.533659
1.533693
1.533726
1.533760
1.533794
1.533828
1.533862
1.533896
1.533930
1.533964
1.533998
1.534032
1.534066
1.534100
1.534133
1.534167
1.534201
1.534235
1.534269
1.534303
1.534337
1.534371
1.534405
1.534439
1.534473
1.534506
1.534540
1.534574
1.534608
1.534642
1.534676
1.534710
1.534744
1.534778
1.534812
1.534846
1.534879
1.534913
1.534947
1.534981
1.535015
1.535049
1.535083
1.535117
1.535151
1.535185
1.535219
1.535253
1.535287
1.535320
1.535354
1.535388
1.535422
1.535456
1.535490
1.535524
1.535558
1.535592
1.535626
1.535660
1.535694
1.535728
1.535761
1.535795
1.535829
1.535863
1.535897
1.535931
1.535965
1.535999
1.536033
1.536067
1.536101
1.536135
1.536169
1.536202
1.536237
1.536270
1.536304
1.536338
1.536372
1.536406
1.536440
1.536474
1.536508
1.536542
1.536576
1.536610
1.536644
1.536678
1.536712
1.536746
1.536780
1.536813
1.536847
1.536881
1.536915
1.536949
1.536983
1.537017
1.537051
1.537085
1.537119
1.537153
1.537187
1.537221
1.537255
1.537289
1.537323
1.537357
1.537390
1.537424
1.537458
1.537492
1.537526
1.537560
1.537594
1.537628
1.537662
1.537696
1.537730
1.537764
1.537798
1.537832
1.537866
1.537900
1.537934
1.537968
1.538001
1.538035
1.538069
1.538103
1.538137
1.538171
1.538205
1.538239
1.538273
1.538307
1.538341
1.538375
1.538409
1.538443
1.538477
1.538511
1.538545
1.538579
1.538613
1.538647
1.538681
1.538715
1.538748
1.538782
1.538816
1.538850
1.538884
1.538918
1.538952
1.538986
1.539020
1.539054
1.539088
1.539122
1.539156
1.539190
1.539224
1.539258
1.539292
1.539326
1.539360
1.539394
1.539428
1.539462
1.539495
1.539529
1.539563
1.539597
1.539631
1.539665
1.539699
1.539733
1.539767
1.539801
1.539835
1.539869
1.539903
1.539937
1.539971
1.540005
1.540039
1.540073
1.540107
1.540141
1.540175
1.540209
1.540243
1.540277
1.540311
1.540345
1.540379
1.540413
1.540447
1.540481
1.540515
1.540549
1.540582
1.540617
1.540651
1.540684
1.540718
1.540752
1.540786
1.540820
1.540854
1.540888
1.540922
1.540956
1.540990
1.541024
1.541058
1.541092
1.541126
1.541160
1.541194
1.541228
1.541262
1.541296
1.541330
1.541364
1.541398
1.541432
1.541466
1.541500
1.541534
1.541568
1.541602
1.541636
1.541670
1.541704
1.541738
1.541772
1.541806
1.541840
1.541874
1.541908
1.541942
1.541976
1.542010
1.542044
1.542078
1.542112
1.542146
1.542180
1.542214
1.542248
1.542282
1.542316
1.542350
1.542384
1.542418
1.542452
1.542485
1.542519
1.542554
1.542588
1.542621
1.542655
1.542690
1.542724
1.542757
1.542791
1.542825
1.542860
1.542894
1.542927
1.542961
1.542995
1.543030
1.543063
1.543097
1.543131
1.543165
1.543200
1.543233
1.543267
1.543301
1.543335
1.543369
1.543403
1.543437
1.543472
1.543505
1.543539
1.543573
1.543607
1.543642
1.543675
1.543709
1.543744
1.543778
1.543811
1.543845
1.543879
1.543913
1.543947
1.543981
1.544015
1.544050
1.544084
1.544117
1.544151
1.544186
1.544220
1.544253
1.544288
1.544322
1.544356
1.544390
1.544424
1.544458
1.544492
1.544526
1.544560
1.544594
1.544628
1.544662
1.544696
1.544730
1.544764
1.544798
1.544832
1.544866
1.544900
1.544934
1.544968
1.545002
1.545036
1.545070
1.545104
1.545138
1.545172
1.545206
1.545240
1.545274
1.545308
1.545342
1.545376
1.545410
1.545444
1.545478
1.545512
1.545546
1.545580
1.545614
1.545648
1.545682
1.545716
1.545750
1.545784
1.545818
1.545852
1.545886
1.545920
1.545954
1.545988
1.546022
1.546056
1.546090
1.546124
1.546159
1.546192
1.546227
1.546261
1.546295
1.546329
1.546363
1.546397
1.546431
1.546465
1.546499
1.546533
1.546567
1.546601
1.546635
1.546669
1.546703
1.546737
1.546771
1.546805
1.546839
1.546873
1.546907
1.546941
1.546975
1.547009
1.547043
1.547077
1.547111
1.547145
1.547179
1.547214
1.547247
1.547282
1.547316
1.547350
1.547384
1.547418
1.547452
1.547486
1.547520
1.547554
1.547588
1.547622
1.547656
1.547690
1.547724
1.547758
1.547792
1.547826
1.547860
1.547894
1.547928
1.547962
1.547996
1.548030
1.548065
1.548099
1.548133
1.548167
1.548201
1.548235
1.548269
1.548303
1.548337
1.548371
1.548405
1.548439
1.548473
1.548507
1.548541
1.548575
1.548609
1.548643
1.548677
1.548712
1.548745
1.548780
1.548814
1.548848
1.548882
1.548916
1.548950
1.548984
1.549018
1.549052
1.549086
1.549120
1.549154
1.549188
1.549222
1.549256
1.549290
1.549324
1.549358
1.549392
1.549427
1.549461
1.549495
1.549529
1.549563
1.549597
1.549631
1.549665
1.549699
1.549733
1.549767
1.549801
1.549835
1.549869
1.549903
1.549937
1.549971
1.550006
1.550040
1.550074
1.550108
1.550142
1.550176
1.550210
1.550244
1.550278
1.550312
1.550346
1.550380
1.550414
1.550448
1.550483
1.550517
1.550551
1.550585
1.550619
1.550653
1.550687
1.550721
1.550755
1.550789
1.550823
1.550857
1.550891
1.550925
1.550960
1.550993
1.551028
1.551062
1.551096
1.551130
1.551164
1.551198
1.551232
1.551266
1.551300
1.551334
1.551368
1.551403
1.551436
1.551471
1.551505
1.551539
1.551573
1.551607
1.551641
1.551675
1.551709
1.551743
1.551777
1.551811
1.551845
1.551879
1.551914
1.551948
1.551982
1.552016
1.552050
1.552084
1.552118
1.552152
1.552186
1.552220
1.552254
1.552289
1.552323
1.552357
1.552391
1.552425
1.552459
1.552493
1.552527
1.552561
1.552595
1.552629
1.552663
1.552698
1.552732
1.552766
1.552800
1.552834
1.552868
1.552902
1.552936
1.552970
1.553004
1.553039
1.553072
1.553107
1.553141
1.553175
1.553209
1.553243
1.553277
1.553311
1.553345
1.553379
1.553413
1.553448
1.553482
1.553516
1.553550
1.553584
1.553618
1.553652
1.553686
1.553720
1.553754
1.553789
1.553823
1.553857
1.553891
1.553925
1.553959
1.553993
1.554027
1.554061
1.554096
1.554129
1.554164
1.554198
1.554232
1.554266
1.554300
1.554334
1.554368
1.554402
1.554436
1.554471
1.554505
1.554539
1.554573
1.554607
1.554641
1.554675
1.554709
1.554743
1.554778
1.554812
1.554846
1.554880
1.554914
1.554948
1.554982
1.555016
1.555050
1.555085
1.555119
1.555153
1.555187
1.555221
1.555255
1.555289
1.555323
1.555357
1.555392
1.555426
1.555460
1.555494
1.555528
1.555562
1.555596
1.555630
1.555664
1.555699
1.555733
1.555767
1.555801
1.555835
1.555869
1.555903
1.555937
1.555971
1.556006
1.556040
1.556074
1.556108
1.556142
1.556176
1.556210
1.556244
1.556279
1.556313
1.556347
1.556381
1.556415
1.556449
1.556483
1.556517
1.556552
1.556586
1.556620
1.556654
1.556688
1.556722
1.556756
1.556790
1.556825
1.556859
1.556893
1.556927
1.556961
1.556995
1.557029
1.557063
1.557098
1.557132
1.557166
1.557200
1.557234
1.557268
1.557302
1.557337
1.557371
1.557405
1.557439
1.557473
1.557507
1.557541
1.557575
1.557610
1.557644
1.557678
1.557712
1.557746
1.557780
1.557814
1.557849
1.557883
1.557917
1.557951
1.557985
1.558019
1.558053
1.558087
1.558122
1.558156
1.558190
1.558224
1.558258
1.558292
1.558326
1.558361
1.558395
1.558429
1.558463
1.558497
1.558531
1.558566
1.558600
1.558634
1.558668
1.558702
1.558736
1.558770
1.558804
1.558839
1.558873
1.558907
1.558941
1.558975
1.559009
1.559044
1.559078
1.559112
1.559146
1.559180
1.559214
1.559248
1.559282
1.559317
1.559351
1.559385
1.559419
1.559453
1.559487
1.559521
1.559556
1.559590
1.559624
1.559658
1.559692
1.559726
1.559761
1.559795
1.559829
1.559863
1.559897
1.559932
1.559965
1.560000
1.560034
1.560068
1.560102
1.560136
1.560170
1.560205
1.560239
1.560273
1.560307
1.560341
1.560375
1.560409
1.560444
1.560478
1.560512
1.560546
1.560580
1.560615
1.560649
1.560683
1.560717
1.560751
1.560785
1.560820
1.560854
1.560888
1.560922
1.560956
1.560990
1.561024
1.561059
1.561093
1.561127
1.561161
1.561195
1.561230
1.561264
1.561298
1.561332
1.561366
1.561400
1.561435
1.561469
1.561503
1.561537
1.561571
1.561605
1.561640
1.561674
1.561708
1.561742
1.561776
1.561810
1.561845
1.561879
1.561913
1.561947
1.561981
1.562016
1.562050
1.562084
1.562118
1.562152
1.562186
1.562220
1.562255
1.562289
1.562323
1.562357
1.562391
1.562426
1.562460
1.562494
1.562528
1.562562
1.562597
1.562631
1.562665
1.562699
1.562733
1.562767
1.562802
1.562836
1.562870
1.562904
1.562938
1.562972
1.563007
1.563041
1.563075
1.563109
1.563143
1.563178
1.563212
1.563246
1.563280
1.563314
1.563349
1.563383
1.563417
1.563451
1.563485
1.563520
1.563554
1.563588
1.563622
1.563656
1.563690
1.563725
1.563759
1.563793
1.563827
1.563861
1.563896
1.563930
1.563964
1.563998
1.564032
1.564067
1.564101
1.564135
1.564169
1.564203
1.564238
1.564272
1.564306
1.564340
1.564374
1.564408
1.564443
1.564477
1.564511
1.564545
1.564579
1.564614
1.564648
1.564682
1.564716
1.564751
1.564785
1.564819
1.564853
1.564887
1.564921
1.564956
1.564990
1.565024
1.565058
1.565092
1.565127
1.565161
1.565195
1.565229
1.565263
1.565298
1.565332
1.565366
1.565400
1.565435
1.565469
1.565503
1.565537
1.565571
1.565606
1.565640
1.565674
1.565708
1.565742
1.565777
1.565811
1.565845
1.565879
1.565913
1.565948
1.565982
1.566016
1.566050
1.566085
1.566119
1.566153
1.566187
1.566221
1.566255
1.566290
1.566324
1.566358
1.566393
1.566427
1.566461
1.566495
1.566529
1.566563
1.566598
1.566632
1.566666
1.566700
1.566735
1.566769
1.566803
1.566837
1.566871
1.566906
1.566940
1.566974
1.567008
1.567043
1.567077
1.567111
1.567145
1.567179
1.567214
1.567248
1.567282
1.567316
1.567350
1.567385
1.567419
1.567453
1.567487
1.567522
1.567556
1.567590
1.567624
1.567659
1.567693
1.567727
1.567761
1.567795
1.567830
1.567864
1.567898
1.567932
1.567967
1.568001
1.568035
1.568069
1.568104
1.568138
1.568172
1.568206
1.568240
1.568275
1.568309
1.568343
1.568377
1.568412
1.568446
1.568480
1.568514
1.568549
1.568583
1.568617
1.568651
1.568685
1.568720
1.568754
1.568788
1.568822
1.568857
1.568891
1.568925
1.568959
1.568994
1.569028
1.569062
1.569096
1.569131
1.569165
1.569199
1.569233
1.569268
1.569302
1.569336
1.569370
1.569405
1.569439
1.569473
1.569507
1.569542
1.569576
1.569610
1.569644
1.569679
1.569713
1.569747
1.569781
1.569816
1.569850
1.569884
1.569918
1.569952
1.569987
1.570021
1.570055
1.570089
1.570124
1.570158
1.570192
1.570226
1.570261
1.570295
1.570329
1.570363
1.570398
1.570432
1.570466
1.570500
1.570535
1.570569
1.570603
1.570637
1.570672
1.570706
1.570740
1.570774
1.570809
1.570843
1.570877
1.570911
1.570946
1.570980
1.571014
1.571049
1.571083
1.571117
1.571151
1.571186
1.571220
1.571254
1.571288
1.571323
1.571357
1.571391
1.571425
1.571460
1.571494
1.571528
1.571562
1.571597
1.571631
1.571665
1.571699
1.571734
1.571768
1.571802
1.571836
1.571871
1.571905
1.571939
1.571974
1.572008
1.572042
1.572076
1.572111
1.572145
1.572179
1.572214
1.572248
1.572282
1.572316
1.572351
1.572385
1.572419
1.572453
1.572488
1.572522
1.572556
1.572590
1.572625
1.572659
1.572693
1.572727
1.572762
1.572796
1.572830
1.572865
1.572899
1.572933
1.572967
1.573002
1.573036
1.573070
1.573105
1.573139
1.573173
1.573207
1.573242
1.573276
1.573310
1.573344
1.573379
1.573413
1.573447
1.573482
1.573516
1.573550
1.573585
1.573619
1.573653
1.573687
1.573722
1.573756
1.573790
1.573824
1.573859
1.573893
1.573927
1.573961
1.573996
1.574030
1.574064
1.574099
1.574133
1.574167
1.574202
1.574236
1.574270
1.574304
1.574339
1.574373
1.574407
1.574442
1.574476
1.574510
1.574544
1.574579
1.574613
1.574647
1.574681
1.574716
1.574750
1.574784
1.574819
1.574853
1.574887
1.574922
1.574956
1.574990
1.575024
1.575059
1.575093
1.575127
1.575162
1.575196
1.575230
1.575265
1.575299
1.575333
1.575367
1.575402
1.575436
1.575470
1.575505
1.575539
1.575573
1.575607
1.575642
1.575676
1.575710
1.575745
1.575779
1.575813
1.575848
1.575882
1.575916
1.575951
1.575985
1.576019
1.576053
1.576088
1.576122
1.576156
1.576191
1.576225
1.576259
1.576294
1.576328
1.576362
1.576396
1.576431
1.576465
1.576499
1.576534
1.576568
1.576602
1.576637
1.576671
1.576705
1.576740
1.576774
1.576808
1.576843
1.576877
1.576911
1.576945
1.576980
1.577014
1.577048
1.577083
1.577117
1.577151
1.577186
1.577220
1.577254
1.577289
1.577323
1.577357
1.577391
1.577426
1.577460
1.577494
1.577529
1.577563
1.577597
1.577632
1.577666
1.577700
1.577735
1.577769
1.577803
1.577838
1.577872
1.577906
1.577941
1.577975
1.578009
1.578043
1.578078
1.578112
1.578146
1.578181
1.578215
1.578250
1.578284
1.578318
1.578352
1.578387
1.578421
1.578455
1.578490
1.578524
1.578558
1.578593
1.578627
1.578661
1.578696
1.578730
1.578764
1.578799
1.578833
1.578867
1.578902
1.578936
1.578970
1.579005
1.579039
1.579073
1.579108
1.579142
1.579176
1.579211
1.579245
1.579279
1.579314
1.579348
1.579382
1.579417
1.579451
1.579485
1.579519
1.579554
1.579588
1.579623
1.579657
1.579691
1.579726
1.579760
1.579794
1.579829
1.579863
1.579897
1.579932
1.579966
1.580000
1.580035
1.580069
1.580103
1.580138
1.580172
1.580206
1.580241
1.580275
1.580309
1.580344
1.580378
1.580412
1.580447
1.580481
1.580515
1.580550
1.580584
1.580618
1.580653
1.580687
1.580721
1.580756
1.580790
1.580825
1.580859
1.580893
1.580927
1.580962
1.580996
1.581031
1.581065
1.581099
1.581134
1.581168
1.581202
1.581237
1.581271
1.581305
1.581340
1.581374
1.581408
1.581443
1.581477
1.581511
1.581546
1.581580
1.581614
1.581649
1.581683
1.581718
1.581752
1.581786
1.581821
1.581855
1.581889
1.581924
1.581958
1.581992
1.582027
1.582061
1.582095
1.582130
1.582164
1.582199
1.582233
1.582267
1.582302
1.582336
1.582370
1.582405
1.582439
1.582474
1.582508
1.582542
1.582576
1.582611
1.582645
1.582679
1.582714
1.582748
1.582783
1.582817
1.582851
1.582886
1.582920
1.582955
1.582989
1.583023
1.583058
1.583092
1.583126
1.583161
1.583195
1.583229
1.583264
1.583298
1.583333
1.583367
1.583401
1.583436
1.583470
1.583504
1.583539
1.583573
1.583607
1.583642
1.583676
1.583711
1.583745
1.583779
1.583814
1.583848
1.583882
1.583917
1.583951
1.583986
1.584020
1.584054
1.584089
1.584123
1.584158
1.584192
1.584226
1.584261
1.584295
1.584329
1.584364
1.584398
1.584433
1.584467
1.584501
1.584536
1.584570
1.584604
1.584639
1.584673
1.584707
1.584742
1.584776
1.584811
1.584845
1.584879
1.584914
1.584948
1.584983
1.585017
1.585051
1.585086
1.585120
1.585154
1.585189
1.585223
1.585258
1.585292
1.585326
1.585361
1.585395
1.585430
1.585464
1.585498
1.585533
1.585567
1.585601
1.585636
1.585670
1.585705
1.585739
1.585773
1.585808
1.585842
1.585877
1.585911
1.585945
1.585980
1.586014
1.586048
1.586083
1.586117
1.586152
1.586186
1.586220
1.586255
1.586289
1.586324
1.586358
1.586392
1.586427
1.586461
1.586496
1.586530
1.586564
1.586599
1.586633
1.586668
1.586702
1.586736
1.586771
1.586805
1.586840
1.586874
1.586908
1.586943
1.586977
1.587012
1.587046
1.587080
1.587115
1.587149
1.587184
1.587218
1.587252
1.587287
1.587321
1.587356
1.587390
1.587424
1.587459
1.587493
1.587528
1.587562
1.587596
1.587631
1.587665
1.587700
1.587734
1.587769
1.587803
1.587837
1.587872
1.587906
1.587940
1.587975
1.588009
1.588044
1.588078
1.588112
1.588147
1.588181
1.588216
1.588250
1.588285
1.588319
1.588354
1.588388
1.588422
1.588457
1.588491
1.588526
1.588560
1.588594
1.588629
1.588663
1.588697
1.588732
1.588766
1.588801
1.588835
1.588870
1.588904
1.588938
1.588973
1.589007
1.589042
1.589076
1.589111
1.589145
1.589179
1.589214
1.589248
1.589283
1.589317
1.589351
1.589386
1.589420
1.589455
1.589489
1.589524
1.589558
1.589593
1.589627
1.589661
1.589696
1.589730
1.589764
1.589799
1.589833
1.589868
1.589902
1.589937
1.589971
1.590006
1.590040
1.590074
1.590109
1.590143
1.590178
1.590212
1.590247
1.590281
1.590315
1.590350
1.590384
1.590419
1.590453
1.590488
1.590522
1.590556
1.590591
1.590625
1.590660
1.590694
1.590729
1.590763
1.590798
1.590832
1.590866
1.590901
1.590935
1.590970
1.591004
1.591038
1.591073
1.591107
1.591142
1.591176
1.591211
1.591245
1.591279
1.591314
1.591348
1.591383
1.591417
1.591452
1.591486
1.591521
1.591555
1.591589
1.591624
1.591658
1.591693
1.591727
1.591762
1.591796
1.591831
1.591865
1.591899
1.591934
1.591968
1.592003
1.592037
1.592072
1.592106
1.592141
1.592175
1.592209
1.592244
1.592278
1.592313
1.592347
1.592382
1.592416
1.592451
1.592485
1.592519
1.592554
1.592588
1.592623
1.592657
1.592692
1.592726
1.592761
1.592795
1.592830
1.592864
1.592899
1.592933
1.592967
1.593002
1.593036
1.593071
1.593105
1.593140
1.593174
1.593209
1.593243
1.593277
1.593312
1.593346
1.593381
1.593415
1.593450
1.593484
1.593519
1.593553
1.593588
1.593622
1.593657
1.593691
1.593725
1.593760
1.593794
1.593829
1.593863
1.593898
1.593932
1.593967
1.594001
1.594036
1.594070
1.594104
1.594139
1.594173
1.594208
1.594242
1.594277
1.594311
1.594346
1.594380
1.594415
1.594449
1.594483
1.594518
1.594553
1.594587
1.594621
1.594656
1.594690
1.594725
1.594759
1.594794
1.594828
1.594863
1.594897
1.594931
1.594966
1.595001
1.595035
1.595069
1.595104
1.595139
1.595173
1.595207
1.595242
1.595276
1.595311
1.595345
1.595380
1.595414
1.595449
1.595483
1.595518
1.595552
1.595587
1.595621
1.595655
1.595690
1.595725
1.595759
1.595794
1.595828
1.595862
1.595897
1.595931
1.595966
1.596000
1.596035
1.596069
1.596104
1.596138
1.596173
1.596207
1.596242
1.596276
1.596311
1.596345
1.596380
1.596414
1.596449
1.596483
1.596518
1.596552
1.596586
1.596621
1.596656
1.596690
1.596724
1.596759
1.596793
1.596828
1.596862
1.596897
1.596931
1.596966
1.597000
1.597035
1.597069
1.597104
1.597138
1.597173
1.597207
1.597242
1.597276
1.597311
1.597345
1.597380
1.597414
1.597449
1.597483
1.597518
1.597552
1.597587
1.597621
1.597656
1.597690
1.597725
1.597759
1.597794
1.597828
1.597863
1.597897
1.597932
1.597966
1.598001
1.598035
1.598070
1.598104
1.598139
1.598173
1.598208
1.598242
1.598277
1.598311
1.598346
1.598380
1.598415
1.598449
1.598484
1.598518
1.598553
1.598587
1.598622
1.598656
1.598690
1.598725
1.598760
1.598794
1.598828
1.598863
1.598898
1.598932
1.598967
1.599001
1.599036
1.599070
1.599105
1.599139
1.599173
1.599208
1.599243
1.599277
1.599312
1.599346
1.599381
1.599415
1.599450
1.599484
1.599519
1.599553
1.599588
1.599622
1.599657
1.599691
1.599726
1.599760
1.599795
1.599829
1.599864
1.599898
1.599933
1.599967
1.600002
1.600037
1.600071
1.600105
1.600140
1.600175
1.600209
1.600243
1.600278
1.600313
1.600347
1.600381
1.600416
1.600451
1.600485
1.600520
1.600554
1.600589
1.600623
1.600658
1.600692
1.600727
1.600761
1.600796
1.600830
1.600865
1.600899
1.600934
1.600968
1.601003
1.601037
1.601072
1.601106
1.601141
1.601176
1.601210
1.601245
1.601279
1.601314
1.601348
1.601383
1.601417
1.601452
1.601486
1.601521
1.601555
1.601590
1.601624
1.601659
1.601693
1.601728
1.601762
1.601797
1.601832
1.601866
1.601900
1.601935
1.601970
1.602004
1.602039
1.602073
1.602108
1.602142
1.602177
1.602211
1.602246
1.602280
1.602315
1.602349
1.602384
1.602419
1.602453
1.602488
1.602522
1.602557
1.602591
1.602626
1.602660
1.602695
1.602729
1.602764
1.602798
1.602833
1.602868
1.602902
1.602937
1.602971
1.603006
1.603040
1.603075
1.603109
1.603144
1.603178
1.603213
1.603247
1.603282
1.603317
1.603351
1.603386
1.603420
1.603455
1.603489
1.603524
1.603558
1.603593
1.603628
1.603662
1.603696
1.603731
1.603766
1.603800
1.603835
1.603869
1.603904
1.603938
1.603973
1.604007
1.604042
1.604076
1.604111
1.604146
1.604180
1.604215
1.604249
1.604284
1.604318
1.604353
1.604388
1.604422
1.604456
1.604491
1.604526
1.604560
1.604595
1.604629
1.604664
1.604699
1.604733
1.604767
1.604802
1.604837
1.604871
1.604906
1.604940
1.604975
1.605010
1.605044
1.605078
1.605113
1.605148
1.605182
1.605217
1.605251
1.605286
1.605321
1.605355
1.605390
1.605424
1.605459
1.605493
1.605528
1.605562
1.605597
1.605632
1.605666
1.605701
1.605735
1.605770
1.605804
1.605839
1.605873
1.605908
1.605943
1.605977
1.606012
1.606046
1.606081
1.606115
1.606150
1.606185
1.606219
1.606254
1.606288
1.606323
1.606357
1.606392
1.606426
1.606461
1.606496
1.606530
1.606565
1.606599
1.606634
1.606668
1.606703
1.606738
1.606772
1.606807
1.606841
1.606876
1.606910
1.606945
1.606980
1.607014
1.607049
1.607083
1.607118
1.607153
1.607187
1.607222
1.607256
1.607291
1.607325
1.607360
1.607395
1.607429
1.607464
1.607498
1.607533
1.607567
1.607602
1.607636
1.607671
1.607706
1.607740
1.607775
1.607809
1.607844
1.607879
1.607913
1.607948
1.607982
1.608017
1.608052
1.608086
1.608121
1.608155
1.608190
1.608224
1.608259
1.608294
1.608328
1.608363
1.608397
1.608432
1.608467
1.608501
1.608536
1.608570
1.608605
1.608639
1.608674
1.608709
1.608743
1.608778
1.608812
1.608847
1.608882
1.608916
1.608951
1.608985
1.609020
1.609055
1.609089
1.609124
1.609158
1.609193
1.609227
1.609262
1.609297
1.609331
1.609366
1.609401
1.609435
1.609470
1.609504
1.609539
1.609573
1.609608
1.609643
1.609677
1.609712
1.609746
1.609781
1.609816
1.609850
1.609885
1.609919
1.609954
1.609989
1.610023
1.610058
1.610092
1.610127
1.610162
1.610196
1.610231
1.610265
1.610300
1.610335
1.610369
1.610404
1.610438
1.610473
1.610507
1.610542
1.610577
1.610611
1.610646
1.610681
1.610715
1.610750
1.610784
1.610819
1.610854
1.610888
1.610923
1.610958
1.610992
1.611027
1.611061
1.611096
1.611130
1.611165
1.611200
1.611234
1.611269
1.611303
1.611338
1.611373
1.611407
1.611442
1.611476
1.611511
1.611546
1.611580
1.611615
1.611650
1.611684
1.611719
1.611753
1.611788
1.611823
1.611857
1.611892
1.611927
1.611961
1.611996
1.612030
1.612065
1.612100
1.612134
1.612169
1.612203
1.612238
1.612273
1.612307
1.612342
1.612377
1.612411
1.612446
1.612480
1.612515
1.612550
1.612584
1.612619
1.612653
1.612688
1.612723
1.612757
1.612792
1.612827
1.612861
1.612896
1.612931
1.612965
1.613000
1.613034
1.613069
1.613104
1.613138
1.613173
1.613208
1.613242
1.613277
1.613311
1.613346
1.613381
1.613415
1.613450
1.613485
1.613519
1.613554
1.613588
1.613623
1.613658
1.613692
1.613727
1.613761
1.613796
1.613831
1.613865
1.613900
1.613935
1.613969
1.614004
1.614038
1.614073
1.614108
1.614143
1.614177
1.614212
1.614246
1.614281
1.614316
1.614350
1.614385
1.614420
1.614454
1.614489
1.614523
1.614558
1.614593
1.614627
1.614662
1.614697
1.614731
1.614766
1.614801
1.614835
1.614870
1.614905
1.614939
1.614974
1.615008
1.615043
1.615078
1.615112
1.615147
1.615182
1.615216
1.615251
1.615286
1.615320
1.615355
1.615389
1.615424
1.615459
1.615494
1.615528
1.615563
1.615597
1.615632
1.615667
1.615701
1.615736
1.615771
1.615805
1.615840
1.615874
1.615909
1.615944
1.615978
1.616013
1.616048
1.616082
1.616117
1.616152
1.616186
1.616221
1.616256
1.616290
1.616325
1.616360
1.616394
1.616429
1.616464
1.616498
1.616533
1.616568
1.616602
1.616637
1.616671
1.616706
1.616741
1.616775
1.616810
1.616845
1.616880
1.616914
1.616949
1.616983
1.617018
1.617053
1.617087
1.617122
1.617157
1.617192
1.617226
1.617261
1.617295
1.617330
1.617365
1.617399
1.617434
1.617469
1.617503
1.617538
1.617573
1.617607
1.617642
1.617677
1.617711
1.617746
1.617781
1.617815
1.617850
1.617885
1.617919
1.617954
1.617989
1.618023
1.618058
1.618093
1.618127
1.618162
1.618197
1.618231
1.618266
1.618300
1.618335
1.618370
1.618405
1.618439
1.618474
1.618509
1.618543
1.618578
1.618613
1.618647
1.618682
1.618717
1.618751
1.618786
1.618821
1.618855
1.618890
1.618925
1.618959
1.618994
1.619029
1.619063
1.619098
1.619133
1.619167
1.619202
1.619237
1.619271
1.619306
1.619341
1.619375
1.619410
1.619445
1.619479
1.619514
1.619549
1.619584
1.619618
1.619653
1.619687
1.619722
1.619757
1.619792
1.619826
1.619861
1.619896
1.619930
1.619965
1.620000
1.620034
1.620069
1.620104
1.620138
1.620173
1.620208
1.620242
1.620277
1.620312
1.620347
1.620381
1.620416
1.620451
1.620485
1.620520
1.620555
1.620589
1.620624
1.620659
1.620693
1.620728
1.620763
1.620798
1.620832
1.620867
1.620901
1.620936
1.620971
1.621005
1.621040
1.621075
1.621110
1.621144
1.621179
1.621214
1.621248
1.621283
1.621318
1.621352
1.621387
1.621422
1.621456
1.621491
1.621526
1.621561
1.621595
1.621630
1.621665
1.621699
1.621734
1.621769
1.621803
1.621838
1.621873
1.621908
1.621942
1.621977
1.622012
1.622047
1.622081
1.622116
1.622151
1.622185
1.622220
1.622255
1.622289
1.622324
1.622359
1.622393
1.622428
1.622463
1.622498
1.622532
1.622567
1.622602
1.622636
1.622671
1.622706
1.622740
1.622775
1.622810
1.622845
1.622879
1.622914
1.622949
1.622983
1.623018
1.623053
1.623088
1.623122
1.623157
1.623192
1.623226
1.623261
1.623296
1.623330
1.623365
1.623400
1.623434
1.623469
1.623504
1.623539
1.623574
1.623608
1.623643
1.623678
1.623712
1.623747
1.623782
1.623816
1.623851
1.623886
1.623921
1.623955
1.623990
1.624025
1.624059
1.624094
1.624129
1.624164
1.624198
1.624233
1.624268
1.624302
1.624337
1.624372
1.624407
1.624441
1.624476
1.624511
1.624545
1.624580
1.624615
1.624650
1.624684
1.624719
1.624754
1.624789
1.624823
1.624858
1.624893
1.624927
1.624962
1.624997
1.625032
1.625066
1.625101
1.625136
1.625170
1.625205
1.625240
1.625275
1.625309
1.625344
1.625379
1.625414
1.625448
1.625483
1.625518
1.625553
1.625587
1.625622
1.625657
1.625691
1.625726
1.625761
1.625796
1.625830
1.625865
1.625900
1.625934
1.625969
1.626004
1.626039
1.626073
1.626108
1.626143
1.626178
1.626212
1.626247
1.626282
1.626317
1.626351
1.626386
1.626421
1.626456
1.626490
1.626525
1.626560
1.626594
1.626629
1.626664
1.626699
1.626733
1.626768
1.626803
1.626838
1.626872
1.626907
1.626942
1.626976
1.627011
1.627046
1.627081
1.627115
1.627150
1.627185
1.627220
1.627254
1.627289
1.627324
1.627359
1.627394
1.627428
1.627463
1.627498
1.627533
1.627567
1.627602
1.627637
1.627671
1.627706
1.627741
1.627776
1.627810
1.627845
1.627880
1.627915
1.627949
1.627984
1.628019
1.628054
1.628088
1.628123
1.628158
1.628193
1.628227
1.628262
1.628297
1.628331
1.628366
1.628401
1.628436
1.628471
1.628505
1.628540
1.628575
1.628610
1.628644
1.628679
1.628714
1.628749
1.628783
1.628818
1.628853
1.628888
1.628922
1.628957
1.628992
1.629027
1.629062
1.629096
1.629131
1.629166
1.629201
1.629235
1.629270
1.629305
1.629340
1.629374
1.629409
1.629444
1.629479
1.629513
1.629548
1.629583
1.629618
1.629652
1.629687
1.629722
1.629757
1.629791
1.629826
1.629861
1.629896
1.629930
1.629965
1.630000
1.630035
1.630070
1.630104
1.630139
1.630174
1.630209
1.630243
1.630278
1.630313
1.630348
1.630382
1.630417
1.630452
1.630487
1.630521
1.630556
1.630591
1.630626
1.630661
1.630695
1.630730
1.630765
1.630800
1.630834
1.630869
1.630904
1.630939
1.630973
1.631008
1.631043
1.631078
1.631113
1.631147
1.631182
1.631217
1.631252
1.631286
1.631321
1.631356
1.631391
1.631426
1.631460
1.631495
1.631530
1.631565
1.631599
1.631634
1.631669
1.631704
1.631739
1.631773
1.631808
1.631843
1.631878
1.631912
1.631947
1.631982
1.632017
1.632052
1.632086
1.632121
1.632156
1.632191
1.632226
1.632260
1.632295
1.632330
1.632365
1.632399
1.632434
1.632469
1.632504
1.632539
1.632573
1.632608
1.632643
1.632678
1.632713
1.632747
1.632782
1.632817
1.632852
1.632886
1.632921
1.632956
1.632991
1.633026
1.633060
1.633095
1.633130
1.633165
1.633199
1.633234
1.633269
1.633304
1.633339
1.633373
1.633408
1.633443
1.633478
1.633513
1.633547
1.633582
1.633617
1.633652
1.633687
1.633721
1.633756
1.633791
1.633826
1.633860
1.633895
1.633930
1.633965
1.634000
1.634035
1.634069
1.634104
1.634139
1.634174
1.634209
1.634243
1.634278
1.634313
1.634348
1.634383
1.634417
1.634452
1.634487
1.634522
1.634557
1.634591
1.634626
1.634661
1.634696
1.634730
1.634765
1.634800
1.634835
1.634870
1.634904
1.634939
1.634974
1.635009
1.635044
1.635078
1.635113
1.635148
1.635183
1.635218
1.635253
1.635287
1.635322
1.635357
1.635392
1.635427
1.635462
1.635496
1.635531
1.635566
1.635601
1.635636
1.635670
1.635705
1.635740
1.635775
1.635809
1.635844
1.635879
1.635914
1.635949
1.635984
1.636018
1.636053
1.636088
1.636123
1.636158
1.636193
1.636227
1.636262
1.636297
1.636332
1.636367
1.636401
1.636436
1.636471
1.636506
1.636541
1.636575
1.636610
1.636645
1.636680
1.636715
1.636750
1.636784
1.636819
1.636854
1.636889
1.636924
1.636958
1.636993
1.637028
1.637063
1.637098
1.637133
1.637168
1.637202
1.637237
1.637272
1.637307
1.637341
1.637376
1.637411
1.637446
1.637481
1.637516
1.637550
1.637585
1.637620
1.637655
1.637690
1.637725
1.637759
1.637794
1.637829
1.637864
1.637899
1.637933
1.637968
1.638003
1.638038
1.638073
1.638108
1.638142
1.638177
1.638212
1.638247
1.638282
1.638317
1.638352
1.638386
1.638421
1.638456
1.638491
1.638526
1.638560
1.638595
1.638630
1.638665
1.638700
1.638735
1.638769
1.638804
1.638839
1.638874
1.638909
1.638944
1.638979
1.639013
1.639048
1.639083
1.639118
1.639153
1.639187
1.639222
1.639257
1.639292
1.639327
1.639362
1.639397
1.639431
1.639466
1.639501
1.639536
1.639571
1.639606
1.639640
1.639675
1.639710
1.639745
1.639780
1.639815
1.639849
1.639884
1.639919
1.639954
1.639989
1.640024
1.640059
1.640093
1.640128
1.640163
1.640198
1.640233
1.640268
1.640302
1.640337
1.640372
1.640407
1.640442
1.640477
1.640512
1.640546
1.640581
1.640616
1.640651
1.640686
1.640721
1.640756
1.640790
1.640825
1.640860
1.640895
1.640930
1.640965
1.640999
1.641034
1.641069
1.641104
1.641139
1.641174
1.641209
1.641243
1.641278
1.641313
1.641348
1.641383
1.641418
1.641453
1.641487
1.641522
1.641557
1.641592
1.641627
1.641662
1.641697
1.641732
1.641766
1.641801
1.641836
1.641871
1.641906
1.641940
1.641975
1.642010
1.642045
1.642080
1.642115
1.642150
1.642185
1.642219
1.642254
1.642289
1.642324
1.642359
1.642394
1.642429
1.642464
1.642498
1.642533
1.642568
1.642603
1.642638
1.642673
1.642707
1.642742
1.642777
1.642812
1.642847
1.642882
1.642917
1.642952
1.642986
1.643021
1.643056
1.643091
1.643126
1.643161
1.643196
1.643231
1.643266
1.643300
1.643335
1.643370
1.643405
1.643440
1.643475
1.643510
1.643544
1.643579
1.643614
1.643649
1.643684
1.643719
1.643754
1.643789
1.643823
1.643858
1.643893
1.643928
1.643963
1.643998
1.644033
1.644067
1.644102
1.644137
1.644172
1.644207
1.644242
1.644277
1.644312
1.644347
1.644381
1.644416
1.644451
1.644486
1.644521
1.644556
1.644591
1.644626
1.644661
1.644695
1.644730
1.644765
1.644800
1.644835
1.644870
1.644905
1.644940
1.644974
1.645009
1.645044
1.645079
1.645114
1.645149
1.645184
1.645219
1.645254
1.645288
1.645323
1.645358
1.645393
1.645428
1.645463
1.645498
1.645533
1.645568
1.645602
1.645637
1.645672
1.645707
1.645742
1.645777
1.645812
1.645847
1.645882
1.645916
1.645951
1.645986
1.646021
1.646056
1.646091
1.646126
1.646161
1.646195
1.646230
1.646265
1.646300
1.646335
1.646370
1.646405
1.646440
1.646475
1.646510
1.646544
1.646579
1.646614
1.646649
1.646684
1.646719
1.646754
1.646789
1.646824
1.646859
1.646893
1.646928
1.646963
1.646998
1.647033
1.647068
1.647103
1.647138
1.647173
1.647208
1.647243
1.647277
1.647312
1.647347
1.647382
1.647417
1.647452
1.647487
1.647522
1.647557
1.647591
1.647626
1.647661
1.647696
1.647731
1.647766
1.647801
1.647836
1.647871
1.647906
1.647941
1.647976
1.648010
1.648045
1.648080
1.648115
1.648150
1.648185
1.648220
1.648255
1.648290
1.648325
1.648359
1.648394
1.648429
1.648464
1.648499
1.648534
1.648569
1.648604
1.648639
1.648674
1.648709
1.648744
1.648778
1.648813
1.648848
1.648883
1.648918
1.648953
1.648988
1.649023
1.649058
1.649093
1.649128
1.649162
1.649197
1.649232
1.649267
1.649302
1.649337
1.649372
1.649407
1.649442
1.649477
1.649512
1.649547
1.649581
1.649616
1.649651
1.649686
1.649721
1.649756
1.649791
1.649826
1.649861
1.649896
1.649931
1.649966
1.650001
1.650035
1.650070
1.650105
1.650140
1.650175
1.650210
1.650245
1.650280
1.650315
1.650350
1.650385
1.650420
1.650455
1.650490
1.650524
1.650559
1.650594
1.650629
1.650664
1.650699
1.650734
1.650769
1.650804
1.650839
1.650874
1.650909
1.650944
1.650979
1.651013
1.651049
1.651083
1.651118
1.651153
1.651188
1.651223
1.651258
1.651293
1.651328
1.651363
1.651398
1.651433
1.651468
1.651503
1.651538
1.651572
1.651607
1.651642
1.651677
1.651712
1.651747
1.651782
1.651817
1.651852
1.651887
1.651922
1.651957
1.651992
1.652026
1.652062
1.652096
1.652132
1.652166
1.652201
1.652236
1.652271
1.652306
1.652341
1.652376
1.652411
1.652446
1.652481
1.652516
1.652551
1.652586
1.652621
1.652656
1.652691
1.652725
1.652761
1.652795
1.652830
1.652865
1.652900
1.652935
1.652970
1.653005
1.653040
1.653075
1.653110
1.653145
1.653180
1.653215
1.653250
1.653285
1.653320
1.653355
1.653390
1.653424
1.653459
1.653494
1.653529
1.653564
1.653599
1.653634
1.653669
1.653704
1.653739
1.653774
1.653809
1.653844
1.653879
1.653914
1.653949
1.653984
1.654018
1.654053
1.654088
1.654123
1.654159
1.654193
1.654228
1.654263
1.654298
1.654333
1.654368
1.654403
1.654438
1.654473
1.654508
1.654543
1.654578
1.654613
1.654648
1.654683
1.654718
1.654753
1.654788
1.654823
1.654858
1.654893
1.654928
1.654962
1.654997
1.655032
1.655067
1.655102
1.655137
1.655172
1.655207
1.655242
1.655277
1.655312
1.655347
1.655382
1.655417
1.655452
1.655487
1.655522
1.655557
1.655592
1.655627
1.655662
1.655697
1.655732
1.655767
1.655802
1.655837
1.655871
1.655907
1.655942
1.655977
1.656011
1.656046
1.656081
1.656116
1.656151
1.656186
1.656221
1.656256
1.656291
1.656326
1.656361
1.656396
1.656431
1.656466
1.656501
1.656536
1.656571
1.656606
1.656641
1.656676
1.656711
1.656746
1.656781
1.656816
1.656851
1.656886
1.656921
1.656956
1.656991
1.657026
1.657061
1.657096
1.657131
1.657166
1.657201
1.657235
1.657270
1.657305
1.657341
1.657376
1.657410
1.657445
1.657480
1.657516
1.657550
1.657585
1.657620
1.657655
1.657690
1.657725
1.657760
1.657795
1.657830
1.657865
1.657900
1.657935
1.657970
1.658005
1.658040
1.658075
1.658110
1.658145
1.658180
1.658215
1.658250
1.658285
1.658320
1.658355
1.658390
1.658425
1.658460
1.658495
1.658530
1.658565
1.658600
1.658635
1.658670
1.658705
1.658740
1.658775
1.658810
1.658845
1.658880
1.658915
1.658950
1.658985
1.659020
1.659055
1.659090
1.659125
1.659160
1.659195
1.659230
1.659265
1.659300
1.659335
1.659370
1.659405
1.659440
1.659475
1.659510
1.659545
1.659580
1.659615
1.659650
1.659685
1.659720
1.659755
1.659790
1.659825
1.659860
1.659895
1.659930
1.659965
1.660000
1.660035
1.660070
1.660105
1.660140
1.660175
1.660210
1.660245
1.660280
1.660315
1.660350
1.660385
1.660420
1.660455
1.660490
1.660525
1.660560
1.660595
1.660630
1.660665
1.660700
1.660735
1.660770
1.660805
1.660840
1.660875
1.660910
1.660945
1.660980
1.661015
1.661050
1.661085
1.661120
1.661155
1.661190
1.661225
1.661260
1.661295
1.661330
1.661365
1.661400
1.661435
1.661470
1.661505
1.661540
1.661575
1.661610
1.661645
1.661680
1.661715
1.661750
1.661785
1.661820
1.661855
1.661890
1.661925
1.661960
1.661995
1.662030
1.662065
1.662100
1.662135
1.662170
1.662205
1.662240
1.662275
1.662310
1.662345
1.662380
1.662416
1.662451
1.662485
1.662520
1.662556
1.662591
1.662625
1.662661
1.662696
1.662731
1.662765
1.662801
1.662836
1.662871
1.662906
1.662941
1.662976
1.663011
1.663046
1.663081
1.663116
1.663151
1.663186
1.663221
1.663256
1.663291
1.663326
1.663361
1.663396
1.663431
1.663466
1.663501
1.663536
1.663571
1.663606
1.663641
1.663676
1.663711
1.663746
1.663781
1.663816
1.663851
1.663886
1.663921
1.663957
1.663992
1.664027
1.664062
1.664097
1.664132
1.664167
1.664202
1.664237
1.664272
1.664307
1.664342
1.664377
1.664412
1.664447
1.664482
1.664517
1.664552
1.664587
1.664622
1.664657
1.664692
1.664727
1.664762
1.664797
1.664832
1.664867
1.664902
1.664937
1.664973
1.665008
1.665043
1.665078
1.665113
1.665148
1.665183
1.665218
1.665253
1.665288
1.665323
1.665358
1.665393
1.665428
1.665463
1.665498
1.665533
1.665568
1.665603
1.665638
1.665673
1.665708
1.665743
1.665778
1.665814
1.665848
1.665884
1.665919
1.665954
1.665989
1.666024
1.666059
1.666094
1.666129
1.666164
1.666199
1.666234
1.666269
1.666304
1.666339
1.666374
1.666409
1.666444
1.666479
1.666515
1.666550
1.666585
1.666619
1.666655
1.666690
1.666725
1.666760
1.666795
1.666830
1.666865
1.666900
1.666935
1.666970
1.667005
1.667040
1.667075
1.667110
1.667145
1.667180
1.667216
1.667251
1.667286
1.667321
1.667356
1.667391
1.667426
1.667461
1.667496
1.667531
1.667566
1.667601
1.667636
1.667671
1.667706
1.667741
1.667776
1.667812
1.667846
1.667882
1.667917
1.667952
1.667987
1.668022
1.668057
1.668092
1.668127
1.668162
1.668197
1.668232
1.668267
1.668302
1.668337
1.668373
1.668408
1.668443
1.668478
1.668513
1.668548
1.668583
1.668618
1.668653
1.668688
1.668723
1.668758
1.668793
1.668828
1.668863
1.668899
1.668933
1.668969
1.669004
1.669039
1.669074
1.669109
1.669144
1.669179
1.669214
1.669249
1.669284
1.669319
1.669355
1.669389
1.669424
1.669460
1.669495
1.669530
1.669565
1.669600
1.669635
1.669670
1.669705
1.669740
1.669775
1.669810
1.669845
1.669880
1.669916
1.669951
1.669986
1.670021
1.670056
1.670091
1.670126
1.670161
1.670196
1.670231
1.670266
1.670302
1.670336
1.670372
1.670407
1.670442
1.670477
1.670512
1.670547
1.670582
1.670617
1.670652
1.670687
1.670722
1.670758
1.670792
1.670828
1.670863
1.670898
1.670933
1.670968
1.671003
1.671038
1.671073
1.671108
1.671143
1.671178
1.671214
1.671249
1.671284
1.671319
1.671354
1.671389
1.671424
1.671459
1.671494
1.671529
1.671564
1.671599
1.671635
1.671670
1.671705
1.671740
1.671775
1.671810
1.671845
1.671880
1.671915
1.671950
1.671986
1.672021
1.672056
1.672091
1.672126
1.672161
1.672196
1.672231
1.672266
1.672301
1.672336
1.672372
1.672407
1.672442
1.672477
1.672512
1.672547
1.672582
1.672617
1.672652
1.672687
1.672722
1.672758
1.672793
1.672828
1.672863
1.672898
1.672933
1.672968
1.673003
1.673038
1.673074
1.673108
1.673144
1.673179
1.673214
1.673249
1.673284
1.673319
1.673354
1.673389
1.673424
1.673460
1.673495
1.673530
1.673565
1.673600
1.673635
1.673670
1.673705
1.673740
1.673775
1.673811
1.673846
1.673881
1.673916
1.673951
1.673986
1.674021
1.674056
1.674091
1.674127
1.674162
1.674197
1.674232
1.674267
1.674302
1.674337
1.674372
1.674407
1.674443
1.674477
1.674513
1.674548
1.674583
1.674618
1.674653
1.674688
1.674723
1.674759
1.674793
1.674829
1.674864
1.674899
1.674934
1.674969
1.675004
1.675039
1.675075
1.675110
1.675145
1.675180
1.675215
1.675250
1.675285
1.675320
1.675355
1.675390
1.675426
1.675461
1.675496
1.675531
1.675566
1.675601
1.675636
1.675672
1.675707
1.675742
1.675777
1.675812
1.675847
1.675882
1.675917
1.675952
1.675988
1.676023
1.676058
1.676093
1.676128
1.676163
1.676198
1.676233
1.676269
1.676304
1.676339
1.676374
1.676409
1.676444
1.676479
1.676514
1.676550
1.676585
1.676620
1.676655
1.676690
1.676725
1.676760
1.676795
1.676831
1.676866
1.676901
1.676936
1.676971
1.677006
1.677041
1.677076
1.677112
1.677147
1.677182
1.677217
1.677252
1.677287
1.677322
1.677357
1.677392
1.677428
1.677463
1.677498
1.677533
1.677568
1.677603
1.677638
1.677674
1.677709
1.677744
1.677779
1.677814
1.677849
1.677884
1.677920
1.677955
1.677990
1.678025
1.678060
1.678095
1.678130
1.678165
1.678201
1.678236
1.678271
1.678306
1.678341
1.678376
1.678411
1.678447
1.678482
1.678517
1.678552
1.678587
1.678622
1.678657
1.678692
1.678728
1.678763
1.678798
1.678833
1.678868
1.678903
1.678938
1.678974
1.679009
1.679044
1.679079
1.679114
1.679149
1.679185
1.679220
1.679255
1.679290
1.679325
1.679360
1.679395
1.679431
1.679466
1.679501
1.679536
1.679571
1.679606
1.679641
1.679677
1.679712
1.679747
1.679782
1.679817
1.679852
1.679887
1.679923
1.679958
1.679993
1.680028
1.680063
1.680098
1.680134
1.680169
1.680204
1.680239
1.680274
1.680309
1.680344
1.680380
1.680415
1.680450
1.680485
1.680520
1.680555
1.680591
1.680626
1.680661
1.680696
1.680731
1.680766
1.680801
1.680837
1.680872
1.680907
1.680942
1.680977
1.681012
1.681048
1.681083
1.681118
1.681153
1.681188
1.681223
1.681258
1.681294
1.681329
1.681364
1.681399
1.681434
1.681469
1.681505
1.681540
1.681575
1.681610
1.681645
1.681681
1.681716
1.681751
1.681786
1.681821
1.681856
1.681891
1.681927
1.681962
1.681997
1.682032
1.682067
1.682102
1.682138
1.682173
1.682208
1.682243
1.682278
1.682313
1.682348
1.682384
1.682419
1.682454
1.682489
1.682524
1.682560
1.682595
1.682630
1.682665
1.682700
1.682735
1.682771
1.682806
1.682841
1.682876
1.682911
1.682946
1.682982
1.683017
1.683052
1.683087
1.683122
1.683158
1.683193
1.683228
1.683263
1.683298
1.683333
1.683369
1.683404
1.683439
1.683474
1.683509
1.683544
1.683579
1.683615
1.683650
1.683685
1.683720
1.683755
1.683791
1.683826
1.683861
1.683896
1.683931
1.683967
1.684002
1.684037
1.684072
1.684107
1.684143
1.684178
1.684213
1.684248
1.684283
1.684318
1.684353
1.684389
1.684424
1.684459
1.684494
1.684529
1.684565
1.684600
1.684635
1.684670
1.684705
1.684741
1.684776
1.684811
1.684846
1.684881
1.684916
1.684952
1.684987
1.685022
1.685057
1.685092
1.685128
1.685163
1.685198
1.685233
1.685268
1.685303
1.685339
1.685374
1.685409
1.685444
1.685479
1.685515
1.685550
1.685585
1.685620
1.685655
1.685691
1.685726
1.685761
1.685796
1.685831
1.685867
1.685902
1.685937
1.685972
1.686007
1.686042
1.686078
1.686113
1.686148
1.686183
1.686218
1.686254
1.686289
1.686324
1.686359
1.686394
1.686430
1.686465
1.686500
1.686535
1.686570
1.686606
1.686641
1.686676
1.686711
1.686746
1.686782
1.686817
1.686852
1.686887
1.686922
1.686958
1.686993
1.687028
1.687063
1.687099
1.687134
1.687169
1.687204
1.687239
1.687274
1.687310
1.687345
1.687380
1.687415
1.687450
1.687486
1.687521
1.687556
1.687591
1.687626
1.687662
1.687697
1.687732
1.687767
1.687803
1.687838
1.687873
1.687908
1.687943
1.687979
1.688014
1.688049
1.688084
1.688119
1.688155
1.688190
1.688225
1.688260
1.688295
1.688331
1.688366
1.688401
1.688436
1.688472
1.688507
1.688542
1.688577
1.688612
1.688648
1.688683
1.688718
1.688753
1.688788
1.688824
1.688859
1.688894
1.688929
1.688965
1.689000
1.689035
1.689070
1.689105
1.689140
1.689176
1.689211
1.689246
1.689281
1.689317
1.689352
1.689387
1.689422
1.689457
1.689493
1.689528
1.689563
1.689598
1.689634
1.689669
1.689704
1.689739
1.689775
1.689810
1.689845
1.689880
1.689915
1.689951
1.689986
1.690021
1.690056
1.690091
1.690127
1.690162
1.690197
1.690232
1.690268
1.690303
1.690338
1.690373
1.690408
1.690444
1.690479
1.690514
1.690549
1.690585
1.690620
1.690655
1.690690
1.690726
1.690761
1.690796
1.690831
1.690866
1.690902
1.690937
1.690972
1.691007
1.691043
1.691078
1.691113
1.691148
1.691184
1.691219
1.691254
1.691289
1.691324
1.691360
1.691395
1.691430
1.691465
1.691501
1.691536
1.691571
1.691606
1.691642
1.691677
1.691712
1.691747
1.691782
1.691818
1.691853
1.691888
1.691923
1.691959
1.691994
1.692029
1.692064
1.692100
1.692135
1.692170
1.692205
1.692240
1.692276
1.692311
1.692346
1.692381
1.692417
1.692452
1.692487
1.692523
1.692558
1.692593
1.692628
1.692664
1.692699
1.692734
1.692769
1.692804
1.692840
1.692875
1.692910
1.692945
1.692981
1.693016
1.693051
1.693086
1.693122
1.693157
1.693192
1.693227
1.693263
1.693298
1.693333
1.693368
1.693404
1.693439
1.693474
1.693509
1.693545
1.693580
1.693615
1.693650
1.693686
1.693721
1.693756
1.693791
1.693827
1.693862
1.693897
1.693932
1.693968
1.694003
1.694038
1.694073
1.694108
1.694144
1.694179
1.694214
1.694250
1.694285
1.694320
1.694355
1.694390
1.694426
1.694461
1.694496
1.694532
1.694567
1.694602
1.694637
1.694673
1.694708
1.694743
1.694778
1.694814
1.694849
1.694884
1.694919
1.694955
1.694990
1.695025
1.695060
1.695096
1.695131
1.695166
1.695201
1.695237
1.695272
1.695307
1.695342
1.695378
1.695413
1.695448
1.695483
1.695519
1.695554
1.695589
1.695625
1.695660
1.695695
1.695730
1.695766
1.695801
1.695836
1.695871
1.695907
1.695942
1.695977
1.696013
1.696048
1.696083
1.696118
1.696154
1.696189
1.696224
1.696259
1.696295
1.696330
1.696365
1.696400
1.696436
1.696471
1.696506
1.696542
1.696577
1.696612
1.696647
1.696683
1.696718
1.696753
1.696788
1.696824
1.696859
1.696894
1.696930
1.696965
1.697000
1.697035
1.697071
1.697106
1.697141
1.697176
1.697212
1.697247
1.697282
1.697318
1.697353
1.697388
1.697423
1.697459
1.697494
1.697529
1.697564
1.697600
1.697635
1.697670
1.697706
1.697741
1.697776
1.697811
1.697847
1.697882
1.697917
1.697952
1.697988
1.698023
1.698058
1.698094
1.698129
1.698164
1.698200
1.698235
1.698270
1.698305
1.698341
1.698376
1.698411
1.698446
1.698482
1.698517
1.698552
1.698587
1.698623
1.698658
1.698693
1.698729
1.698764
1.698799
1.698835
1.698870
1.698905
1.698940
1.698976
1.699011
1.699046
1.699081
1.699117
1.699152
1.699187
1.699223
1.699258
1.699293
1.699329
1.699364
1.699399
1.699434
1.699470
1.699505
1.699540
1.699576
1.699611
1.699646
1.699681
1.699717
1.699752
1.699787
1.699822
1.699858
1.699893
1.699929
1.699964
1.699999
1.700034
1.700070
1.700105
1.700140
1.700176
1.700211
1.700246
1.700281
1.700317
1.700352
1.700387
1.700423
1.700458
1.700493
1.700529
1.700564
1.700599
1.700634
1.700670
1.700705
1.700740
1.700775
1.700811
1.700846
1.700882
1.700917
1.700952
1.700987
1.701023
1.701058
1.701093
1.701129
1.701164
1.701199
1.701234
1.701270
1.701305
1.701340
1.701376
1.701411
1.701446
1.701482
1.701517
1.701552
1.701587
1.701623
1.701658
1.701693
1.701729
1.701764
1.701799
1.701835
1.701870
1.701905
1.701941
1.701976
1.702011
1.702046
1.702082
1.702117
1.702152
1.702188
1.702223
1.702258
1.702293
1.702329
1.702364
1.702400
1.702435
1.702470
1.702505
1.702541
1.702576
1.702611
1.702647
1.702682
1.702717
1.702753
1.702788
1.702823
1.702859
1.702894
1.702929
1.702965
1.703000
1.703035
1.703070
1.703106
1.703141
1.703176
1.703212
1.703247
1.703282
1.703318
1.703353
1.703388
1.703424
1.703459
1.703494
1.703529
1.703565
1.703600
1.703636
1.703671
1.703706
1.703741
1.703777
1.703812
1.703847
1.703883
1.703918
1.703953
1.703989
1.704024
1.704059
1.704095
1.704130
1.704165
1.704201
1.704236
1.704271
1.704307
1.704342
1.704377
1.704413
1.704448
1.704483
1.704519
1.704554
1.704589
1.704624
1.704660
1.704695
1.704731
1.704766
1.704801
1.704837
1.704872
1.704907
1.704942
1.704978
1.705013
1.705049
1.705084
1.705119
1.705154
1.705190
1.705225
1.705260
1.705296
1.705331
1.705367
1.705402
1.705437
1.705472
1.705508
1.705543
1.705578
1.705614
1.705649
1.705684
1.705720
1.705755
1.705790
1.705826
1.705861
1.705896
1.705932
1.705967
1.706002
1.706038
1.706073
1.706108
1.706144
1.706179
1.706214
1.706250
1.706285
1.706320
1.706356
1.706391
1.706426
1.706462
1.706497
1.706532
1.706568
1.706603
1.706638
1.706674
1.706709
1.706745
1.706780
1.706815
1.706851
1.706886
1.706921
1.706956
1.706992
1.707027
1.707063
1.707098
1.707133
1.707169
1.707204
1.707239
1.707275
1.707310
1.707345
1.707381
1.707416
1.707451
1.707487
1.707522
1.707557
1.707593
1.707628
1.707663
1.707699
1.707734
1.707769
1.707805
1.707840
1.707875
1.707911
1.707946
1.707982
1.708017
1.708052
1.708088
1.708123
1.708158
1.708194
1.708229
1.708264
1.708300
1.708335
1.708370
1.708406
1.708441
1.708477
1.708512
1.708547
1.708583
1.708618
1.708653
1.708689
1.708724
1.708759
1.708795
1.708830
1.708865
1.708901
1.708936
1.708971
1.709007
1.709042
1.709078
1.709113
1.709148
1.709184
1.709219
1.709254
1.709290
1.709325
1.709360
1.709396
1.709431
1.709466
1.709502
1.709537
1.709572
1.709608
1.709643
1.709679
1.709714
1.709749
1.709785
1.709820
1.709855
1.709891
1.709926
1.709961
1.709997
1.710032
1.710067
1.710103
1.710138
1.710174
1.710209
1.710244
1.710280
1.710315
1.710350
1.710386
1.710421
1.710457
1.710492
1.710527
1.710563
1.710598
1.710633
1.710669
1.710704
1.710739
1.710775
1.710810
1.710845
1.710881
1.710916
1.710952
1.710987
1.711022
1.711058
1.711093
1.711128
1.711164
1.711199
1.711235
1.711270
1.711305
1.711341
1.711376
1.711412
1.711447
1.711482
1.711518
1.711553
1.711588
1.711624
1.711659
1.711694
1.711730
1.711765
1.711801
1.711836
1.711871
1.711907
1.711942
1.711977
1.712013
1.712048
1.712083
1.712119
1.712154
1.712190
1.712225
1.712260
1.712296
1.712331
1.712367
1.712402
1.712437
1.712473
1.712508
1.712543
1.712579
1.712614
1.712650
1.712685
1.712720
1.712756
1.712791
1.712827
1.712862
1.712897
1.712933
1.712968
1.713003
1.713039
1.713074
1.713110
1.713145
1.713180
1.713216
1.713251
1.713287
1.713322
1.713357
1.713393
1.713428
1.713463
1.713499
1.713534
1.713570
1.713605
1.713640
1.713676
1.713711
1.713747
1.713782
1.713817
1.713853
1.713888
1.713923
1.713959
1.713994
1.714030
1.714065
1.714100
1.714136
1.714171
1.714207
1.714242
1.714277
1.714313
1.714348
1.714383
1.714419
1.714454
1.714490
1.714525
1.714560
1.714596
1.714631
1.714667
1.714702
1.714738
1.714773
1.714808
1.714844
1.714879
1.714914
1.714950
1.714985
1.715021
1.715056
1.715091
1.715127
1.715162
1.715198
1.715233
1.715268
1.715304
1.715339
1.715375
1.715410
1.715445
1.715481
1.715516
1.715552
1.715587
1.715623
1.715658
1.715693
1.715729
1.715764
1.715799
1.715835
1.715870
1.715906
1.715941
1.715976
1.716012
1.716047
1.716083
1.716118
1.716153
1.716189
1.716224
1.716260
1.716295
1.716330
1.716366
1.716401
1.716437
1.716472
1.716508
1.716543
1.716578
1.716614
1.716649
1.716685
1.716720
1.716755
1.716791
1.716826
1.716862
1.716897
1.716932
1.716968
1.717003
1.717039
1.717074
1.717109
1.717145
1.717180
1.717216
1.717251
1.717286
1.717322
1.717357
1.717393
1.717428
1.717464
1.717499
1.717534
1.717570
1.717605
1.717641
1.717676
1.717711
1.717747
1.717782
1.717818
1.717853
1.717889
1.717924
1.717959
1.717995
1.718030
1.718066
1.718101
1.718136
1.718172
1.718207
1.718243
1.718278
1.718313
1.718349
1.718384
1.718420
1.718455
1.718491
1.718526
1.718562
1.718597
1.718632
1.718668
1.718703
1.718738
1.718774
1.718809
1.718845
1.718880
1.718916
1.718951
1.718987
1.719022
1.719057
1.719093
1.719128
1.719164
1.719199
1.719234
1.719270
1.719305
1.719341
1.719376
1.719412
1.719447
1.719483
1.719518
1.719553
1.719589
1.719624
1.719660
1.719695
1.719730
1.719766
1.719801
1.719837
1.719872
1.719908
1.719943
1.719978
1.720014
1.720049
1.720085
1.720120
1.720156
1.720191
1.720226
1.720262
1.720297
1.720333
1.720368
1.720404
1.720439
1.720474
1.720510
1.720545
1.720581
1.720616
1.720652
1.720687
1.720723
1.720758
1.720793
1.720829
1.720864
1.720900
1.720935
1.720971
1.721006
1.721041
1.721077
1.721112
1.721148
1.721183
1.721219
1.721254
1.721289
1.721325
1.721360
1.721396
1.721431
1.721467
1.721502
1.721537
1.721573
1.721608
1.721644
1.721679
1.721715
1.721750
1.721786
1.721821
1.721856
1.721892
1.721927
1.721963
1.721998
1.722034
1.722069
1.722105
1.722140
1.722175
1.722211
1.722246
1.722282
1.722317
1.722353
1.722388
1.722424
1.722459
1.722494
1.722530
1.722565
1.722601
1.722636
1.722672
1.722707
1.722743
1.722778
1.722813
1.722849
1.722884
1.722920
1.722955
1.722991
1.723026
1.723062
1.723097
1.723132
1.723168
1.723204
1.723239
1.723274
1.723310
1.723345
1.723381
1.723416
1.723452
1.723487
1.723523
1.723558
1.723593
1.723629
1.723664
1.723700
1.723735
1.723771
1.723806
1.723842
1.723877
1.723913
1.723948
1.723984
1.724019
1.724054
1.724090
1.724125
1.724161
1.724196
1.724232
1.724267
1.724303
1.724338
1.724373
1.724409
1.724444
1.724480
1.724515
1.724551
1.724586
1.724622
1.724657
1.724693
1.724728
1.724764
1.724799
1.724834
1.724870
1.724905
1.724941
1.724976
1.725012
1.725047
1.725083
1.725118
1.725154
1.725189
1.725225
1.725260
1.725295
1.725331
1.725366
1.725402
1.725437
1.725473
1.725508
1.725544
1.725579
1.725615
1.725650
1.725686
1.725721
1.725757
1.725792
1.725828
1.725863
1.725898
1.725934
1.725969
1.726005
1.726040
1.726076
1.726111
1.726147
1.726182
1.726218
1.726253
1.726289
1.726324
1.726359
1.726395
1.726430
1.726466
1.726502
1.726537
1.726572
1.726608
1.726643
1.726679
1.726714
1.726750
1.726785
1.726821
1.726856
1.726892
1.726927
1.726963
1.726998
1.727034
1.727069
1.727105
1.727140
1.727175
1.727211
1.727246
1.727282
1.727317
1.727353
1.727388
1.727424
1.727459
1.727495
1.727530
1.727566
1.727601
1.727637
1.727672
1.727708
1.727743
1.727778
1.727814
1.727850
1.727885
1.727920
1.727956
1.727991
1.728027
1.728063
1.728098
1.728133
1.728169
1.728204
1.728240
1.728275
1.728311
1.728346
1.728382
1.728417
1.728453
1.728488
1.728524
1.728559
1.728595
1.728630
1.728666
1.728701
1.728737
1.728772
1.728808
1.728843
1.728879
1.728914
1.728950
1.728985
1.729020
1.729056
1.729092
1.729127
1.729162
1.729198
1.729233
1.729269
1.729305
1.729340
1.729375
1.729411
1.729447
1.729482
1.729517
1.729553
1.729588
1.729624
1.729659
1.729695
1.729730
1.729766
1.729801
1.729837
1.729872
1.729908
1.729943
1.729979
1.730014
1.730050
1.730085
1.730121
1.730156
1.730192
1.730227
1.730263
1.730298
1.730334
1.730369
1.730405
1.730440
1.730476
1.730511
1.730547
1.730582
1.730618
1.730653
1.730689
1.730724
1.730760
1.730795
1.730831
1.730866
1.730902
1.730937
1.730973
1.731008
1.731044
1.731079
1.731115
1.731150
1.731186
1.731221
1.731257
1.731292
1.731328
1.731363
1.731399
1.731434
1.731470
1.731505
1.731541
1.731576
1.731612
1.731648
1.731683
1.731718
1.731754
1.731790
1.731825
1.731860
1.731896
1.731932
1.731967
1.732002
1.732038
1.732074
1.732109
1.732144
1.732180
1.732216
1.732251
1.732286
1.732322
1.732358
1.732393
1.732429
1.732464
1.732500
1.732535
1.732571
1.732606
1.732642
1.732677
1.732713
1.732748
1.732784
1.732819
1.732855
1.732890
1.732926
1.732961
1.732997
1.733032
1.733068
1.733103
1.733139
1.733174
1.733210
1.733245
1.733281
1.733316
1.733352
1.733387
1.733423
1.733459
1.733494
1.733529
1.733565
1.733601
1.733636
1.733672
1.733707
1.733743
1.733778
1.733814
1.733849
1.733885
1.733920
1.733956
1.733991
1.734027
1.734062
1.734098
1.734134
1.734169
1.734204
1.734240
1.734276
1.734311
1.734346
1.734382
1.734418
1.734453
1.734489
1.734524
1.734560
1.734595
1.734631
1.734666
1.734702
1.734737
1.734773
1.734808
1.734844
1.734879
1.734915
1.734950
1.734986
1.735021
1.735057
1.735092
1.735128
1.735164
1.735199
1.735235
1.735270
1.735306
1.735341
1.735377
1.735412
1.735448
1.735483
1.735519
1.735554
1.735590
1.735626
1.735661
1.735697
1.735732
1.735768
1.735803
1.735839
1.735874
1.735910
1.735945
1.735981
1.736016
1.736052
1.736087
1.736123
1.736159
1.736194
1.736230
1.736265
1.736301
1.736336
1.736372
1.736407
1.736443
1.736478
1.736514
1.736549
1.736585
1.736621
1.736656
1.736691
1.736727
1.736763
1.736798
1.736834
1.736869
1.736905
1.736940
1.736976
1.737011
1.737047
1.737083
1.737118
1.737154
1.737189
1.737225
1.737260
1.737296
1.737331
1.737367
1.737402
1.737438
1.737473
1.737509
1.737545
1.737580
1.737616
1.737651
1.737687
1.737722
1.737758
1.737793
1.737829
1.737865
1.737900
1.737936
1.737971
1.738007
1.738042
1.738078
1.738113
1.738149
1.738184
1.738220
1.738255
1.738291
1.738327
1.738362
1.738398
1.738433
1.738469
1.738504
1.738540
1.738575
1.738611
1.738647
1.738682
1.738718
1.738753
1.738789
1.738824
1.738860
1.738895
1.738931
1.738967
1.739002
1.739038
1.739073
1.739109
1.739144
1.739180
1.739215
1.739251
1.739287
1.739322
1.739358
1.739393
1.739429
1.739464
1.739500
1.739535
1.739571
1.739606
1.739642
1.739678
1.739713
1.739749
1.739784
1.739820
1.739855
1.739891
1.739926
1.739962
1.739998
1.740033
1.740069
1.740104
1.740140
1.740176
1.740211
1.740247
1.740282
1.740318
1.740353
1.740389
1.740424
1.740460
1.740496
1.740531
1.740567
1.740602
1.740638
1.740673
1.740709
1.740744
1.740780
1.740816
1.740851
1.740887
1.740922
1.740958
1.740993
1.741029
1.741065
1.741100
1.741136
1.741171
1.741207
1.741242
1.741278
1.741314
1.741349
1.741385
1.741420
1.741456
1.741491
1.741527
1.741562
1.741598
1.741634
1.741669
1.741705
1.741740
1.741776
1.741811
1.741847
1.741883
1.741918
1.741954
1.741989
1.742025
1.742061
1.742096
1.742132
1.742167
1.742203
1.742238
1.742274
1.742309
1.742345
1.742381
1.742416
1.742452
1.742487
1.742523
1.742559
1.742594
1.742630
1.742665
1.742701
1.742736
1.742772
1.742808
1.742843
1.742879
1.742914
1.742950
1.742986
1.743021
1.743057
1.743092
1.743128
1.743163
1.743199
1.743234
1.743270
1.743306
1.743341
1.743377
1.743412
1.743448
1.743484
1.743519
1.743555
1.743590
1.743626
1.743662
1.743697
1.743733
1.743768
1.743804
1.743839
1.743875
1.743911
1.743946
1.743982
1.744017
1.744053
1.744089
1.744124
1.744160
1.744195
1.744231
1.744267
1.744302
1.744338
1.744373
1.744409
1.744444
1.744480
1.744515
1.744551
1.744587
1.744622
1.744658
1.744694
1.744729
1.744765
1.744800
1.744836
1.744871
1.744907
1.744942
1.744978
1.745014
1.745049
1.745085
1.745121
1.745156
1.745192
1.745227
1.745263
1.745299
1.745334
1.745370
1.745405
1.745441
1.745476
1.745512
1.745548
1.745583
1.745619
1.745654
1.745690
1.745726
1.745761
1.745797
1.745833
1.745868
1.745904
1.745939
1.745975
1.746010
1.746046
1.746082
1.746117
1.746153
1.746188
1.746224
1.746260
1.746295
1.746331
1.746366
1.746402
1.746438
1.746473
1.746509
1.746544
1.746580
1.746616
1.746651
1.746687
1.746722
1.746758
1.746793
1.746829
1.746865
1.746900
1.746936
1.746972
1.747007
1.747043
1.747078
1.747114
1.747150
1.747185
1.747221
1.747257
1.747292
1.747328
1.747363
1.747399
1.747434
1.747470
1.747506
1.747541
1.747577
1.747613
1.747648
1.747684
1.747719
1.747755
1.747791
1.747826
1.747862
1.747897
1.747933
1.747969
1.748004
1.748040
1.748075
1.748111
1.748147
1.748182
1.748218
1.748254
1.748289
1.748325
1.748360
1.748396
1.748432
1.748467
1.748503
1.748538
1.748574
1.748610
1.748645
1.748681
1.748716
1.748752
1.748788
1.748823
1.748859
1.748895
1.748930
1.748966
1.749001
1.749037
1.749073
1.749108
1.749144
1.749179
1.749215
1.749251
1.749286
1.749322
1.749358
1.749393
1.749429
1.749464
1.749500
1.749536
1.749571
1.749607
1.749642
1.749678
1.749714
1.749749
1.749785
1.749821
1.749856
1.749892
1.749927
1.749963
1.749999
1.750034
1.750070
1.750106
1.750141
1.750177
1.750213
1.750248
1.750284
1.750319
1.750355
1.750391
1.750426
1.750462
1.750498
1.750533
1.750569
1.750604
1.750640
1.750676
1.750711
1.750747
1.750783
1.750818
1.750854
1.750889
1.750925
1.750961
1.750996
1.751032
1.751068
1.751103
1.751139
1.751174
1.751210
1.751246
1.751281
1.751317
1.751353
1.751388
1.751424
1.751459
1.751495
1.751531
1.751566
1.751602
1.751638
1.751673
1.751709
1.751745
1.751780
1.751816
1.751851
1.751887
1.751923
1.751958
1.751994
1.752030
1.752065
1.752101
1.752136
1.752172
1.752208
1.752243
1.752279
1.752315
1.752350
1.752386
1.752421
1.752457
1.752493
1.752529
1.752564
1.752600
1.752635
1.752671
1.752707
1.752742
1.752778
1.752814
1.752849
1.752885
1.752920
1.752956
1.752992
1.753027
1.753063
1.753099
1.753134
1.753170
1.753206
1.753241
1.753277
1.753313
1.753348
1.753384
1.753419
1.753455
1.753491
1.753526
1.753562
1.753598
1.753633
1.753669
1.753705
1.753740
1.753776
1.753812
1.753847
1.753883
1.753919
1.753954
1.753990
1.754025
1.754061
1.754097
1.754132
1.754168
1.754204
1.754239
1.754275
1.754311
1.754346
1.754382
1.754418
1.754453
1.754489
1.754525
1.754560
1.754596
1.754631
1.754667
1.754703
1.754739
1.754774
1.754810
1.754845
1.754881
1.754917
1.754952
1.754988
1.755024
1.755059
1.755095
1.755131
1.755166
1.755202
1.755237
1.755273
1.755309
1.755345
1.755380
1.755416
1.755451
1.755487
1.755523
1.755558
1.755594
1.755630
1.755666
1.755701
1.755737
1.755772
1.755808
1.755844
1.755879
1.755915
1.755951
1.755986
1.756022
1.756058
1.756093
1.756129
1.756165
1.756200
1.756236
1.756272
1.756307
1.756343
1.756379
1.756414
1.756450
1.756485
1.756521
1.756557
1.756593
1.756628
1.756664
1.756700
1.756735
1.756771
1.756807
1.756842
1.756878
1.756914
1.756949
1.756985
1.757021
1.757056
1.757092
1.757127
1.757163
1.757199
1.757235
1.757270
1.757306
1.757342
1.757377
1.757413
1.757448
1.757484
1.757520
1.757556
1.757591
1.757627
1.757663
1.757698
1.757734
1.757770
1.757805
1.757841
1.757877
1.757912
1.757948
1.757984
1.758019
1.758055
1.758091
1.758126
1.758162
1.758198
1.758233
1.758269
1.758305
1.758340
1.758376
1.758412
1.758447
1.758483
1.758519
1.758554
1.758590
1.758626
1.758662
1.758697
1.758733
1.758768
1.758804
1.758840
1.758875
1.758911
1.758947
1.758983
1.759018
1.759054
1.759090
1.759125
1.759161
1.759197
1.759232
1.759268
1.759303
1.759339
1.759375
1.759411
1.759446
1.759482
1.759518
1.759553
1.759589
1.759625
1.759660
1.759696
1.759732
1.759768
1.759803
1.759839
1.759874
1.759910
1.759946
1.759981
1.760017
1.760053
1.760088
1.760124
1.760160
1.760196
1.760231
1.760267
1.760303
1.760338
1.760374
1.760410
1.760445
1.760481
1.760517
1.760553
1.760588
1.760624
1.760660
1.760695
1.760731
1.760767
1.760802
1.760838
1.760874
1.760909
1.760945
1.760981
1.761017
1.761052
1.761088
1.761124
1.761159
1.761195
1.761231
1.761266
1.761302
1.761338
1.761373
1.761409
1.761445
1.761481
1.761516
1.761552
1.761587
1.761623
1.761659
1.761695
1.761730
1.761766
1.761802
1.761837
1.761873
1.761909
1.761945
1.761980
1.762016
1.762052
1.762087
1.762123
1.762159
1.762194
1.762230
1.762266
1.762301
1.762337
1.762373
1.762409
1.762444
1.762480
1.762516
1.762551
1.762587
1.762623
1.762658
1.762694
1.762730
1.762765
1.762801
1.762837
1.762873
1.762908
1.762944
1.762980
1.763015
1.763051
1.763087
1.763122
1.763158
1.763194
1.763229
1.763265
1.763301
1.763337
1.763373
1.763408
1.763444
1.763480
1.763515
1.763551
1.763587
1.763622
1.763658
1.763694
1.763729
1.763765
1.763801
1.763837
1.763872
1.763908
1.763944
1.763979
1.764015
1.764051
1.764087
1.764122
1.764158
1.764194
1.764229
1.764265
1.764301
1.764336
1.764372
1.764408
1.764444
1.764479
1.764515
1.764551
1.764587
1.764622
1.764658
1.764694
1.764729
1.764765
1.764801
1.764836
1.764872
1.764908
1.764944
1.764979
1.765015
1.765051
1.765087
1.765122
1.765158
1.765194
1.765229
1.765265
1.765301
1.765336
1.765372
1.765408
1.765444
1.765479
1.765515
1.765551
1.765586
1.765622
1.765658
1.765694
1.765729
1.765765
1.765801
1.765836
1.765872
1.765908
1.765944
1.765979
1.766015
1.766051
1.766086
1.766122
1.766158
1.766194
1.766229
1.766265
1.766301
1.766337
1.766372
1.766408
1.766444
1.766479
1.766515
1.766551
1.766587
1.766622
1.766658
1.766694
1.766729
1.766765
1.766801
1.766836
1.766872
1.766908
1.766944
1.766980
1.767015
1.767051
1.767087
1.767123
1.767158
1.767194
1.767230
1.767265
1.767301
1.767337
1.767373
