0.003226
0.003226
0.003226
0.003226
0.003227
0.003227
0.003227
0.003227
0.003228
0.003228
0.003228
0.003228
0.003229
0.003229
0.003229
0.003229
0.003230
0.003230
0.003230
0.003230
0.003231
0.003231
0.003231
0.003231
0.003232
0.003232
0.003232
0.003232
0.003232
0.003233
0.003233
0.003233
0.003233
0.003234
0.003234
0.003234
0.003234
0.003235
0.003235
0.003235
0.003235
0.003236
0.003236
0.003236
0.003236
0.003237
0.003237
0.003237
0.003237
0.003238
0.003238
0.003238
0.003238
0.003239
0.003239
0.003239
0.003239
0.003239
0.003240
0.003240
0.003240
0.003240
0.003241
0.003241
0.003241
0.003241
0.003242
0.003242
0.003242
0.003242
0.003243
0.003243
0.003243
0.003243
0.003244
0.003244
0.003244
0.003244
0.003245
0.003245
0.003245
0.003245
0.003246
0.003246
0.003246
0.003246
0.003247
0.003247
0.003247
0.003247
0.003247
0.003248
0.003248
0.003248
0.003248
0.003249
0.003249
0.003249
0.003249
0.003250
0.003250
0.003250
0.003250
0.003251
0.003251
0.003251
0.003251
0.003252
0.003252
0.003252
0.003252
0.003253
0.003253
0.003253
0.003253
0.003254
0.003254
0.003254
0.003254
0.003255
0.003255
0.003255
0.003255
0.003256
0.003256
0.003256
0.003256
0.003256
0.003257
0.003257
0.003257
0.003257
0.003258
0.003258
0.003258
0.003258
0.003259
0.003259
0.003259
0.003259
0.003260
0.003260
0.003260
0.003260
0.003261
0.003261
0.003261
0.003261
0.003262
0.003262
0.003262
0.003262
0.003263
0.003263
0.003263
0.003263
0.003264
0.003264
0.003264
0.003264
0.003265
0.003265
0.003265
0.003265
0.003266
0.003266
0.003266
0.003266
0.003266
0.003267
0.003267
0.003267
0.003267
0.003268
0.003268
0.003268
0.003268
0.003269
0.003269
0.003269
0.003269
0.003270
0.003270
0.003270
0.003270
0.003271
0.003271
0.003271
0.003271
0.003272
0.003272
0.003272
0.003272
0.003273
0.003273
0.003273
0.003273
0.003274
0.003274
0.003274
0.003274
0.003275
0.003275
0.003275
0.003275
0.003276
0.003276
0.003276
0.003276
0.003277
0.003277
0.003277
0.003277
0.003278
0.003278
0.003278
0.003278
0.003279
0.003279
0.003279
0.003279
0.003279
0.003280
0.003280
0.003280
0.003280
0.003281
0.003281
0.003281
0.003281
0.003282
0.003282
0.003282
0.003282
0.003283
0.003283
0.003283
0.003283
0.003284
0.003284
0.003284
0.003284
0.003285
0.003285
0.003285
0.003285
0.003286
0.003286
0.003286
0.003286
0.003287
0.003287
0.003287
0.003287
0.003288
0.003288
0.003288
0.003288
0.003289
0.003289
0.003289
0.003289
0.003290
0.003290
0.003290
0.003290
0.003291
0.003291
0.003291
0.003291
0.003292
0.003292
0.003292
0.003292
0.003293
0.003293
0.003293
0.003293
0.003294
0.003294
0.003294
0.003294
0.003295
0.003295
0.003295
0.003295
0.003296
0.003296
0.003296
0.003296
0.003296
0.003297
0.003297
0.003297
0.003297
0.003298
0.003298
0.003298
0.003298
0.003299
0.003299
0.003299
0.003299
0.003300
0.003300
0.003300
0.003300
0.003301
0.003301
0.003301
0.003301
0.003302
0.003302
0.003302
0.003302
0.003303
0.003303
0.003303
0.003303
0.003304
0.003304
0.003304
0.003304
0.003305
0.003305
0.003305
0.003305
0.003306
0.003306
0.003306
0.003306
0.003307
0.003307
0.003307
0.003307
0.003308
0.003308
0.003308
0.003308
0.003309
0.003309
0.003309
0.003309
0.003310
0.003310
0.003310
0.003310
0.003311
0.003311
0.003311
0.003311
0.003312
0.003312
0.003312
0.003312
0.003313
0.003313
0.003313
0.003313
0.003314
0.003314
0.003314
0.003314
0.003315
0.003315
0.003315
0.003315
0.003316
0.003316
0.003316
0.003316
0.003317
0.003317
0.003317
0.003317
0.003318
0.003318
0.003318
0.003318
0.003319
0.003319
0.003319
0.003319
0.003320
0.003320
0.003320
0.003320
0.003321
0.003321
0.003321
0.003321
0.003322
0.003322
0.003322
0.003322
0.003323
0.003323
0.003323
0.003323
0.003324
0.003324
0.003324
0.003324
0.003325
0.003325
0.003325
0.003325
0.003326
0.003326
0.003326
0.003326
0.003327
0.003327
0.003327
0.003327
0.003328
0.003328
0.003328
0.003328
0.003329
0.003329
0.003329
0.003329
0.003330
0.003330
0.003330
0.003330
0.003331
0.003331
0.003331
0.003331
0.003332
0.003332
0.003332
0.003332
0.003333
0.003333
0.003333
0.003333
0.003334
0.003334
0.003334
0.003334
0.003335
0.003335
0.003335
0.003335
0.003336
0.003336
0.003336
0.003336
0.003337
0.003337
0.003337
0.003337
0.003338
0.003338
0.003338
0.003338
0.003339
0.003339
0.003339
0.003339
0.003340
0.003340
0.003340
0.003340
0.003341
0.003341
0.003341
0.003341
0.003342
0.003342
0.003342
0.003342
0.003343
0.003343
0.003343
0.003343
0.003344
0.003344
0.003344
0.003344
0.003345
0.003345
0.003345
0.003345
0.003346
0.003346
0.003346
0.003346
0.003347
0.003347
0.003347
0.003347
0.003348
0.003348
0.003348
0.003348
0.003349
0.003349
0.003349
0.003349
0.003350
0.003350
0.003350
0.003350
0.003351
0.003351
0.003351
0.003351
0.003352
0.003352
0.003352
0.003352
0.003353
0.003353
0.003353
0.003353
0.003354
0.003354
0.003354
0.003354
0.003355
0.003355
0.003355
0.003355
0.003356
0.003356
0.003356
0.003356
0.003357
0.003357
0.003357
0.003357
0.003358
0.003358
0.003358
0.003359
0.003359
0.003359
0.003359
0.003360
0.003360
0.003360
0.003360
0.003361
0.003361
0.003361
0.003361
0.003362
0.003362
0.003362
0.003362
0.003363
0.003363
0.003363
0.003363
0.003364
0.003364
0.003364
0.003364
0.003365
0.003365
0.003365
0.003365
0.003366
0.003366
0.003366
0.003366
0.003367
0.003367
0.003367
0.003367
0.003368
0.003368
0.003368
0.003368
0.003369
0.003369
0.003369
0.003369
0.003370
0.003370
0.003370
0.003370
0.003371
0.003371
0.003371
0.003371
0.003372
0.003372
0.003372
0.003372
0.003373
0.003373
0.003373
0.003373
0.003374
0.003374
0.003374
0.003374
0.003375
0.003375
0.003375
0.003376
0.003376
0.003376
0.003376
0.003377
0.003377
0.003377
0.003377
0.003378
0.003378
0.003378
0.003378
0.003379
0.003379
0.003379
0.003379
0.003380
0.003380
0.003380
0.003380
0.003381
0.003381
0.003381
0.003381
0.003382
0.003382
0.003382
0.003382
0.003383
0.003383
0.003383
0.003383
0.003384
0.003384
0.003384
0.003384
0.003385
0.003385
0.003385
0.003385
0.003386
0.003386
0.003386
0.003386
0.003387
0.003387
0.003387
0.003387
0.003388
0.003388
0.003388
0.003389
0.003389
0.003389
0.003389
0.003390
0.003390
0.003390
0.003390
0.003391
0.003391
0.003391
0.003391
0.003392
0.003392
0.003392
0.003392
0.003393
0.003393
0.003393
0.003393
0.003394
0.003394
0.003394
0.003394
0.003395
0.003395
0.003395
0.003395
0.003396
0.003396
0.003396
0.003396
0.003397
0.003397
0.003397
0.003397
0.003398
0.003398
0.003398
0.003398
0.003399
0.003399
0.003399
0.003400
0.003400
0.003400
0.003400
0.003401
0.003401
0.003401
0.003401
0.003402
0.003402
0.003402
0.003402
0.003403
0.003403
0.003403
0.003403
0.003404
0.003404
0.003404
0.003404
0.003405
0.003405
0.003405
0.003405
0.003406
0.003406
0.003406
0.003406
0.003407
0.003407
0.003407
0.003407
0.003408
0.003408
0.003408
0.003409
0.003409
0.003409
0.003409
0.003410
0.003410
0.003410
0.003410
0.003411
0.003411
0.003411
0.003411
0.003412
0.003412
0.003412
0.003412
0.003413
0.003413
0.003413
0.003413
0.003414
0.003414
0.003414
0.003414
0.003415
0.003415
0.003415
0.003415
0.003416
0.003416
0.003416
0.003417
0.003417
0.003417
0.003417
0.003418
0.003418
0.003418
0.003418
0.003419
0.003419
0.003419
0.003419
0.003420
0.003420
0.003420
0.003420
0.003421
0.003421
0.003421
0.003421
0.003422
0.003422
0.003422
0.003422
0.003423
0.003423
0.003423
0.003423
0.003424
0.003424
0.003424
0.003425
0.003425
0.003425
0.003425
0.003426
0.003426
0.003426
0.003426
0.003427
0.003427
0.003427
0.003427
0.003428
0.003428
0.003428
0.003428
0.003429
0.003429
0.003429
0.003429
0.003430
0.003430
0.003430
0.003430
0.003431
0.003431
0.003431
0.003432
0.003432
0.003432
0.003432
0.003433
0.003433
0.003433
0.003433
0.003434
0.003434
0.003434
0.003434
0.003435
0.003435
0.003435
0.003435
0.003436
0.003436
0.003436
0.003436
0.003437
0.003437
0.003437
0.003438
0.003438
0.003438
0.003438
0.003439
0.003439
0.003439
0.003439
0.003440
0.003440
0.003440
0.003440
0.003441
0.003441
0.003441
0.003441
0.003442
0.003442
0.003442
0.003442
0.003443
0.003443
0.003443
0.003443
0.003444
0.003444
0.003444
0.003445
0.003445
0.003445
0.003445
0.003446
0.003446
0.003446
0.003446
0.003447
0.003447
0.003447
0.003447
0.003448
0.003448
0.003448
0.003448
0.003449
0.003449
0.003449
0.003449
0.003450
0.003450
0.003450
0.003451
0.003451
0.003451
0.003451
0.003452
0.003452
0.003452
0.003452
0.003453
0.003453
0.003453
0.003453
0.003454
0.003454
0.003454
0.003454
0.003455
0.003455
0.003455
0.003456
0.003456
0.003456
0.003456
0.003457
0.003457
0.003457
0.003457
0.003458
0.003458
0.003458
0.003458
0.003459
0.003459
0.003459
0.003459
0.003460
0.003460
0.003460
0.003460
0.003461
0.003461
0.003461
0.003462
0.003462
0.003462
0.003462
0.003463
0.003463
0.003463
0.003463
0.003464
0.003464
0.003464
0.003464
0.003465
0.003465
0.003465
0.003465
0.003466
0.003466
0.003466
0.003467
0.003467
0.003467
0.003467
0.003468
0.003468
0.003468
0.003468
0.003469
0.003469
0.003469
0.003469
0.003470
0.003470
0.003470
0.003470
0.003471
0.003471
0.003471
0.003472
0.003472
0.003472
0.003472
0.003473
0.003473
0.003473
0.003473
0.003474
0.003474
0.003474
0.003474
0.003475
0.003475
0.003475
0.003475
0.003476
0.003476
0.003476
0.003477
0.003477
0.003477
0.003477
0.003478
0.003478
0.003478
0.003478
0.003479
0.003479
0.003479
0.003479
0.003480
0.003480
0.003480
0.003480
0.003481
0.003481
0.003481
0.003482
0.003482
0.003482
0.003482
0.003483
0.003483
0.003483
0.003483
0.003484
0.003484
0.003484
0.003484
0.003485
0.003485
0.003485
0.003485
0.003486
0.003486
0.003486
0.003487
0.003487
0.003487
0.003487
0.003488
0.003488
0.003488
0.003488
0.003489
0.003489
0.003489
0.003489
0.003490
0.003490
0.003490
0.003491
0.003491
0.003491
0.003491
0.003492
0.003492
0.003492
0.003492
0.003493
0.003493
0.003493
0.003493
0.003494
0.003494
0.003494
0.003495
0.003495
0.003495
0.003495
0.003496
0.003496
0.003496
0.003496
0.003497
0.003497
0.003497
0.003497
0.003498
0.003498
0.003498
0.003498
0.003499
0.003499
0.003499
0.003500
0.003500
0.003500
0.003500
0.003501
0.003501
0.003501
0.003501
0.003502
0.003502
0.003502
0.003502
0.003503
0.003503
0.003503
0.003504
0.003504
0.003504
0.003504
0.003505
0.003505
0.003505
0.003505
0.003506
0.003506
0.003506
0.003506
0.003507
0.003507
0.003507
0.003508
0.003508
0.003508
0.003508
0.003509
0.003509
0.003509
0.003509
0.003510
0.003510
0.003510
0.003510
0.003511
0.003511
0.003511
0.003512
0.003512
0.003512
0.003512
0.003513
0.003513
0.003513
0.003513
0.003514
0.003514
0.003514
0.003514
0.003515
0.003515
0.003515
0.003516
0.003516
0.003516
0.003516
0.003517
0.003517
0.003517
0.003517
0.003518
0.003518
0.003518
0.003518
0.003519
0.003519
0.003519
0.003520
0.003520
0.003520
0.003520
0.003521
0.003521
0.003521
0.003521
0.003522
0.003522
0.003522
0.003522
0.003523
0.003523
0.003523
0.003524
0.003524
0.003524
0.003524
0.003525
0.003525
0.003525
0.003525
0.003526
0.003526
0.003526
0.003527
0.003527
0.003527
0.003527
0.003528
0.003528
0.003528
0.003528
0.003529
0.003529
0.003529
0.003529
0.003530
0.003530
0.003530
0.003531
0.003531
0.003531
0.003531
0.003532
0.003532
0.003532
0.003532
0.003533
0.003533
0.003533
0.003533
0.003534
0.003534
0.003534
0.003535
0.003535
0.003535
0.003535
0.003536
0.003536
0.003536
0.003536
0.003537
0.003537
0.003537
0.003538
0.003538
0.003538
0.003538
0.003539
0.003539
0.003539
0.003539
0.003540
0.003540
0.003540
0.003540
0.003541
0.003541
0.003541
0.003542
0.003542
0.003542
0.003542
0.003543
0.003543
0.003543
0.003543
0.003544
0.003544
0.003544
0.003545
0.003545
0.003545
0.003545
0.003546
0.003546
0.003546
0.003546
0.003547
0.003547
0.003547
0.003548
0.003548
0.003548
0.003548
0.003549
0.003549
0.003549
0.003549
0.003550
0.003550
0.003550
0.003550
0.003551
0.003551
0.003551
0.003552
0.003552
0.003552
0.003552
0.003553
0.003553
0.003553
0.003553
0.003554
0.003554
0.003554
0.003555
0.003555
0.003555
0.003555
0.003556
0.003556
0.003556
0.003556
0.003557
0.003557
0.003557
0.003558
0.003558
0.003558
0.003558
0.003559
0.003559
0.003559
0.003559
0.003560
0.003560
0.003560
0.003561
0.003561
0.003561
0.003561
0.003562
0.003562
0.003562
0.003562
0.003563
0.003563
0.003563
0.003563
0.003564
0.003564
0.003564
0.003565
0.003565
0.003565
0.003565
0.003566
0.003566
0.003566
0.003566
0.003567
0.003567
0.003567
0.003568
0.003568
0.003568
0.003568
0.003569
0.003569
0.003569
0.003569
0.003570
0.003570
0.003570
0.003571
0.003571
0.003571
0.003571
0.003572
0.003572
0.003572
0.003572
0.003573
0.003573
0.003573
0.003574
0.003574
0.003574
0.003574
0.003575
0.003575
0.003575
0.003575
0.003576
0.003576
0.003576
0.003577
0.003577
0.003577
0.003577
0.003578
0.003578
0.003578
0.003578
0.003579
0.003579
0.003579
0.003580
0.003580
0.003580
0.003580
0.003581
0.003581
0.003581
0.003581
0.003582
0.003582
0.003582
0.003583
0.003583
0.003583
0.003583
0.003584
0.003584
0.003584
0.003584
0.003585
0.003585
0.003585
0.003586
0.003586
0.003586
0.003586
0.003587
0.003587
0.003587
0.003587
0.003588
0.003588
0.003588
0.003589
0.003589
0.003589
0.003589
0.003590
0.003590
0.003590
0.003591
0.003591
0.003591
0.003591
0.003592
0.003592
0.003592
0.003592
0.003593
0.003593
0.003593
0.003594
0.003594
0.003594
0.003594
0.003595
0.003595
0.003595
0.003595
0.003596
0.003596
0.003596
0.003597
0.003597
0.003597
0.003597
0.003598
0.003598
0.003598
0.003598
0.003599
0.003599
0.003599
0.003600
0.003600
0.003600
0.003600
0.003601
0.003601
0.003601
0.003601
0.003602
0.003602
0.003602
0.003603
0.003603
0.003603
0.003603
0.003604
0.003604
0.003604
0.003605
0.003605
0.003605
0.003605
0.003606
0.003606
0.003606
0.003606
0.003607
0.003607
0.003607
0.003608
0.003608
0.003608
0.003608
0.003609
0.003609
0.003609
0.003609
0.003610
0.003610
0.003610
0.003611
0.003611
0.003611
0.003611
0.003612
0.003612
0.003612
0.003613
0.003613
0.003613
0.003613
0.003614
0.003614
0.003614
0.003614
0.003615
0.003615
0.003615
0.003616
0.003616
0.003616
0.003616
0.003617
0.003617
0.003617
0.003617
0.003618
0.003618
0.003618
0.003619
0.003619
0.003619
0.003619
0.003620
0.003620
0.003620
0.003621
0.003621
0.003621
0.003621
0.003622
0.003622
0.003622
0.003622
0.003623
0.003623
0.003623
0.003624
0.003624
0.003624
0.003624
0.003625
0.003625
0.003625
0.003626
0.003626
0.003626
0.003626
0.003627
0.003627
0.003627
0.003627
0.003628
0.003628
0.003628
0.003629
0.003629
0.003629
0.003629
0.003630
0.003630
0.003630
0.003631
0.003631
0.003631
0.003631
0.003632
0.003632
0.003632
0.003632
0.003633
0.003633
0.003633
0.003634
0.003634
0.003634
0.003634
0.003635
0.003635
0.003635
0.003636
0.003636
0.003636
0.003636
0.003637
0.003637
0.003637
0.003637
0.003638
0.003638
0.003638
0.003639
0.003639
0.003639
0.003639
0.003640
0.003640
0.003640
0.003641
0.003641
0.003641
0.003641
0.003642
0.003642
0.003642
0.003642
0.003643
0.003643
0.003643
0.003644
0.003644
0.003644
0.003644
0.003645
0.003645
0.003645
0.003646
0.003646
0.003646
0.003646
0.003647
0.003647
0.003647
0.003648
0.003648
0.003648
0.003648
0.003649
0.003649
0.003649
0.003649
0.003650
0.003650
0.003650
0.003651
0.003651
0.003651
0.003651
0.003652
0.003652
0.003652
0.003653
0.003653
0.003653
0.003653
0.003654
0.003654
0.003654
0.003655
0.003655
0.003655
0.003655
0.003656
0.003656
0.003656
0.003656
0.003657
0.003657
0.003657
0.003658
0.003658
0.003658
0.003658
0.003659
0.003659
0.003659
0.003660
0.003660
0.003660
0.003660
0.003661
0.003661
0.003661
0.003662
0.003662
0.003662
0.003662
0.003663
0.003663
0.003663
0.003663
0.003664
0.003664
0.003664
0.003665
0.003665
0.003665
0.003665
0.003666
0.003666
0.003666
0.003667
0.003667
0.003667
0.003667
0.003668
0.003668
0.003668
0.003669
0.003669
0.003669
0.003669
0.003670
0.003670
0.003670
0.003671
0.003671
0.003671
0.003671
0.003672
0.003672
0.003672
0.003672
0.003673
0.003673
0.003673
0.003674
0.003674
0.003674
0.003674
0.003675
0.003675
0.003675
0.003676
0.003676
0.003676
0.003676
0.003677
0.003677
0.003677
0.003678
0.003678
0.003678
0.003678
0.003679
0.003679
0.003679
0.003680
0.003680
0.003680
0.003680
0.003681
0.003681
0.003681
0.003682
0.003682
0.003682
0.003682
0.003683
0.003683
0.003683
0.003683
0.003684
0.003684
0.003684
0.003685
0.003685
0.003685
0.003685
0.003686
0.003686
0.003686
0.003687
0.003687
0.003687
0.003687
0.003688
0.003688
0.003688
0.003689
0.003689
0.003689
0.003689
0.003690
0.003690
0.003690
0.003691
0.003691
0.003691
0.003691
0.003692
0.003692
0.003692
0.003693
0.003693
0.003693
0.003693
0.003694
0.003694
0.003694
0.003695
0.003695
0.003695
0.003695
0.003696
0.003696
0.003696
0.003697
0.003697
0.003697
0.003697
0.003698
0.003698
0.003698
0.003699
0.003699
0.003699
0.003699
0.003700
0.003700
0.003700
0.003700
0.003701
0.003701
0.003701
0.003702
0.003702
0.003702
0.003702
0.003703
0.003703
0.003703
0.003704
0.003704
0.003704
0.003704
0.003705
0.003705
0.003705
0.003706
0.003706
0.003706
0.003706
0.003707
0.003707
0.003707
0.003708
0.003708
0.003708
0.003708
0.003709
0.003709
0.003709
0.003710
0.003710
0.003710
0.003710
0.003711
0.003711
0.003711
0.003712
0.003712
0.003712
0.003712
0.003713
0.003713
0.003713
0.003714
0.003714
0.003714
0.003714
0.003715
0.003715
0.003715
0.003716
0.003716
0.003716
0.003716
0.003717
0.003717
0.003717
0.003718
0.003718
0.003718
0.003718
0.003719
0.003719
0.003719
0.003720
0.003720
0.003720
0.003720
0.003721
0.003721
0.003721
0.003722
0.003722
0.003722
0.003722
0.003723
0.003723
0.003723
0.003724
0.003724
0.003724
0.003724
0.003725
0.003725
0.003725
0.003726
0.003726
0.003726
0.003726
0.003727
0.003727
0.003727
0.003728
0.003728
0.003728
0.003728
0.003729
0.003729
0.003729
0.003730
0.003730
0.003730
0.003730
0.003731
0.003731
0.003731
0.003732
0.003732
0.003732
0.003732
0.003733
0.003733
0.003733
0.003734
0.003734
0.003734
0.003735
0.003735
0.003735
0.003735
0.003736
0.003736
0.003736
0.003737
0.003737
0.003737
0.003737
0.003738
0.003738
0.003738
0.003739
0.003739
0.003739
0.003739
0.003740
0.003740
0.003740
0.003741
0.003741
0.003741
0.003741
0.003742
0.003742
0.003742
0.003743
0.003743
0.003743
0.003743
0.003744
0.003744
0.003744
0.003745
0.003745
0.003745
0.003745
0.003746
0.003746
0.003746
0.003747
0.003747
0.003747
0.003747
0.003748
0.003748
0.003748
0.003749
0.003749
0.003749
0.003749
0.003750
0.003750
0.003750
0.003751
0.003751
0.003751
0.003752
0.003752
0.003752
0.003752
0.003753
0.003753
0.003753
0.003754
0.003754
0.003754
0.003754
0.003755
0.003755
0.003755
0.003756
0.003756
0.003756
0.003756
0.003757
0.003757
0.003757
0.003758
0.003758
0.003758
0.003758
0.003759
0.003759
0.003759
0.003760
0.003760
0.003760
0.003760
0.003761
0.003761
0.003761
0.003762
0.003762
0.003762
0.003763
0.003763
0.003763
0.003763
0.003764
0.003764
0.003764
0.003765
0.003765
0.003765
0.003765
0.003766
0.003766
0.003766
0.003767
0.003767
0.003767
0.003767
0.003768
0.003768
0.003768
0.003769
0.003769
0.003769
0.003769
0.003770
0.003770
0.003770
0.003771
0.003771
0.003771
0.003772
0.003772
0.003772
0.003772
0.003773
0.003773
0.003773
0.003774
0.003774
0.003774
0.003774
0.003775
0.003775
0.003775
0.003776
0.003776
0.003776
0.003776
0.003777
0.003777
0.003777
0.003778
0.003778
0.003778
0.003778
0.003779
0.003779
0.003779
0.003780
0.003780
0.003780
0.003781
0.003781
0.003781
0.003781
0.003782
0.003782
0.003782
0.003783
0.003783
0.003783
0.003783
0.003784
0.003784
0.003784
0.003785
0.003785
0.003785
0.003786
0.003786
0.003786
0.003786
0.003787
0.003787
0.003787
0.003788
0.003788
0.003788
0.003788
0.003789
0.003789
0.003789
0.003790
0.003790
0.003790
0.003790
0.003791
0.003791
0.003791
0.003792
0.003792
0.003792
0.003793
0.003793
0.003793
0.003793
0.003794
0.003794
0.003794
0.003795
0.003795
0.003795
0.003795
0.003796
0.003796
0.003796
0.003797
0.003797
0.003797
0.003798
0.003798
0.003798
0.003798
0.003799
0.003799
0.003799
0.003800
0.003800
0.003800
0.003800
0.003801
0.003801
0.003801
0.003802
0.003802
0.003802
0.003802
0.003803
0.003803
0.003803
0.003804
0.003804
0.003804
0.003805
0.003805
0.003805
0.003805
0.003806
0.003806
0.003806
0.003807
0.003807
0.003807
0.003807
0.003808
0.003808
0.003808
0.003809
0.003809
0.003809
0.003810
0.003810
0.003810
0.003810
0.003811
0.003811
0.003811
0.003812
0.003812
0.003812
0.003812
0.003813
0.003813
0.003813
0.003814
0.003814
0.003814
0.003815
0.003815
0.003815
0.003815
0.003816
0.003816
0.003816
0.003817
0.003817
0.003817
0.003818
0.003818
0.003818
0.003818
0.003819
0.003819
0.003819
0.003820
0.003820
0.003820
0.003820
0.003821
0.003821
0.003821
0.003822
0.003822
0.003822
0.003823
0.003823
0.003823
0.003823
0.003824
0.003824
0.003824
0.003825
0.003825
0.003825
0.003825
0.003826
0.003826
0.003826
0.003827
0.003827
0.003827
0.003828
0.003828
0.003828
0.003828
0.003829
0.003829
0.003829
0.003830
0.003830
0.003830
0.003831
0.003831
0.003831
0.003831
0.003832
0.003832
0.003832
0.003833
0.003833
0.003833
0.003833
0.003834
0.003834
0.003834
0.003835
0.003835
0.003835
0.003836
0.003836
0.003836
0.003836
0.003837
0.003837
0.003837
0.003838
0.003838
0.003838
0.003839
0.003839
0.003839
0.003839
0.003840
0.003840
0.003840
0.003841
0.003841
0.003841
0.003842
0.003842
0.003842
0.003842
0.003843
0.003843
0.003843
0.003844
0.003844
0.003844
0.003844
0.003845
0.003845
0.003845
0.003846
0.003846
0.003846
0.003847
0.003847
0.003847
0.003847
0.003848
0.003848
0.003848
0.003849
0.003849
0.003849
0.003850
0.003850
0.003850
0.003850
0.003851
0.003851
0.003851
0.003852
0.003852
0.003852
0.003853
0.003853
0.003853
0.003853
0.003854
0.003854
0.003854
0.003855
0.003855
0.003855
0.003856
0.003856
0.003856
0.003856
0.003857
0.003857
0.003857
0.003858
0.003858
0.003858
0.003858
0.003859
0.003859
0.003859
0.003860
0.003860
0.003860
0.003861
0.003861
0.003861
0.003861
0.003862
0.003862
0.003862
0.003863
0.003863
0.003863
0.003864
0.003864
0.003864
0.003864
0.003865
0.003865
0.003865
0.003866
0.003866
0.003866
0.003867
0.003867
0.003867
0.003867
0.003868
0.003868
0.003868
0.003869
0.003869
0.003869
0.003870
0.003870
0.003870
0.003870
0.003871
0.003871
0.003871
0.003872
0.003872
0.003872
0.003873
0.003873
0.003873
0.003873
0.003874
0.003874
0.003874
0.003875
0.003875
0.003875
0.003876
0.003876
0.003876
0.003876
0.003877
0.003877
0.003877
0.003878
0.003878
0.003878
0.003879
0.003879
0.003879
0.003879
0.003880
0.003880
0.003880
0.003881
0.003881
0.003881
0.003882
0.003882
0.003882
0.003882
0.003883
0.003883
0.003883
0.003884
0.003884
0.003884
0.003885
0.003885
0.003885
0.003886
0.003886
0.003886
0.003886
0.003887
0.003887
0.003887
0.003888
0.003888
0.003888
0.003889
0.003889
0.003889
0.003889
0.003890
0.003890
0.003890
0.003891
0.003891
0.003891
0.003892
0.003892
0.003892
0.003892
0.003893
0.003893
0.003893
0.003894
0.003894
0.003894
0.003895
0.003895
0.003895
0.003895
0.003896
0.003896
0.003896
0.003897
0.003897
0.003897
0.003898
0.003898
0.003898
0.003898
0.003899
0.003899
0.003899
0.003900
0.003900
0.003900
0.003901
0.003901
0.003901
0.003902
0.003902
0.003902
0.003902
0.003903
0.003903
0.003903
0.003904
0.003904
0.003904
0.003905
0.003905
0.003905
0.003905
0.003906
0.003906
0.003906
0.003907
0.003907
0.003907
0.003908
0.003908
0.003908
0.003908
0.003909
0.003909
0.003909
0.003910
0.003910
0.003910
0.003911
0.003911
0.003911
0.003912
0.003912
0.003912
0.003912
0.003913
0.003913
0.003913
0.003914
0.003914
0.003914
0.003915
0.003915
0.003915
0.003915
0.003916
0.003916
0.003916
0.003917
0.003917
0.003917
0.003918
0.003918
0.003918
0.003919
0.003919
0.003919
0.003919
0.003920
0.003920
0.003920
0.003921
0.003921
0.003921
0.003922
0.003922
0.003922
0.003922
0.003923
0.003923
0.003923
0.003924
0.003924
0.003924
0.003925
0.003925
0.003925
0.003926
0.003926
0.003926
0.003926
0.003927
0.003927
0.003927
0.003928
0.003928
0.003928
0.003929
0.003929
0.003929
0.003930
0.003930
0.003930
0.003930
0.003931
0.003931
0.003931
0.003932
0.003932
0.003932
0.003933
0.003933
0.003933
0.003933
0.003934
0.003934
0.003934
0.003935
0.003935
0.003935
0.003936
0.003936
0.003936
0.003937
0.003937
0.003937
0.003937
0.003938
0.003938
0.003938
0.003939
0.003939
0.003939
0.003940
0.003940
0.003940
0.003941
0.003941
0.003941
0.003941
0.003942
0.003942
0.003942
0.003943
0.003943
0.003943
0.003944
0.003944
0.003944
0.003945
0.003945
0.003945
0.003945
0.003946
0.003946
0.003946
0.003947
0.003947
0.003947
0.003948
0.003948
0.003948
0.003949
0.003949
0.003949
0.003949
0.003950
0.003950
0.003950
0.003951
0.003951
0.003951
0.003952
0.003952
0.003952
0.003953
0.003953
0.003953
0.003953
0.003954
0.003954
0.003954
0.003955
0.003955
0.003955
0.003956
0.003956
0.003956
0.003957
0.003957
0.003957
0.003957
0.003958
0.003958
0.003958
0.003959
0.003959
0.003959
0.003960
0.003960
0.003960
0.003961
0.003961
0.003961
0.003961
0.003962
0.003962
0.003962
0.003963
0.003963
0.003963
0.003964
0.003964
0.003964
0.003965
0.003965
0.003965
0.003965
0.003966
0.003966
0.003966
0.003967
0.003967
0.003967
0.003968
0.003968
0.003968
0.003969
0.003969
0.003969
0.003969
0.003970
0.003970
0.003970
0.003971
0.003971
0.003971
0.003972
0.003972
0.003972
0.003973
0.003973
0.003973
0.003973
0.003974
0.003974
0.003974
0.003975
0.003975
0.003975
0.003976
0.003976
0.003976
0.003977
0.003977
0.003977
0.003978
0.003978
0.003978
0.003978
0.003979
0.003979
0.003979
0.003980
0.003980
0.003980
0.003981
0.003981
0.003981
0.003982
0.003982
0.003982
0.003982
0.003983
0.003983
0.003983
0.003984
0.003984
0.003984
0.003985
0.003985
0.003985
0.003986
0.003986
0.003986
0.003987
0.003987
0.003987
0.003987
0.003988
0.003988
0.003988
0.003989
0.003989
0.003989
0.003990
0.003990
0.003990
0.003991
0.003991
0.003991
0.003992
0.003992
0.003992
0.003992
0.003993
0.003993
0.003993
0.003994
0.003994
0.003994
0.003995
0.003995
0.003995
0.003996
0.003996
0.003996
0.003996
0.003997
0.003997
0.003997
0.003998
0.003998
0.003998
0.003999
0.003999
0.003999
0.004000
0.004000
0.004000
0.004001
0.004001
0.004001
0.004001
0.004002
0.004002
0.004002
0.004003
0.004003
0.004003
0.004004
0.004004
0.004004
0.004005
0.004005
0.004005
0.004006
0.004006
0.004006
0.004006
0.004007
0.004007
0.004007
0.004008
0.004008
0.004008
0.004009
0.004009
0.004009
0.004010
0.004010
0.004010
0.004011
0.004011
0.004011
0.004011
0.004012
0.004012
0.004012
0.004013
0.004013
0.004013
0.004014
0.004014
0.004014
0.004015
0.004015
0.004015
0.004016
0.004016
0.004016
0.004017
0.004017
0.004017
0.004017
0.004018
0.004018
0.004018
0.004019
0.004019
0.004019
0.004020
0.004020
0.004020
0.004021
0.004021
0.004021
0.004022
0.004022
0.004022
0.004022
0.004023
0.004023
0.004023
0.004024
0.004024
0.004024
0.004025
0.004025
0.004025
0.004026
0.004026
0.004026
0.004027
0.004027
0.004027
0.004028
0.004028
0.004028
0.004028
0.004029
0.004029
0.004029
0.004030
0.004030
0.004030
0.004031
0.004031
0.004031
0.004032
0.004032
0.004032
0.004033
0.004033
0.004033
0.004033
0.004034
0.004034
0.004034
0.004035
0.004035
0.004035
0.004036
0.004036
0.004036
0.004037
0.004037
0.004037
0.004038
0.004038
0.004038
0.004039
0.004039
0.004039
0.004039
0.004040
0.004040
0.004040
0.004041
0.004041
0.004041
0.004042
0.004042
0.004042
0.004043
0.004043
0.004043
0.004044
0.004044
0.004044
0.004045
0.004045
0.004045
0.004045
0.004046
0.004046
0.004046
0.004047
0.004047
0.004047
0.004048
0.004048
0.004048
0.004049
0.004049
0.004049
0.004050
0.004050
0.004050
0.004051
0.004051
0.004051
0.004052
0.004052
0.004052
0.004052
0.004053
0.004053
0.004053
0.004054
0.004054
0.004054
0.004055
0.004055
0.004055
0.004056
0.004056
0.004056
0.004057
0.004057
0.004057
0.004058
0.004058
0.004058
0.004058
0.004059
0.004059
0.004059
0.004060
0.004060
0.004060
0.004061
0.004061
0.004061
0.004062
0.004062
0.004062
0.004063
0.004063
0.004063
0.004064
0.004064
0.004064
0.004065
0.004065
0.004065
0.004065
0.004066
0.004066
0.004066
0.004067
0.004067
0.004067
0.004068
0.004068
0.004068
0.004069
0.004069
0.004069
0.004070
0.004070
0.004070
0.004071
0.004071
0.004071
0.004072
0.004072
0.004072
0.004072
0.004073
0.004073
0.004073
0.004074
0.004074
0.004074
0.004075
0.004075
0.004075
0.004076
0.004076
0.004076
0.004077
0.004077
0.004077
0.004078
0.004078
0.004078
0.004079
0.004079
0.004079
0.004080
0.004080
0.004080
0.004080
0.004081
0.004081
0.004081
0.004082
0.004082
0.004082
0.004083
0.004083
0.004083
0.004084
0.004084
0.004084
0.004085
0.004085
0.004085
0.004086
0.004086
0.004086
0.004087
0.004087
0.004087
0.004088
0.004088
0.004088
0.004088
0.004089
0.004089
0.004089
0.004090
0.004090
0.004090
0.004091
0.004091
0.004091
0.004092
0.004092
0.004092
0.004093
0.004093
0.004093
0.004094
0.004094
0.004094
0.004095
0.004095
0.004095
0.004096
0.004096
0.004096
0.004097
0.004097
0.004097
0.004097
0.004098
0.004098
0.004098
0.004099
0.004099
0.004099
0.004100
0.004100
0.004100
0.004101
0.004101
0.004101
0.004102
0.004102
0.004102
0.004103
0.004103
0.004103
0.004104
0.004104
0.004104
0.004105
0.004105
0.004105
0.004106
0.004106
0.004106
0.004106
0.004107
0.004107
0.004107
0.004108
0.004108
0.004108
0.004109
0.004109
0.004109
0.004110
0.004110
0.004110
0.004111
0.004111
0.004111
0.004112
0.004112
0.004112
0.004113
0.004113
0.004113
0.004114
0.004114
0.004114
0.004115
0.004115
0.004115
0.004116
0.004116
0.004116
0.004116
0.004117
0.004117
0.004117
0.004118
0.004118
0.004118
0.004119
0.004119
0.004119
0.004120
0.004120
0.004120
0.004121
0.004121
0.004121
0.004122
0.004122
0.004122
0.004123
0.004123
0.004123
0.004124
0.004124
0.004124
0.004125
0.004125
0.004125
0.004126
0.004126
0.004126
0.004127
0.004127
0.004127
0.004127
0.004128
0.004128
0.004128
0.004129
0.004129
0.004129
0.004130
0.004130
0.004130
0.004131
0.004131
0.004131
0.004132
0.004132
0.004132
0.004133
0.004133
0.004133
0.004134
0.004134
0.004134
0.004135
0.004135
0.004135
0.004136
0.004136
0.004136
0.004137
0.004137
0.004137
0.004138
0.004138
0.004138
0.004139
0.004139
0.004139
0.004139
0.004140
0.004140
0.004140
0.004141
0.004141
0.004141
0.004142
0.004142
0.004142
0.004143
0.004143
0.004143
0.004144
0.004144
0.004144
0.004145
0.004145
0.004145
0.004146
0.004146
0.004146
0.004147
0.004147
0.004147
0.004148
0.004148
0.004148
0.004149
0.004149
0.004149
0.004150
0.004150
0.004150
0.004151
0.004151
0.004151
0.004152
0.004152
0.004152
0.004153
0.004153
0.004153
0.004154
0.004154
0.004154
0.004154
0.004155
0.004155
0.004155
0.004156
0.004156
0.004156
0.004157
0.004157
0.004157
0.004158
0.004158
0.004158
0.004159
0.004159
0.004159
0.004160
0.004160
0.004160
0.004161
0.004161
0.004161
0.004162
0.004162
0.004162
0.004163
0.004163
0.004163
0.004164
0.004164
0.004164
0.004165
0.004165
0.004165
0.004166
0.004166
0.004166
0.004167
0.004167
0.004167
0.004168
0.004168
0.004168
0.004169
0.004169
0.004169
0.004170
0.004170
0.004170
0.004171
0.004171
0.004171
0.004172
0.004172
0.004172
0.004172
0.004173
0.004173
0.004173
0.004174
0.004174
0.004174
0.004175
0.004175
0.004175
0.004176
0.004176
0.004176
0.004177
0.004177
0.004177
0.004178
0.004178
0.004178
0.004179
0.004179
0.004179
0.004180
0.004180
0.004180
0.004181
0.004181
0.004181
0.004182
0.004182
0.004182
0.004183
0.004183
0.004183
0.004184
0.004184
0.004184
0.004185
0.004185
0.004185
0.004186
0.004186
0.004186
0.004187
0.004187
0.004187
0.004188
0.004188
0.004188
0.004189
0.004189
0.004189
0.004190
0.004190
0.004190
0.004191
0.004191
0.004191
0.004192
0.004192
0.004192
0.004193
0.004193
0.004193
0.004194
0.004194
0.004194
0.004195
0.004195
0.004195
0.004196
0.004196
0.004196
0.004197
0.004197
0.004197
0.004198
0.004198
0.004198
0.004199
0.004199
0.004199
0.004200
0.004200
0.004200
0.004201
0.004201
0.004201
0.004202
0.004202
0.004202
0.004203
0.004203
0.004203
0.004204
0.004204
0.004204
0.004204
0.004205
0.004205
0.004205
0.004206
0.004206
0.004206
0.004207
0.004207
0.004207
0.004208
0.004208
0.004208
0.004209
0.004209
0.004209
0.004210
0.004210
0.004210
0.004211
0.004211
0.004211
0.004212
0.004212
0.004212
0.004213
0.004213
0.004213
0.004214
0.004214
0.004214
0.004215
0.004215
0.004215
0.004216
0.004216
0.004216
0.004217
0.004217
0.004217
0.004218
0.004218
0.004218
0.004219
0.004219
0.004219
0.004220
0.004220
0.004220
0.004221
0.004221
0.004221
0.004222
0.004222
0.004222
0.004223
0.004223
0.004223
0.004224
0.004224
0.004224
0.004225
0.004225
0.004225
0.004226
0.004226
0.004226
0.004227
0.004227
0.004227
0.004228
0.004228
0.004228
0.004229
0.004229
0.004229
0.004230
0.004230
0.004230
0.004231
0.004231
0.004231
0.004232
0.004232
0.004232
0.004233
0.004233
0.004233
0.004234
0.004234
0.004234
0.004235
0.004235
0.004235
0.004236
0.004236
0.004236
0.004237
0.004237
0.004237
0.004238
0.004238
0.004238
0.004239
0.004239
0.004239
0.004240
0.004240
0.004240
0.004241
0.004241
0.004241
0.004242
0.004242
0.004242
0.004243
0.004243
0.004243
0.004244
0.004244
0.004244
0.004245
0.004245
0.004245
0.004246
0.004246
0.004247
0.004247
0.004247
0.004248
0.004248
0.004248
0.004249
0.004249
0.004249
0.004250
0.004250
0.004250
0.004251
0.004251
0.004251
0.004252
0.004252
0.004252
0.004253
0.004253
0.004253
0.004254
0.004254
0.004254
0.004255
0.004255
0.004255
0.004256
0.004256
0.004256
0.004257
0.004257
0.004257
0.004258
0.004258
0.004258
0.004259
0.004259
0.004259
0.004260
0.004260
0.004260
0.004261
0.004261
0.004261
0.004262
0.004262
0.004262
0.004263
0.004263
0.004263
0.004264
0.004264
0.004264
0.004265
0.004265
0.004265
0.004266
0.004266
0.004266
0.004267
0.004267
0.004267
0.004268
0.004268
0.004268
0.004269
0.004269
0.004269
0.004270
0.004270
0.004270
0.004271
0.004271
0.004271
0.004272
0.004272
0.004272
0.004273
0.004273
0.004273
0.004274
0.004274
0.004274
0.004275
0.004275
0.004275
0.004276
0.004276
0.004276
0.004277
0.004277
0.004277
0.004278
0.004278
0.004279
0.004279
0.004279
0.004280
0.004280
0.004280
0.004281
0.004281
0.004281
0.004282
0.004282
0.004282
0.004283
0.004283
0.004283
0.004284
0.004284
0.004284
0.004285
0.004285
0.004285
0.004286
0.004286
0.004286
0.004287
0.004287
0.004287
0.004288
0.004288
0.004288
0.004289
0.004289
0.004289
0.004290
0.004290
0.004290
0.004291
0.004291
0.004291
0.004292
0.004292
0.004292
0.004293
0.004293
0.004293
0.004294
0.004294
0.004294
0.004295
0.004295
0.004295
0.004296
0.004296
0.004296
0.004297
0.004297
0.004298
0.004298
0.004298
0.004299
0.004299
0.004299
0.004300
0.004300
0.004300
0.004301
0.004301
0.004301
0.004302
0.004302
0.004302
0.004303
0.004303
0.004303
0.004304
0.004304
0.004304
0.004305
0.004305
0.004305
0.004306
0.004306
0.004306
0.004307
0.004307
0.004307
0.004308
0.004308
0.004308
0.004309
0.004309
0.004309
0.004310
0.004310
0.004310
0.004311
0.004311
0.004311
0.004312
0.004312
0.004313
0.004313
0.004313
0.004314
0.004314
0.004314
0.004315
0.004315
0.004315
0.004316
0.004316
0.004316
0.004317
0.004317
0.004317
0.004318
0.004318
0.004318
0.004319
0.004319
0.004319
0.004320
0.004320
0.004320
0.004321
0.004321
0.004321
0.004322
0.004322
0.004322
0.004323
0.004323
0.004323
0.004324
0.004324
0.004324
0.004325
0.004325
0.004326
0.004326
0.004326
0.004327
0.004327
0.004327
0.004328
0.004328
0.004328
0.004329
0.004329
0.004329
0.004330
0.004330
0.004330
0.004331
0.004331
0.004331
0.004332
0.004332
0.004332
0.004333
0.004333
0.004333
0.004334
0.004334
0.004334
0.004335
0.004335
0.004335
0.004336
0.004336
0.004337
0.004337
0.004337
0.004338
0.004338
0.004338
0.004339
0.004339
0.004339
0.004340
0.004340
0.004340
0.004341
0.004341
0.004341
0.004342
0.004342
0.004342
0.004343
0.004343
0.004343
0.004344
0.004344
0.004344
0.004345
0.004345
0.004345
0.004346
0.004346
0.004346
0.004347
0.004347
0.004348
0.004348
0.004348
0.004349
0.004349
0.004349
0.004350
0.004350
0.004350
0.004351
0.004351
0.004351
0.004352
0.004352
0.004352
0.004353
0.004353
0.004353
0.004354
0.004354
0.004354
0.004355
0.004355
0.004355
0.004356
0.004356
0.004357
0.004357
0.004357
0.004358
0.004358
0.004358
0.004359
0.004359
0.004359
0.004360
0.004360
0.004360
0.004361
0.004361
0.004361
0.004362
0.004362
0.004362
0.004363
0.004363
0.004363
0.004364
0.004364
0.004364
0.004365
0.004365
0.004366
0.004366
0.004366
0.004367
0.004367
0.004367
0.004368
0.004368
0.004368
0.004369
0.004369
0.004369
0.004370
0.004370
0.004370
0.004371
0.004371
0.004371
0.004372
0.004372
0.004372
0.004373
0.004373
0.004373
0.004374
0.004374
0.004375
0.004375
0.004375
0.004376
0.004376
0.004376
0.004377
0.004377
0.004377
0.004378
0.004378
0.004378
0.004379
0.004379
0.004379
0.004380
0.004380
0.004380
0.004381
0.004381
0.004381
0.004382
0.004382
0.004383
0.004383
0.004383
0.004384
0.004384
0.004384
0.004385
0.004385
0.004385
0.004386
0.004386
0.004386
0.004387
0.004387
0.004387
0.004388
0.004388
0.004388
0.004389
0.004389
0.004390
0.004390
0.004390
0.004391
0.004391
0.004391
0.004392
0.004392
0.004392
0.004393
0.004393
0.004393
0.004394
0.004394
0.004394
0.004395
0.004395
0.004395
0.004396
0.004396
0.004396
0.004397
0.004397
0.004398
0.004398
0.004398
0.004399
0.004399
0.004399
0.004400
0.004400
0.004400
0.004401
0.004401
0.004401
0.004402
0.004402
0.004402
0.004403
0.004403
0.004403
0.004404
0.004404
0.004405
0.004405
0.004405
0.004406
0.004406
0.004406
0.004407
0.004407
0.004407
0.004408
0.004408
0.004408
0.004409
0.004409
0.004409
0.004410
0.004410
0.004410
0.004411
0.004411
0.004412
0.004412
0.004412
0.004413
0.004413
0.004413
0.004414
0.004414
0.004414
0.004415
0.004415
0.004415
0.004416
0.004416
0.004416
0.004417
0.004417
0.004418
0.004418
0.004418
0.004419
0.004419
0.004419
0.004420
0.004420
0.004420
0.004421
0.004421
0.004421
0.004422
0.004422
0.004422
0.004423
0.004423
0.004424
0.004424
0.004424
0.004425
0.004425
0.004425
0.004426
0.004426
0.004426
0.004427
0.004427
0.004427
0.004428
0.004428
0.004428
0.004429
0.004429
0.004429
0.004430
0.004430
0.004431
0.004431
0.004431
0.004432
0.004432
0.004432
0.004433
0.004433
0.004433
0.004434
0.004434
0.004434
0.004435
0.004435
0.004436
0.004436
0.004436
0.004437
0.004437
0.004437
0.004438
0.004438
0.004438
0.004439
0.004439
0.004439
0.004440
0.004440
0.004440
0.004441
0.004441
0.004442
0.004442
0.004442
0.004443
0.004443
0.004443
0.004444
0.004444
0.004444
0.004445
0.004445
0.004445
0.004446
0.004446
0.004446
0.004447
0.004447
0.004448
0.004448
0.004448
0.004449
0.004449
0.004449
0.004450
0.004450
0.004450
0.004451
0.004451
0.004451
0.004452
0.004452
0.004452
0.004453
0.004453
0.004454
0.004454
0.004454
0.004455
0.004455
0.004455
0.004456
0.004456
0.004456
0.004457
0.004457
0.004457
0.004458
0.004458
0.004459
0.004459
0.004459
0.004460
0.004460
0.004460
0.004461
0.004461
0.004461
0.004462
0.004462
0.004462
0.004463
0.004463
0.004464
0.004464
0.004464
0.004465
0.004465
0.004465
0.004466
0.004466
0.004466
0.004467
0.004467
0.004467
0.004468
0.004468
0.004469
0.004469
0.004469
0.004470
0.004470
0.004470
0.004471
0.004471
0.004471
0.004472
0.004472
0.004472
0.004473
0.004473
0.004474
0.004474
0.004474
0.004475
0.004475
0.004475
0.004476
0.004476
0.004476
0.004477
0.004477
0.004477
0.004478
0.004478
0.004479
0.004479
0.004479
0.004480
0.004480
0.004480
0.004481
0.004481
0.004481
0.004482
0.004482
0.004482
0.004483
0.004483
0.004484
0.004484
0.004484
0.004485
0.004485
0.004485
0.004486
0.004486
0.004486
0.004487
0.004487
0.004487
0.004488
0.004488
0.004489
0.004489
0.004489
0.004490
0.004490
0.004490
0.004491
0.004491
0.004491
0.004492
0.004492
0.004492
0.004493
0.004493
0.004494
0.004494
0.004494
0.004495
0.004495
0.004495
0.004496
0.004496
0.004496
0.004497
0.004497
0.004497
0.004498
0.004498
0.004499
0.004499
0.004499
0.004500
0.004500
0.004500
0.004501
0.004501
0.004501
0.004502
0.004502
0.004503
0.004503
0.004503
0.004504
0.004504
0.004504
0.004505
0.004505
0.004505
0.004506
0.004506
0.004506
0.004507
0.004507
0.004508
0.004508
0.004508
0.004509
0.004509
0.004509
0.004510
0.004510
0.004510
0.004511
0.004511
0.004512
0.004512
0.004512
0.004513
0.004513
0.004513
0.004514
0.004514
0.004514
0.004515
0.004515
0.004515
0.004516
0.004516
0.004517
0.004517
0.004517
0.004518
0.004518
0.004518
0.004519
0.004519
0.004519
0.004520
0.004520
0.004521
0.004521
0.004521
0.004522
0.004522
0.004522
0.004523
0.004523
0.004523
0.004524
0.004524
0.004525
0.004525
0.004525
0.004526
0.004526
0.004526
0.004527
0.004527
0.004527
0.004528
0.004528
0.004529
0.004529
0.004529
0.004530
0.004530
0.004530
0.004531
0.004531
0.004531
0.004532
0.004532
0.004533
0.004533
0.004533
0.004534
0.004534
0.004534
0.004535
0.004535
0.004535
0.004536
0.004536
0.004536
0.004537
0.004537
0.004538
0.004538
0.004538
0.004539
0.004539
0.004539
0.004540
0.004540
0.004540
0.004541
0.004541
0.004542
0.004542
0.004542
0.004543
0.004543
0.004543
0.004544
0.004544
0.004544
0.004545
0.004545
0.004546
0.004546
0.004546
0.004547
0.004547
0.004547
0.004548
0.004548
0.004548
0.004549
0.004549
0.004550
0.004550
0.004550
0.004551
0.004551
0.004551
0.004552
0.004552
0.004552
0.004553
0.004553
0.004554
0.004554
0.004554
0.004555
0.004555
0.004555
0.004556
0.004556
0.004557
0.004557
0.004557
0.004558
0.004558
0.004558
0.004559
0.004559
0.004559
0.004560
0.004560
0.004561
0.004561
0.004561
0.004562
0.004562
0.004562
0.004563
0.004563
0.004563
0.004564
0.004564
0.004565
0.004565
0.004565
0.004566
0.004566
0.004566
0.004567
0.004567
0.004567
0.004568
0.004568
0.004569
0.004569
0.004569
0.004570
0.004570
0.004570
0.004571
0.004571
0.004572
0.004572
0.004572
0.004573
0.004573
0.004573
0.004574
0.004574
0.004574
0.004575
0.004575
0.004576
0.004576
0.004576
0.004577
0.004577
0.004577
0.004578
0.004578
0.004578
0.004579
0.004579
0.004580
0.004580
0.004580
0.004581
0.004581
0.004581
0.004582
0.004582
0.004583
0.004583
0.004583
0.004584
0.004584
0.004584
0.004585
0.004585
0.004585
0.004586
0.004586
0.004587
0.004587
0.004587
0.004588
0.004588
0.004588
0.004589
0.004589
0.004589
0.004590
0.004590
0.004591
0.004591
0.004591
0.004592
0.004592
0.004592
0.004593
0.004593
0.004594
0.004594
0.004594
0.004595
0.004595
0.004595
0.004596
0.004596
0.004596
0.004597
0.004597
0.004598
0.004598
0.004598
0.004599
0.004599
0.004599
0.004600
0.004600
0.004601
0.004601
0.004601
0.004602
0.004602
0.004602
0.004603
0.004603
0.004604
0.004604
0.004604
0.004605
0.004605
0.004605
0.004606
0.004606
0.004606
0.004607
0.004607
0.004608
0.004608
0.004608
0.004609
0.004609
0.004609
0.004610
0.004610
0.004611
0.004611
0.004611
0.004612
0.004612
0.004612
0.004613
0.004613
0.004613
0.004614
0.004614
0.004615
0.004615
0.004615
0.004616
0.004616
0.004616
0.004617
0.004617
0.004618
0.004618
0.004618
0.004619
0.004619
0.004619
0.004620
0.004620
0.004621
0.004621
0.004621
0.004622
0.004622
0.004622
0.004623
0.004623
0.004624
0.004624
0.004624
0.004625
0.004625
0.004625
0.004626
0.004626
0.004626
0.004627
0.004627
0.004628
0.004628
0.004628
0.004629
0.004629
0.004629
0.004630
0.004630
0.004631
0.004631
0.004631
0.004632
0.004632
0.004632
0.004633
0.004633
0.004634
0.004634
0.004634
0.004635
0.004635
0.004635
0.004636
0.004636
0.004637
0.004637
0.004637
0.004638
0.004638
0.004638
0.004639
0.004639
0.004640
0.004640
0.004640
0.004641
0.004641
0.004641
0.004642
0.004642
0.004642
0.004643
0.004643
0.004644
0.004644
0.004644
0.004645
0.004645
0.004645
0.004646
0.004646
0.004647
0.004647
0.004647
0.004648
0.004648
0.004648
0.004649
0.004649
0.004650
0.004650
0.004650
0.004651
0.004651
0.004651
0.004652
0.004652
0.004653
0.004653
0.004653
0.004654
0.004654
0.004654
0.004655
0.004655
0.004656
0.004656
0.004656
0.004657
0.004657
0.004657
0.004658
0.004658
0.004659
0.004659
0.004659
0.004660
0.004660
0.004660
0.004661
0.004661
0.004662
0.004662
0.004662
0.004663
0.004663
0.004663
0.004664
0.004664
0.004665
0.004665
0.004665
0.004666
0.004666
0.004666
0.004667
0.004667
0.004668
0.004668
0.004668
0.004669
0.004669
0.004669
0.004670
0.004670
0.004671
0.004671
0.004671
0.004672
0.004672
0.004672
0.004673
0.004673
0.004674
0.004674
0.004674
0.004675
0.004675
0.004675
0.004676
0.004676
0.004677
0.004677
0.004677
0.004678
0.004678
0.004678
0.004679
0.004679
0.004680
0.004680
0.004680
0.004681
0.004681
0.004681
0.004682
0.004682
0.004683
0.004683
0.004683
0.004684
0.004684
0.004685
0.004685
0.004685
0.004686
0.004686
0.004686
0.004687
0.004687
0.004688
0.004688
0.004688
0.004689
0.004689
0.004689
0.004690
0.004690
0.004691
0.004691
0.004691
0.004692
0.004692
0.004692
0.004693
0.004693
0.004694
0.004694
0.004694
0.004695
0.004695
0.004695
0.004696
0.004696
0.004697
0.004697
0.004697
0.004698
0.004698
0.004698
0.004699
0.004699
0.004700
0.004700
0.004700
0.004701
0.004701
0.004702
0.004702
0.004702
0.004703
0.004703
0.004703
0.004704
0.004704
0.004705
0.004705
0.004705
0.004706
0.004706
0.004706
0.004707
0.004707
0.004708
0.004708
0.004708
0.004709
0.004709
0.004709
0.004710
0.004710
0.004711
0.004711
0.004711
0.004712
0.004712
0.004713
0.004713
0.004713
0.004714
0.004714
0.004714
0.004715
0.004715
0.004716
0.004716
0.004716
0.004717
0.004717
0.004717
0.004718
0.004718
0.004719
0.004719
0.004719
0.004720
0.004720
0.004721
0.004721
0.004721
0.004722
0.004722
0.004722
0.004723
0.004723
0.004724
0.004724
0.004724
0.004725
0.004725
0.004725
0.004726
0.004726
0.004727
0.004727
0.004727
0.004728
0.004728
0.004729
0.004729
0.004729
0.004730
0.004730
0.004730
0.004731
0.004731
0.004732
0.004732
0.004732
0.004733
0.004733
0.004733
0.004734
0.004734
0.004735
0.004735
0.004735
0.004736
0.004736
0.004737
0.004737
0.004737
0.004738
0.004738
0.004738
0.004739
0.004739
0.004740
0.004740
0.004740
0.004741
0.004741
0.004742
0.004742
0.004742
0.004743
0.004743
0.004743
0.004744
0.004744
0.004745
0.004745
0.004745
0.004746
0.004746
0.004746
0.004747
0.004747
0.004748
0.004748
0.004748
0.004749
0.004749
0.004750
0.004750
0.004750
0.004751
0.004751
0.004751
0.004752
0.004752
0.004753
0.004753
0.004753
0.004754
0.004754
0.004755
0.004755
0.004755
0.004756
0.004756
0.004756
0.004757
0.004757
0.004758
0.004758
0.004758
0.004759
0.004759
0.004760
0.004760
0.004760
0.004761
0.004761
0.004761
0.004762
0.004762
0.004763
0.004763
0.004763
0.004764
0.004764
0.004765
0.004765
0.004765
0.004766
0.004766
0.004766
0.004767
0.004767
0.004768
0.004768
0.004768
0.004769
0.004769
0.004770
0.004770
0.004770
0.004771
0.004771
0.004771
0.004772
0.004772
0.004773
0.004773
0.004773
0.004774
0.004774
0.004775
0.004775
0.004775
0.004776
0.004776
0.004776
0.004777
0.004777
0.004778
0.004778
0.004778
0.004779
0.004779
0.004780
0.004780
0.004780
0.004781
0.004781
0.004782
0.004782
0.004782
0.004783
0.004783
0.004783
0.004784
0.004784
0.004785
0.004785
0.004785
0.004786
0.004786
0.004787
0.004787
0.004787
0.004788
0.004788
0.004788
0.004789
0.004789
0.004790
0.004790
0.004790
0.004791
0.004791
0.004792
0.004792
0.004792
0.004793
0.004793
0.004794
0.004794
0.004794
0.004795
0.004795
0.004795
0.004796
0.004796
0.004797
0.004797
0.004797
0.004798
0.004798
0.004799
0.004799
0.004799
0.004800
0.004800
0.004800
0.004801
0.004801
0.004802
0.004802
0.004802
0.004803
0.004803
0.004804
0.004804
0.004804
0.004805
0.004805
0.004806
0.004806
0.004806
0.004807
0.004807
0.004807
0.004808
0.004808
0.004809
0.004809
0.004809
0.004810
0.004810
0.004811
0.004811
0.004811
0.004812
0.004812
0.004813
0.004813
0.004813
0.004814
0.004814
0.004814
0.004815
0.004815
0.004816
0.004816
0.004816
0.004817
0.004817
0.004818
0.004818
0.004818
0.004819
0.004819
0.004820
0.004820
0.004820
0.004821
0.004821
0.004822
0.004822
0.004822
0.004823
0.004823
0.004823
0.004824
0.004824
0.004825
0.004825
0.004825
0.004826
0.004826
0.004827
0.004827
0.004827
0.004828
0.004828
0.004829
0.004829
0.004829
0.004830
0.004830
0.004831
0.004831
0.004831
0.004832
0.004832
0.004832
0.004833
0.004833
0.004834
0.004834
0.004834
0.004835
0.004835
0.004836
0.004836
0.004836
0.004837
0.004837
0.004838
0.004838
0.004838
0.004839
0.004839
0.004840
0.004840
0.004840
0.004841
0.004841
0.004841
0.004842
0.004842
0.004843
0.004843
0.004843
0.004844
0.004844
0.004845
0.004845
0.004845
0.004846
0.004846
0.004847
0.004847
0.004847
0.004848
0.004848
0.004849
0.004849
0.004849
0.004850
0.004850
0.004851
0.004851
0.004851
0.004852
0.004852
0.004852
0.004853
0.004853
0.004854
0.004854
0.004854
0.004855
0.004855
0.004856
0.004856
0.004856
0.004857
0.004857
0.004858
0.004858
0.004858
0.004859
0.004859
0.004860
0.004860
0.004860
0.004861
0.004861
0.004862
0.004862
0.004862
0.004863
0.004863
0.004864
0.004864
0.004865
0.004865
0.004865
0.004866
0.004866
0.004867
0.004867
0.004867
0.004868
0.004868
0.004869
0.004869
0.004869
0.004870
0.004870
0.004871
0.004871
0.004871
0.004872
0.004872
0.004873
0.004873
0.004873
0.004874
0.004874
0.004875
0.004875
0.004875
0.004876
0.004876
0.004877
0.004877
0.004877
0.004878
0.004878
0.004879
0.004879
0.004879
0.004880
0.004880
0.004881
0.004881
0.004882
0.004882
0.004882
0.004883
0.004883
0.004884
0.004884
0.004884
0.004885
0.004885
0.004886
0.004886
0.004886
0.004887
0.004887
0.004888
0.004888
0.004888
0.004889
0.004889
0.004890
0.004890
0.004890
0.004891
0.004891
0.004892
0.004892
0.004893
0.004893
0.004893
0.004894
0.004894
0.004895
0.004895
0.004895
0.004896
0.004896
0.004897
0.004897
0.004897
0.004898
0.004898
0.004899
0.004899
0.004899
0.004900
0.004900
0.004901
0.004901
0.004902
0.004902
0.004902
0.004903
0.004903
0.004904
0.004904
0.004904
0.004905
0.004905
0.004906
0.004906
0.004906
0.004907
0.004907
0.004908
0.004908
0.004909
0.004909
0.004909
0.004910
0.004910
0.004911
0.004911
0.004911
0.004912
0.004912
0.004913
0.004913
0.004913
0.004914
0.004914
0.004915
0.004915
0.004916
0.004916
0.004916
0.004917
0.004917
0.004918
0.004918
0.004918
0.004919
0.004919
0.004920
0.004920
0.004920
0.004921
0.004921
0.004922
0.004922
0.004923
0.004923
0.004923
0.004924
0.004924
0.004925
0.004925
0.004925
0.004926
0.004926
0.004927
0.004927
0.004927
0.004928
0.004928
0.004929
0.004929
0.004930
0.004930
0.004930
0.004931
0.004931
0.004932
0.004932
0.004932
0.004933
0.004933
0.004934
0.004934
0.004935
0.004935
0.004935
0.004936
0.004936
0.004937
0.004937
0.004937
0.004938
0.004938
0.004939
0.004939
0.004939
0.004940
0.004940
0.004941
0.004941
0.004942
0.004942
0.004942
0.004943
0.004943
0.004944
0.004944
0.004944
0.004945
0.004945
0.004946
0.004946
0.004947
0.004947
0.004947
0.004948
0.004948
0.004949
0.004949
0.004949
0.004950
0.004950
0.004951
0.004951
0.004952
0.004952
0.004952
0.004953
0.004953
0.004954
0.004954
0.004954
0.004955
0.004955
0.004956
0.004956
0.004956
0.004957
0.004957
0.004958
0.004958
0.004959
0.004959
0.004959
0.004960
0.004960
0.004961
0.004961
0.004961
0.004962
0.004962
0.004963
0.004963
0.004964
0.004964
0.004964
0.004965
0.004965
0.004966
0.004966
0.004966
0.004967
0.004967
0.004968
0.004968
0.004969
0.004969
0.004969
0.004970
0.004970
0.004971
0.004971
0.004971
0.004972
0.004972
0.004973
0.004973
0.004974
0.004974
0.004974
0.004975
0.004975
0.004976
0.004976
0.004977
0.004977
0.004977
0.004978
0.004978
0.004979
0.004979
0.004979
0.004980
0.004980
0.004981
0.004981
0.004982
0.004982
0.004982
0.004983
0.004983
0.004984
0.004984
0.004984
0.004985
0.004985
0.004986
0.004986
0.004987
0.004987
0.004987
0.004988
0.004988
0.004989
0.004989
0.004989
0.004990
0.004990
0.004991
0.004991
0.004992
0.004992
0.004992
0.004993
0.004993
0.004994
0.004994
0.004995
0.004995
0.004995
0.004996
0.004996
0.004997
0.004997
0.004997
0.004998
0.004998
0.004999
0.004999
0.005000
0.005000
0.005000
0.005001
0.005001
0.005002
0.005002
0.005003
0.005003
0.005003
0.005004
0.005004
0.005005
0.005005
0.005005
0.005006
0.005006
0.005007
0.005007
0.005008
0.005008
0.005008
0.005009
0.005009
0.005010
0.005010
0.005011
0.005011
0.005011
0.005012
0.005012
0.005013
0.005013
0.005013
0.005014
0.005014
0.005015
0.005015
0.005016
0.005016
0.005016
0.005017
0.005017
0.005018
0.005018
0.005019
0.005019
0.005019
0.005020
0.005020
0.005021
0.005021
0.005021
0.005022
0.005022
0.005023
0.005023
0.005024
0.005024
0.005024
0.005025
0.005025
0.005026
0.005026
0.005027
0.005027
0.005027
0.005028
0.005028
0.005029
0.005029
0.005030
0.005030
0.005030
0.005031
0.005031
0.005032
0.005032
0.005032
0.005033
0.005033
0.005034
0.005034
0.005035
0.005035
0.005035
0.005036
0.005036
0.005037
0.005037
0.005038
0.005038
0.005038
0.005039
0.005039
0.005040
0.005040
0.005041
0.005041
0.005041
0.005042
0.005042
0.005043
0.005043
0.005043
0.005044
0.005044
0.005045
0.005045
0.005046
0.005046
0.005046
0.005047
0.005047
0.005048
0.005048
0.005049
0.005049
0.005049
0.005050
0.005050
0.005051
0.005051
0.005052
0.005052
0.005052
0.005053
0.005053
0.005054
0.005054
0.005055
0.005055
0.005055
0.005056
0.005056
0.005057
0.005057
0.005058
0.005058
0.005058
0.005059
0.005059
0.005060
0.005060
0.005061
0.005061
0.005061
0.005062
0.005062
0.005063
0.005063
0.005063
0.005064
0.005064
0.005065
0.005065
0.005066
0.005066
0.005066
0.005067
0.005067
0.005068
0.005068
0.005069
0.005069
0.005069
0.005070
0.005070
0.005071
0.005071
0.005072
0.005072
0.005072
0.005073
0.005073
0.005074
0.005074
0.005075
0.005075
0.005075
0.005076
0.005076
0.005077
0.005077
0.005078
0.005078
0.005078
0.005079
0.005079
0.005080
0.005080
0.005081
0.005081
0.005081
0.005082
0.005082
0.005083
0.005083
0.005084
0.005084
0.005084
0.005085
0.005085
0.005086
0.005086
0.005087
0.005087
0.005087
0.005088
0.005088
0.005089
0.005089
0.005090
0.005090
0.005090
0.005091
0.005091
0.005092
0.005092
0.005093
0.005093
0.005093
0.005094
0.005094
0.005095
0.005095
0.005096
0.005096
0.005096
0.005097
0.005097
0.005098
0.005098
0.005099
0.005099
0.005099
0.005100
0.005100
0.005101
0.005101
0.005102
0.005102
0.005102
0.005103
0.005103
0.005104
0.005104
0.005105
0.005105
0.005106
0.005106
0.005106
0.005107
0.005107
0.005108
0.005108
0.005109
0.005109
0.005109
0.005110
0.005110
0.005111
0.005111
0.005112
0.005112
0.005112
0.005113
0.005113
0.005114
0.005114
0.005115
0.005115
0.005115
0.005116
0.005116
0.005117
0.005117
0.005118
0.005118
0.005118
0.005119
0.005119
0.005120
0.005120
0.005121
0.005121
0.005121
0.005122
0.005122
0.005123
0.005123
0.005124
0.005124
0.005124
0.005125
0.005125
0.005126
0.005126
0.005127
0.005127
0.005128
0.005128
0.005128
0.005129
0.005129
0.005130
0.005130
0.005131
0.005131
0.005131
0.005132
0.005132
0.005133
0.005133
0.005134
0.005134
0.005134
0.005135
0.005135
0.005136
0.005136
0.005137
0.005137
0.005137
0.005138
0.005138
0.005139
0.005139
0.005140
0.005140
0.005141
0.005141
0.005141
0.005142
0.005142
0.005143
0.005143
0.005144
0.005144
0.005144
0.005145
0.005145
0.005146
0.005146
0.005147
0.005147
0.005147
0.005148
0.005148
0.005149
0.005149
0.005150
0.005150
0.005151
0.005151
0.005151
0.005152
0.005152
0.005153
0.005153
0.005154
0.005154
0.005154
0.005155
0.005155
0.005156
0.005156
0.005157
0.005157
0.005158
0.005158
0.005158
0.005159
0.005159
0.005160
0.005160
0.005161
0.005161
0.005161
0.005162
0.005162
0.005163
0.005163
0.005164
0.005164
0.005164
0.005165
0.005165
0.005166
0.005166
0.005167
0.005167
0.005168
0.005168
0.005168
0.005169
0.005169
0.005170
0.005170
0.005171
0.005171
0.005171
0.005172
0.005172
0.005173
0.005173
0.005174
0.005174
0.005175
0.005175
0.005175
0.005176
0.005176
0.005177
0.005177
0.005178
0.005178
0.005178
0.005179
0.005179
0.005180
0.005180
0.005181
0.005181
0.005182
0.005182
0.005182
0.005183
0.005183
0.005184
0.005184
0.005185
0.005185
0.005185
0.005186
0.005186
0.005187
0.005187
0.005188
0.005188
0.005189
0.005189
0.005189
0.005190
0.005190
0.005191
0.005191
0.005192
0.005192
0.005193
0.005193
0.005193
0.005194
0.005194
0.005195
0.005195
0.005196
0.005196
0.005196
0.005197
0.005197
0.005198
0.005198
0.005199
0.005199
0.005200
0.005200
0.005200
0.005201
0.005201
0.005202
0.005202
0.005203
0.005203
0.005204
0.005204
0.005204
0.005205
0.005205
0.005206
0.005206
0.005207
0.005207
0.005207
0.005208
0.005208
0.005209
0.005209
0.005210
0.005210
0.005211
0.005211
0.005211
0.005212
0.005212
0.005213
0.005213
0.005214
0.005214
0.005215
0.005215
0.005215
0.005216
0.005216
0.005217
0.005217
0.005218
0.005218
0.005219
0.005219
0.005220
0.005220
0.005221
0.005221
0.005221
0.005222
0.005222
0.005223
0.005223
0.005224
0.005224
0.005225
0.005225
0.005226
0.005226
0.005227
0.005227
0.005227
0.005228
0.005228
0.005229
0.005229
0.005230
0.005230
0.005231
0.005231
0.005232
0.005232
0.005233
0.005233
0.005234
0.005234
0.005234
0.005235
0.005235
0.005236
0.005236
0.005237
0.005237
0.005238
0.005238
0.005239
0.005239
0.005240
0.005240
0.005240
0.005241
0.005241
0.005242
0.005242
0.005243
0.005243
0.005244
0.005244
0.005245
0.005245
0.005246
0.005246
0.005246
0.005247
0.005247
0.005248
0.005248
0.005249
0.005249
0.005250
0.005250
0.005251
0.005251
0.005252
0.005252
0.005253
0.005253
0.005253
0.005254
0.005254
0.005255
0.005255
0.005256
0.005256
0.005257
0.005257
0.005258
0.005258
0.005259
0.005259
0.005260
0.005260
0.005260
0.005261
0.005261
0.005262
0.005262
0.005263
0.005263
0.005264
0.005264
0.005265
0.005265
0.005266
0.005266
0.005267
0.005267
0.005267
0.005268
0.005268
0.005269
0.005269
0.005270
0.005270
0.005271
0.005271
0.005272
0.005272
0.005273
0.005273
0.005274
0.005274
0.005274
0.005275
0.005275
0.005276
0.005276
0.005277
0.005277
0.005278
0.005278
0.005279
0.005279
0.005280
0.005280
0.005281
0.005281
0.005281
0.005282
0.005282
0.005283
0.005283
0.005284
0.005284
0.005285
0.005285
0.005286
0.005286
0.005287
0.005287
0.005288
0.005288
0.005289
0.005289
0.005289
0.005290
0.005290
0.005291
0.005291
0.005292
0.005292
0.005293
0.005293
0.005294
0.005294
0.005295
0.005295
0.005296
0.005296
0.005296
0.005297
0.005297
0.005298
0.005298
0.005299
0.005299
0.005300
0.005300
0.005301
0.005301
0.005302
0.005302
0.005303
0.005303
0.005304
0.005304
0.005304
0.005305
0.005305
0.005306
0.005306
0.005307
0.005307
0.005308
0.005308
0.005309
0.005309
0.005310
0.005310
0.005311
0.005311
0.005312
0.005312
0.005312
0.005313
0.005313
0.005314
0.005314
0.005315
0.005315
0.005316
0.005316
0.005317
0.005317
0.005318
0.005318
0.005319
0.005319
0.005320
0.005320
0.005321
0.005321
0.005321
0.005322
0.005322
0.005323
0.005323
0.005324
0.005324
0.005325
0.005325
0.005326
0.005326
0.005327
0.005327
0.005328
0.005328
0.005329
0.005329
0.005329
0.005330
0.005330
0.005331
0.005331
0.005332
0.005332
0.005333
0.005333
0.005334
0.005334
0.005335
0.005335
0.005336
0.005336
0.005337
0.005337
0.005338
0.005338
0.005338
0.005339
0.005339
0.005340
0.005340
0.005341
0.005341
0.005342
0.005342
0.005343
0.005343
0.005344
0.005344
0.005345
0.005345
0.005346
0.005346
0.005347
0.005347
0.005348
0.005348
0.005348
0.005349
0.005349
0.005350
0.005350
0.005351
0.005351
0.005352
0.005352
0.005353
0.005353
0.005354
0.005354
0.005355
0.005355
0.005356
0.005356
0.005357
0.005357
0.005357
0.005358
0.005358
0.005359
0.005359
0.005360
0.005360
0.005361
0.005361
0.005362
0.005362
0.005363
0.005363
0.005364
0.005364
0.005365
0.005365
0.005366
0.005366
0.005367
0.005367
0.005368
0.005368
0.005368
0.005369
0.005369
0.005370
0.005370
0.005371
0.005371
0.005372
0.005372
0.005373
0.005373
0.005374
0.005374
0.005375
0.005375
0.005376
0.005376
0.005377
0.005377
0.005378
0.005378
0.005378
0.005379
0.005379
0.005380
0.005380
0.005381
0.005381
0.005382
0.005382
0.005383
0.005383
0.005384
0.005384
0.005385
0.005385
0.005386
0.005386
0.005387
0.005387
0.005388
0.005388
0.005389
0.005389
0.005390
0.005390
0.005390
0.005391
0.005391
0.005392
0.005392
0.005393
0.005393
0.005394
0.005394
0.005395
0.005395
0.005396
0.005396
0.005397
0.005397
0.005398
0.005398
0.005399
0.005399
0.005400
0.005400
0.005401
0.005401
0.005401
0.005402
0.005402
0.005403
0.005403
0.005404
0.005404
0.005405
0.005405
0.005406
0.005406
0.005407
0.005407
0.005408
0.005408
0.005409
0.005409
0.005410
0.005410
0.005411
0.005411
0.005412
0.005412
0.005413
0.005413
0.005414
0.005414
0.005414
0.005415
0.005415
0.005416
0.005416
0.005417
0.005417
0.005418
0.005418
0.005419
0.005419
0.005420
0.005420
0.005421
0.005421
0.005422
0.005422
0.005423
0.005423
0.005424
0.005424
0.005425
0.005425
0.005426
0.005426
0.005427
0.005427
0.005428
0.005428
0.005428
0.005429
0.005429
0.005430
0.005430
0.005431
0.005431
0.005432
0.005432
0.005433
0.005433
0.005434
0.005434
0.005435
0.005435
0.005436
0.005436
0.005437
0.005437
0.005438
0.005438
0.005439
0.005439
0.005440
0.005440
0.005441
0.005441
0.005442
0.005442
0.005443
0.005443
0.005443
0.005444
0.005444
0.005445
0.005445
0.005446
0.005446
0.005447
0.005447
0.005448
0.005448
0.005449
0.005449
0.005450
0.005450
0.005451
0.005451
0.005452
0.005452
0.005453
0.005453
0.005454
0.005454
0.005455
0.005455
0.005456
0.005456
0.005457
0.005457
0.005458
0.005458
0.005459
0.005459
0.005460
0.005460
0.005460
0.005461
0.005461
0.005462
0.005462
0.005463
0.005463
0.005464
0.005464
0.005465
0.005465
0.005466
0.005466
0.005467
0.005467
0.005468
0.005468
0.005469
0.005469
0.005470
0.005470
0.005471
0.005471
0.005472
0.005472
0.005473
0.005473
0.005474
0.005474
0.005475
0.005475
0.005476
0.005476
0.005477
0.005477
0.005478
0.005478
0.005479
0.005479
0.005480
0.005480
0.005480
0.005481
0.005481
0.005482
0.005482
0.005483
0.005483
0.005484
0.005484
0.005485
0.005485
0.005486
0.005486
0.005487
0.005487
0.005488
0.005488
0.005489
0.005489
0.005490
0.005490
0.005491
0.005491
0.005492
0.005492
0.005493
0.005493
0.005494
0.005494
0.005495
0.005495
0.005496
0.005496
0.005497
0.005497
0.005498
0.005498
0.005499
0.005499
0.005500
0.005500
0.005501
0.005501
0.005502
0.005502
0.005503
0.005503
0.005504
0.005504
0.005504
0.005505
0.005505
0.005506
0.005506
0.005507
0.005507
0.005508
0.005508
0.005509
0.005509
0.005510
0.005510
0.005511
0.005511
0.005512
0.005512
0.005513
0.005513
0.005514
0.005514
0.005515
0.005515
0.005516
0.005516
0.005517
0.005517
0.005518
0.005518
0.005519
0.005519
0.005520
0.005520
0.005521
0.005521
0.005522
0.005522
0.005523
0.005523
0.005524
0.005524
0.005525
0.005525
0.005526
0.005526
0.005527
0.005527
0.005528
0.005528
0.005529
0.005529
0.005530
0.005530
0.005531
0.005531
0.005532
0.005532
0.005533
0.005533
0.005534
0.005534
0.005535
0.005535
0.005536
0.005536
0.005537
0.005537
0.005538
0.005538
0.005538
0.005539
0.005539
0.005540
0.005540
0.005541
0.005541
0.005542
0.005542
0.005543
0.005543
0.005544
0.005544
0.005545
0.005545
0.005546
0.005546
0.005547
0.005547
0.005548
0.005548
0.005549
0.005549
0.005550
0.005550
0.005551
0.005551
0.005552
0.005552
0.005553
0.005553
0.005554
0.005554
0.005555
0.005555
0.005556
0.005556
0.005557
0.005557
0.005558
0.005558
0.005559
0.005559
0.005560
0.005560
0.005561
0.005561
0.005562
0.005562
0.005563
0.005563
0.005564
0.005564
0.005565
0.005565
0.005566
0.005566
0.005567
0.005567
0.005568
0.005568
0.005569
0.005569
0.005570
0.005570
0.005571
0.005571
0.005572
0.005572
0.005573
0.005573
0.005574
0.005574
0.005575
0.005575
0.005576
0.005576
0.005577
0.005577
0.005578
0.005578
0.005579
0.005579
0.005580
0.005580
0.005581
0.005581
0.005582
0.005582
0.005583
0.005583
0.005584
0.005584
0.005585
0.005585
0.005586
0.005586
0.005587
0.005587
0.005588
0.005588
0.005589
0.005589
0.005590
0.005590
0.005591
0.005591
0.005592
0.005592
0.005593
0.005593
0.005594
0.005594
0.005595
0.005595
0.005596
0.005596
0.005597
0.005597
0.005598
0.005598
0.005599
0.005599
0.005600
0.005600
0.005601
0.005601
0.005602
0.005602
0.005603
0.005603
0.005604
0.005604
0.005605
0.005605
0.005606
0.005606
0.005607
0.005607
0.005608
0.005608
0.005609
0.005609
0.005610
0.005610
0.005611
0.005611
0.005612
0.005612
0.005613
0.005613
0.005614
0.005614
0.005615
0.005615
0.005616
0.005616
0.005617
0.005617
0.005618
0.005618
0.005619
0.005619
0.005620
0.005620
0.005621
0.005621
0.005622
0.005622
0.005623
0.005623
0.005624
0.005624
0.005625
0.005625
0.005626
0.005626
0.005627
0.005627
0.005628
0.005628
0.005629
0.005629
0.005630
0.005630
0.005631
0.005631
0.005632
0.005632
0.005633
0.005633
0.005634
0.005634
0.005635
0.005635
0.005636
0.005636
0.005637
0.005637
0.005638
0.005638
0.005639
0.005639
0.005640
0.005640
0.005641
0.005641
0.005642
0.005642
0.005643
0.005643
0.005644
0.005645
0.005645
0.005646
0.005646
0.005647
0.005647
0.005648
0.005648
0.005649
0.005649
0.005650
0.005650
0.005651
0.005651
0.005652
0.005652
0.005653
0.005653
0.005654
0.005654
0.005655
0.005655
0.005656
0.005656
0.005657
0.005657
0.005658
0.005658
0.005659
0.005659
0.005660
0.005660
0.005661
0.005661
0.005662
0.005662
0.005663
0.005663
0.005664
0.005664
0.005665
0.005665
0.005666
0.005666
0.005667
0.005667
0.005668
0.005668
0.005669
0.005669
0.005670
0.005670
0.005671
0.005671
0.005672
0.005672
0.005673
0.005673
0.005674
0.005674
0.005675
0.005675
0.005676
0.005676
0.005677
0.005677
0.005678
0.005678
0.005679
0.005680
0.005680
0.005681
0.005681
0.005682
0.005682
0.005683
0.005683
0.005684
0.005684
0.005685
0.005685
0.005686
0.005686
0.005687
0.005687
0.005688
0.005688
0.005689
0.005689
0.005690
0.005690
0.005691
0.005691
0.005692
0.005692
0.005693
0.005693
0.005694
0.005694
0.005695
0.005695
0.005696
0.005696
0.005697
0.005697
0.005698
0.005698
0.005699
0.005699
0.005700
0.005700
0.005701
0.005701
0.005702
0.005702
0.005703
0.005703
0.005704
0.005705
0.005705
0.005706
0.005706
0.005707
0.005707
0.005708
0.005708
0.005709
0.005709
0.005710
0.005710
0.005711
0.005711
0.005712
0.005712
0.005713
0.005713
0.005714
0.005714
0.005715
0.005715
0.005716
0.005716
0.005717
0.005717
0.005718
0.005718
0.005719
0.005719
0.005720
0.005720
0.005721
0.005721
0.005722
0.005722
0.005723
0.005723
0.005724
0.005725
0.005725
0.005726
0.005726
0.005727
0.005727
0.005728
0.005728
0.005729
0.005729
0.005730
0.005730
0.005731
0.005731
0.005732
0.005732
0.005733
0.005733
0.005734
0.005734
0.005735
0.005735
0.005736
0.005736
0.005737
0.005737
0.005738
0.005738
0.005739
0.005739
0.005740
0.005740
0.005741
0.005741
0.005742
0.005743
0.005743
0.005744
0.005744
0.005745
0.005745
0.005746
0.005746
0.005747
0.005747
0.005748
0.005748
0.005749
0.005749
0.005750
0.005750
0.005751
0.005751
0.005752
0.005752
0.005753
0.005753
0.005754
0.005754
0.005755
0.005755
0.005756
0.005756
0.005757
0.005757
0.005758
0.005759
0.005759
0.005760
0.005760
0.005761
0.005761
0.005762
0.005762
0.005763
0.005763
0.005764
0.005764
0.005765
0.005765
0.005766
0.005766
0.005767
0.005767
0.005768
0.005768
0.005769
0.005769
0.005770
0.005770
0.005771
0.005771
0.005772
0.005773
0.005773
0.005774
0.005774
0.005775
0.005775
0.005776
0.005776
0.005777
0.005777
0.005778
0.005778
0.005779
0.005779
0.005780
0.005780
0.005781
0.005781
0.005782
0.005782
0.005783
0.005783
0.005784
0.005784
0.005785
0.005786
0.005786
0.005787
0.005787
0.005788
0.005788
0.005789
0.005789
0.005790
0.005790
0.005791
0.005791
0.005792
0.005792
0.005793
0.005793
0.005794
0.005794
0.005795
0.005795
0.005796
0.005796
0.005797
0.005797
0.005798
0.005799
0.005799
0.005800
0.005800
0.005801
0.005801
0.005802
0.005802
0.005803
0.005803
0.005804
0.005804
0.005805
0.005805
0.005806
0.005806
0.005807
0.005807
0.005808
0.005808
0.005809
0.005809
0.005810
0.005811
0.005811
0.005812
0.005812
0.005813
0.005813
0.005814
0.005814
0.005815
0.005815
0.005816
0.005816
0.005817
0.005817
0.005818
0.005818
0.005819
0.005819
0.005820
0.005820
0.005821
0.005822
0.005822
0.005823
0.005823
0.005824
0.005824
0.005825
0.005825
0.005826
0.005826
0.005827
0.005827
0.005828
0.005828
0.005829
0.005829
0.005830
0.005830
0.005831
0.005831
0.005832
0.005833
0.005833
0.005834
0.005834
0.005835
0.005835
0.005836
0.005836
0.005837
0.005837
0.005838
0.005838
0.005839
0.005839
0.005840
0.005840
0.005841
0.005841
0.005842
0.005843
0.005843
0.005844
0.005844
0.005845
0.005845
0.005846
0.005846
0.005847
0.005847
0.005848
0.005848
0.005849
0.005849
0.005850
0.005850
0.005851
0.005851
0.005852
0.005853
0.005853
0.005854
0.005854
0.005855
0.005855
0.005856
0.005856
0.005857
0.005857
0.005858
0.005858
0.005859
0.005859
0.005860
0.005860
0.005861
0.005861
0.005862
0.005863
0.005863
0.005864
0.005864
0.005865
0.005865
0.005866
0.005866
0.005867
0.005867
0.005868
0.005868
0.005869
0.005869
0.005870
0.005870
0.005871
0.005872
0.005872
0.005873
0.005873
0.005874
0.005874
0.005875
0.005875
0.005876
0.005876
0.005877
0.005877
0.005878
0.005878
0.005879
0.005879
0.005880
0.005881
0.005881
0.005882
0.005882
0.005883
0.005883
0.005884
0.005884
0.005885
0.005885
0.005886
0.005886
0.005887
0.005887
0.005888
0.005888
0.005889
0.005890
0.005890
0.005891
0.005891
0.005892
0.005892
0.005893
0.005893
0.005894
0.005894
0.005895
0.005895
0.005896
0.005896
0.005897
0.005897
0.005898
0.005899
0.005899
0.005900
0.005900
0.005901
0.005901
0.005902
0.005902
0.005903
0.005903
0.005904
0.005904
0.005905
0.005905
0.005906
0.005907
0.005907
0.005908
0.005908
0.005909
0.005909
0.005910
0.005910
0.005911
0.005911
0.005912
0.005912
0.005913
0.005913
0.005914
0.005915
0.005915
0.005916
0.005916
0.005917
0.005917
0.005918
0.005918
0.005919
0.005919
0.005920
0.005920
0.005921
0.005921
0.005922
0.005923
0.005923
0.005924
0.005924
0.005925
0.005925
0.005926
0.005926
0.005927
0.005927
0.005928
0.005928
0.005929
0.005929
0.005930
0.005931
0.005931
0.005932
0.005932
0.005933
0.005933
0.005934
0.005934
0.005935
0.005935
0.005936
0.005936
0.005937
0.005938
0.005938
0.005939
0.005939
0.005940
0.005940
0.005941
0.005941
0.005942
0.005942
0.005943
0.005943
0.005944
0.005944
0.005945
0.005946
0.005946
0.005947
0.005947
0.005948
0.005948
0.005949
0.005949
0.005950
0.005950
0.005951
0.005951
0.005952
0.005953
0.005953
0.005954
0.005954
0.005955
0.005955
0.005956
0.005956
0.005957
0.005957
0.005958
0.005958
0.005959
0.005960
0.005960
0.005961
0.005961
0.005962
0.005962
0.005963
0.005963
0.005964
0.005964
0.005965
0.005965
0.005966
0.005967
0.005967
0.005968
0.005968
0.005969
0.005969
0.005970
0.005970
0.005971
0.005971
0.005972
0.005972
0.005973
0.005974
0.005974
0.005975
0.005975
0.005976
0.005976
0.005977
0.005977
0.005978
0.005978
0.005979
0.005979
0.005980
0.005981
0.005981
0.005982
0.005982
0.005983
0.005983
0.005984
0.005984
0.005985
0.005985
0.005986
0.005987
0.005987
0.005988
0.005988
0.005989
0.005989
0.005990
0.005990
0.005991
0.005991
0.005992
0.005992
0.005993
0.005994
0.005994
0.005995
0.005995
0.005996
0.005996
0.005997
0.005997
0.005998
0.005998
0.005999
0.006000
0.006000
0.006001
0.006001
0.006002
0.006002
0.006003
0.006003
0.006004
0.006004
0.006005
0.006005
0.006006
0.006007
0.006007
0.006008
0.006008
0.006009
0.006009
0.006010
0.006010
0.006011
0.006011
0.006012
0.006013
0.006013
0.006014
0.006014
0.006015
0.006015
0.006016
0.006016
0.006017
0.006017
0.006018
0.006019
0.006019
0.006020
0.006020
0.006021
0.006021
0.006022
0.006022
0.006023
0.006023
0.006024
0.006025
0.006025
0.006026
0.006026
0.006027
0.006027
0.006028
0.006028
0.006029
0.006029
0.006030
0.006031
0.006031
0.006032
0.006032
0.006033
0.006033
0.006034
0.006034
0.006035
0.006035
0.006036
0.006037
0.006037
0.006038
0.006038
0.006039
0.006039
0.006040
0.006040
0.006041
0.006041
0.006042
0.006043
0.006043
0.006044
0.006044
0.006045
0.006045
0.006046
0.006046
0.006047
0.006047
0.006048
0.006049
0.006049
0.006050
0.006050
0.006051
0.006051
0.006052
0.006052
0.006053
0.006053
0.006054
0.006055
0.006055
0.006056
0.006056
0.006057
0.006057
0.006058
0.006058
0.006059
0.006059
0.006060
0.006061
0.006061
0.006062
0.006062
0.006063
0.006063
0.006064
0.006064
0.006065
0.006066
0.006066
0.006067
0.006067
0.006068
0.006068
0.006069
0.006069
0.006070
0.006070
0.006071
0.006072
0.006072
0.006073
0.006073
0.006074
0.006074
0.006075
0.006075
0.006076
0.006077
0.006077
0.006078
0.006078
0.006079
0.006079
0.006080
0.006080
0.006081
0.006081
0.006082
0.006083
0.006083
0.006084
0.006084
0.006085
0.006085
0.006086
0.006086
0.006087
0.006088
0.006088
0.006089
0.006089
0.006090
0.006090
0.006091
0.006091
0.006092
0.006092
0.006093
0.006094
0.006094
0.006095
0.006095
0.006096
0.006096
0.006097
0.006097
0.006098
0.006099
0.006099
0.006100
0.006100
0.006101
0.006101
0.006102
0.006102
0.006103
0.006104
0.006104
0.006105
0.006105
0.006106
0.006106
0.006107
0.006107
0.006108
0.006109
0.006109
0.006110
0.006110
0.006111
0.006111
0.006112
0.006112
0.006113
0.006114
0.006114
0.006115
0.006115
0.006116
0.006116
0.006117
0.006117
0.006118
0.006118
0.006119
0.006120
0.006120
0.006121
0.006121
0.006122
0.006123
0.006123
0.006124
0.006125
0.006125
0.006126
0.006126
0.006127
0.006128
0.006128
0.006129
0.006129
0.006130
0.006131
0.006131
0.006132
0.006133
0.006133
0.006134
0.006134
0.006135
0.006136
0.006136
0.006137
0.006137
0.006138
0.006139
0.006139
0.006140
0.006141
0.006141
0.006142
0.006142
0.006143
0.006144
0.006144
0.006145
0.006146
0.006146
0.006147
0.006147
0.006148
0.006149
0.006149
0.006150
0.006151
0.006151
0.006152
0.006152
0.006153
0.006154
0.006154
0.006155
0.006155
0.006156
0.006157
0.006157
0.006158
0.006159
0.006159
0.006160
0.006160
0.006161
0.006162
0.006162
0.006163
0.006164
0.006164
0.006165
0.006165
0.006166
0.006167
0.006167
0.006168
0.006169
0.006169
0.006170
0.006170
0.006171
0.006172
0.006172
0.006173
0.006174
0.006174
0.006175
0.006175
0.006176
0.006177
0.006177
0.006178
0.006179
0.006179
0.006180
0.006180
0.006181
0.006182
0.006182
0.006183
0.006183
0.006184
0.006185
0.006185
0.006186
0.006187
0.006187
0.006188
0.006188
0.006189
0.006190
0.006190
0.006191
0.006192
0.006192
0.006193
0.006193
0.006194
0.006195
0.006195
0.006196
0.006197
0.006197
0.006198
0.006198
0.006199
0.006200
0.006200
0.006201
0.006202
0.006202
0.006203
0.006204
0.006204
0.006205
0.006205
0.006206
0.006207
0.006207
0.006208
0.006209
0.006209
0.006210
0.006210
0.006211
0.006212
0.006212
0.006213
0.006214
0.006214
0.006215
0.006215
0.006216
0.006217
0.006217
0.006218
0.006219
0.006219
0.006220
0.006221
0.006221
0.006222
0.006222
0.006223
0.006224
0.006224
0.006225
0.006226
0.006226
0.006227
0.006227
0.006228
0.006229
0.006229
0.006230
0.006231
0.006231
0.006232
0.006233
0.006233
0.006234
0.006234
0.006235
0.006236
0.006236
0.006237
0.006238
0.006238
0.006239
0.006240
0.006240
0.006241
0.006241
0.006242
0.006243
0.006243
0.006244
0.006245
0.006245
0.006246
0.006246
0.006247
0.006248
0.006248
0.006249
0.006250
0.006250
0.006251
0.006252
0.006252
0.006253
0.006253
0.006254
0.006255
0.006255
0.006256
0.006257
0.006257
0.006258
0.006259
0.006259
0.006260
0.006260
0.006261
0.006262
0.006262
0.006263
0.006264
0.006264
0.006265
0.006266
0.006266
0.006267
0.006267
0.006268
0.006269
0.006269
0.006270
0.006271
0.006271
0.006272
0.006273
0.006273
0.006274
0.006274
0.006275
0.006276
0.006276
0.006277
0.006278
0.006278
0.006279
0.006280
0.006280
0.006281
0.006282
0.006282
0.006283
0.006283
0.006284
0.006285
0.006285
0.006286
0.006287
0.006287
0.006288
0.006289
0.006289
0.006290
0.006290
0.006291
0.006292
0.006292
0.006293
0.006294
0.006294
0.006295
0.006296
0.006296
0.006297
0.006297
0.006298
0.006299
0.006299
0.006300
0.006301
0.006301
0.006302
0.006303
0.006303
0.006304
0.006305
0.006305
0.006306
0.006306
0.006307
0.006308
0.006308
0.006309
0.006310
0.006310
0.006311
0.006312
0.006312
0.006313
0.006314
0.006314
0.006315
0.006315
0.006316
0.006317
0.006317
0.006318
0.006319
0.006319
0.006320
0.006321
0.006321
0.006322
0.006323
0.006323
0.006324
0.006324
0.006325
0.006326
0.006326
0.006327
0.006328
0.006328
0.006329
0.006330
0.006330
0.006331
0.006332
0.006332
0.006333
0.006333
0.006334
0.006335
0.006335
0.006336
0.006337
0.006337
0.006338
0.006339
0.006339
0.006340
0.006341
0.006341
0.006342
0.006342
0.006343
0.006344
0.006344
0.006345
0.006346
0.006346
0.006347
0.006348
0.006348
0.006349
0.006350
0.006350
0.006351
0.006352
0.006352
0.006353
0.006353
0.006354
0.006355
0.006355
0.006356
0.006357
0.006357
0.006358
0.006359
0.006359
0.006360
0.006361
0.006361
0.006362
0.006362
0.006363
0.006364
0.006364
0.006365
0.006366
0.006366
0.006367
0.006368
0.006368
0.006369
0.006370
0.006370
0.006371
0.006372
0.006372
0.006373
0.006374
0.006374
0.006375
0.006375
0.006376
0.006377
0.006377
0.006378
0.006379
0.006379
0.006380
0.006381
0.006381
0.006382
0.006383
0.006383
0.006384
0.006385
0.006385
0.006386
0.006386
0.006387
0.006388
0.006388
0.006389
0.006390
0.006390
0.006391
0.006392
0.006392
0.006393
0.006394
0.006394
0.006395
0.006396
0.006396
0.006397
0.006398
0.006398
0.006399
0.006399
0.006400
0.006401
0.006401
0.006402
0.006403
0.006403
0.006404
0.006405
0.006405
0.006406
0.006407
0.006407
0.006408
0.006409
0.006409
0.006410
0.006411
0.006411
0.006412
0.006413
0.006413
0.006414
0.006414
0.006415
0.006416
0.006416
0.006417
0.006418
0.006418
0.006419
0.006420
0.006420
0.006421
0.006422
0.006422
0.006423
0.006424
0.006424
0.006425
0.006426
0.006426
0.006427
0.006428
0.006428
0.006429
0.006430
0.006430
0.006431
0.006431
0.006432
0.006433
0.006433
0.006434
0.006435
0.006435
0.006436
0.006437
0.006437
0.006438
0.006439
0.006439
0.006440
0.006441
0.006441
0.006442
0.006443
0.006443
0.006444
0.006445
0.006445
0.006446
0.006447
0.006447
0.006448
0.006449
0.006449
0.006450
0.006450
0.006451
0.006452
0.006452
0.006453
0.006454
0.006454
0.006455
0.006456
0.006456
0.006457
0.006458
0.006458
0.006459
0.006460
0.006460
0.006461
0.006462
0.006462
0.006463
0.006464
0.006464
0.006465
0.006466
0.006466
0.006467
0.006468
0.006468
0.006469
0.006470
0.006470
0.006471
0.006472
0.006472
0.006473
0.006474
0.006474
0.006475
0.006475
0.006476
0.006477
0.006477
0.006478
0.006479
0.006479
0.006480
0.006481
0.006481
0.006482
0.006483
0.006483
0.006484
0.006485
0.006485
0.006486
0.006487
0.006487
0.006488
0.006489
0.006489
0.006490
0.006491
0.006491
0.006492
0.006493
0.006493
0.006494
0.006495
0.006495
0.006496
0.006497
0.006497
0.006498
0.006499
0.006499
0.006500
0.006501
0.006501
0.006502
0.006503
0.006503
0.006504
0.006505
0.006505
0.006506
0.006507
0.006507
0.006508
0.006509
0.006509
0.006510
0.006511
0.006511
0.006512
0.006513
0.006513
0.006514
0.006514
0.006515
0.006516
0.006516
0.006517
0.006518
0.006518
0.006519
0.006520
0.006520
0.006521
0.006522
0.006522
0.006523
0.006524
0.006524
0.006525
0.006526
0.006526
0.006527
0.006528
0.006528
0.006529
0.006530
0.006530
0.006531
0.006532
0.006532
0.006533
0.006534
0.006534
0.006535
0.006536
0.006536
0.006537
0.006538
0.006538
0.006539
0.006540
0.006540
0.006541
0.006542
0.006542
0.006543
0.006544
0.006544
0.006545
0.006546
0.006546
0.006547
0.006548
0.006548
0.006549
0.006550
0.006550
0.006551
0.006552
0.006552
0.006553
0.006554
0.006554
0.006555
0.006556
0.006556
0.006557
0.006558
0.006558
0.006559
0.006560
0.006560
0.006561
0.006562
0.006562
0.006563
0.006564
0.006564
0.006565
0.006566
0.006566
0.006567
0.006568
0.006568
0.006569
0.006570
0.006570
0.006571
0.006572
0.006572
0.006573
0.006574
0.006574
0.006575
0.006576
0.006576
0.006577
0.006578
0.006578
0.006579
0.006580
0.006581
0.006581
0.006582
0.006583
0.006583
0.006584
0.006585
0.006585
0.006586
0.006587
0.006587
0.006588
0.006589
0.006589
0.006590
0.006591
0.006591
0.006592
0.006593
0.006593
0.006594
0.006595
0.006595
0.006596
0.006597
0.006597
0.006598
0.006599
0.006599
0.006600
0.006601
0.006601
0.006602
0.006603
0.006603
0.006604
0.006605
0.006605
0.006606
0.006607
0.006607
0.006608
0.006609
0.006609
0.006610
0.006611
0.006611
0.006612
0.006613
0.006613
0.006614
0.006615
0.006615
0.006616
0.006617
0.006617
0.006618
0.006619
0.006620
0.006620
0.006621
0.006622
0.006622
0.006623
0.006624
0.006624
0.006625
0.006626
0.006626
0.006627
0.006628
0.006628
0.006629
0.006630
0.006630
0.006631
0.006632
0.006632
0.006633
0.006634
0.006634
0.006635
0.006636
0.006636
0.006637
0.006638
0.006638
0.006639
0.006640
0.006640
0.006641
0.006642
0.006642
0.006643
0.006644
0.006645
0.006645
0.006646
0.006647
0.006647
0.006648
0.006649
0.006649
0.006650
0.006651
0.006651
0.006652
0.006653
0.006653
0.006654
0.006655
0.006655
0.006656
0.006657
0.006657
0.006658
0.006659
0.006659
0.006660
0.006661
0.006661
0.006662
0.006663
0.006663
0.006664
0.006665
0.006666
0.006666
0.006667
0.006668
0.006668
0.006669
0.006670
0.006670
0.006671
0.006672
0.006672
0.006673
0.006674
0.006674
0.006675
0.006676
0.006676
0.006677
0.006678
0.006678
0.006679
0.006680
0.006680
0.006681
0.006682
0.006683
0.006683
0.006684
0.006685
0.006685
0.006686
0.006687
0.006687
0.006688
0.006689
0.006689
0.006690
0.006691
0.006691
0.006692
0.006693
0.006693
0.006694
0.006695
0.006695
0.006696
0.006697
0.006698
0.006698
0.006699
0.006700
0.006700
0.006701
0.006702
0.006702
0.006703
0.006704
0.006704
0.006705
0.006706
0.006706
0.006707
0.006708
0.006708
0.006709
0.006710
0.006711
0.006711
0.006712
0.006713
0.006713
0.006714
0.006715
0.006715
0.006716
0.006717
0.006717
0.006718
0.006719
0.006719
0.006720
0.006721
0.006721
0.006722
0.006723
0.006724
0.006724
0.006725
0.006726
0.006726
0.006727
0.006728
0.006728
0.006729
0.006730
0.006730
0.006731
0.006732
0.006732
0.006733
0.006734
0.006735
0.006735
0.006736
0.006737
0.006737
0.006738
0.006739
0.006739
0.006740
0.006741
0.006741
0.006742
0.006743
0.006743
0.006744
0.006745
0.006746
0.006746
0.006747
0.006748
0.006748
0.006749
0.006750
0.006750
0.006751
0.006752
0.006752
0.006753
0.006754
0.006754
0.006755
0.006756
0.006757
0.006757
0.006758
0.006759
0.006759
0.006760
0.006761
0.006761
0.006762
0.006763
0.006763
0.006764
0.006765
0.006765
0.006766
0.006767
0.006768
0.006768
0.006769
0.006770
0.006770
0.006771
0.006772
0.006772
0.006773
0.006774
0.006774
0.006775
0.006776
0.006777
0.006777
0.006778
0.006779
0.006779
0.006780
0.006781
0.006781
0.006782
0.006783
0.006783
0.006784
0.006785
0.006786
0.006786
0.006787
0.006788
0.006788
0.006789
0.006790
0.006790
0.006791
0.006792
0.006792
0.006793
0.006794
0.006795
0.006795
0.006796
0.006797
0.006797
0.006798
0.006799
0.006799
0.006800
0.006801
0.006801
0.006802
0.006803
0.006804
0.006804
0.006805
0.006806
0.006806
0.006807
0.006808
0.006808
0.006809
0.006810
0.006810
0.006811
0.006812
0.006813
0.006813
0.006814
0.006815
0.006815
0.006816
0.006817
0.006817
0.006818
0.006819
0.006820
0.006820
0.006821
0.006822
0.006822
0.006823
0.006824
0.006824
0.006825
0.006826
0.006827
0.006827
0.006828
0.006829
0.006829
0.006830
0.006831
0.006831
0.006832
0.006833
0.006833
0.006834
0.006835
0.006836
0.006836
0.006837
0.006838
0.006838
0.006839
0.006840
0.006840
0.006841
0.006842
0.006843
0.006843
0.006844
0.006845
0.006845
0.006846
0.006847
0.006847
0.006848
0.006849
0.006850
0.006850
0.006851
0.006852
0.006852
0.006853
0.006854
0.006854
0.006855
0.006856
0.006857
0.006857
0.006858
0.006859
0.006859
0.006860
0.006861
0.006861
0.006862
0.006863
0.006864
0.006864
0.006865
0.006866
0.006866
0.006867
0.006868
0.006868
0.006869
0.006870
0.006871
0.006871
0.006872
0.006873
0.006873
0.006874
0.006875
0.006875
0.006876
0.006877
0.006878
0.006878
0.006879
0.006880
0.006880
0.006881
0.006882
0.006882
0.006883
0.006884
0.006885
0.006885
0.006886
0.006887
0.006887
0.006888
0.006889
0.006889
0.006890
0.006891
0.006892
0.006892
0.006893
0.006894
0.006894
0.006895
0.006896
0.006897
0.006897
0.006898
0.006899
0.006899
0.006900
0.006901
0.006901
0.006902
0.006903
0.006904
0.006904
0.006905
0.006906
0.006906
0.006907
0.006908
0.006909
0.006909
0.006910
0.006911
0.006911
0.006912
0.006913
0.006914
0.006914
0.006915
0.006916
0.006916
0.006917
0.006918
0.006919
0.006919
0.006920
0.006921
0.006921
0.006922
0.006923
0.006924
0.006924
0.006925
0.006926
0.006926
0.006927
0.006928
0.006929
0.006929
0.006930
0.006931
0.006931
0.006932
0.006933
0.006934
0.006934
0.006935
0.006936
0.006936
0.006937
0.006938
0.006939
0.006939
0.006940
0.006941
0.006941
0.006942
0.006943
0.006944
0.006944
0.006945
0.006946
0.006947
0.006947
0.006948
0.006949
0.006949
0.006950
0.006951
0.006952
0.006952
0.006953
0.006954
0.006954
0.006955
0.006956
0.006957
0.006957
0.006958
0.006959
0.006959
0.006960
0.006961
0.006962
0.006962
0.006963
0.006964
0.006964
0.006965
0.006966
0.006967
0.006967
0.006968
0.006969
0.006970
0.006970
0.006971
0.006972
0.006972
0.006973
0.006974
0.006975
0.006975
0.006976
0.006977
0.006977
0.006978
0.006979
0.006980
0.006980
0.006981
0.006982
0.006982
0.006983
0.006984
0.006985
0.006985
0.006986
0.006987
0.006988
0.006988
0.006989
0.006990
0.006990
0.006991
0.006992
0.006993
0.006993
0.006994
0.006995
0.006995
0.006996
0.006997
0.006998
0.006998
0.006999
0.007000
0.007001
0.007001
0.007002
0.007003
0.007003
0.007004
0.007005
0.007006
0.007006
0.007007
0.007008
0.007008
0.007009
0.007010
0.007011
0.007011
0.007012
0.007013
0.007014
0.007014
0.007015
0.007016
0.007016
0.007017
0.007018
0.007019
0.007019
0.007020
0.007021
0.007022
0.007022
0.007023
0.007024
0.007024
0.007025
0.007026
0.007027
0.007027
0.007028
0.007029
0.007030
0.007030
0.007031
0.007032
0.007032
0.007033
0.007034
0.007035
0.007035
0.007036
0.007037
0.007038
0.007038
0.007039
0.007040
0.007040
0.007041
0.007042
0.007043
0.007043
0.007044
0.007045
0.007046
0.007046
0.007047
0.007048
0.007048
0.007049
0.007050
0.007051
0.007051
0.007052
0.007053
0.007054
0.007054
0.007055
0.007056
0.007056
0.007057
0.007058
0.007059
0.007059
0.007060
0.007061
0.007062
0.007062
0.007063
0.007064
0.007064
0.007065
0.007066
0.007067
0.007067
0.007068
0.007069
0.007070
0.007070
0.007071
0.007072
0.007072
0.007073
0.007074
0.007075
0.007075
0.007076
0.007077
0.007078
0.007078
0.007079
0.007080
0.007081
0.007081
0.007082
0.007083
0.007083
0.007084
0.007085
0.007086
0.007086
0.007087
0.007088
0.007089
0.007089
0.007090
0.007091
0.007092
0.007092
0.007093
0.007094
0.007094
0.007095
0.007096
0.007097
0.007097
0.007098
0.007099
0.007100
0.007100
0.007101
0.007102
0.007103
0.007103
0.007104
0.007105
0.007105
0.007106
0.007107
0.007108
0.007108
0.007109
0.007110
0.007111
0.007111
0.007112
0.007113
0.007114
0.007114
0.007115
0.007116
0.007116
0.007117
0.007118
0.007119
0.007119
0.007120
0.007121
0.007122
0.007122
0.007123
0.007124
0.007125
0.007125
0.007126
0.007127
0.007128
0.007128
0.007129
0.007130
0.007130
0.007131
0.007132
0.007133
0.007133
0.007134
0.007135
0.007136
0.007136
0.007137
0.007138
0.007139
0.007139
0.007140
0.007141
0.007142
0.007142
0.007143
0.007144
0.007144
0.007145
0.007146
0.007147
0.007147
0.007148
0.007149
0.007150
0.007150
0.007151
0.007152
0.007153
0.007153
0.007154
0.007155
0.007156
0.007156
0.007157
0.007158
0.007159
0.007159
0.007160
0.007161
0.007162
0.007162
0.007163
0.007164
0.007164
0.007165
0.007166
0.007167
0.007167
0.007168
0.007169
0.007170
0.007170
0.007171
0.007172
0.007173
0.007173
0.007174
0.007175
0.007176
0.007176
0.007177
0.007178
0.007179
0.007179
0.007180
0.007181
0.007182
0.007182
0.007183
0.007184
0.007184
0.007185
0.007186
0.007187
0.007187
0.007188
0.007189
0.007190
0.007190
0.007191
0.007192
0.007193
0.007193
0.007194
0.007195
0.007196
0.007196
0.007197
0.007198
0.007199
0.007199
0.007200
0.007201
0.007202
0.007202
0.007203
0.007204
0.007205
0.007205
0.007206
0.007207
0.007208
0.007208
0.007209
0.007210
0.007211
0.007211
0.007212
0.007213
0.007214
0.007214
0.007215
0.007216
0.007217
0.007217
0.007218
0.007219
0.007219
0.007220
0.007221
0.007222
0.007222
0.007223
0.007224
0.007225
0.007225
0.007226
0.007227
0.007228
0.007228
0.007229
0.007230
0.007231
0.007231
0.007232
0.007233
0.007234
0.007234
0.007235
0.007236
0.007237
0.007237
0.007238
0.007239
0.007240
0.007240
0.007241
0.007242
0.007243
0.007243
0.007244
0.007245
0.007246
0.007246
0.007247
0.007248
0.007249
0.007249
0.007250
0.007251
0.007252
0.007252
0.007253
0.007254
0.007255
0.007255
0.007256
0.007257
0.007258
0.007258
0.007259
0.007260
0.007261
0.007261
0.007262
0.007263
0.007264
0.007264
0.007265
0.007266
0.007267
0.007267
0.007268
0.007269
0.007270
0.007270
0.007271
0.007272
0.007273
0.007273
0.007274
0.007275
0.007276
0.007276
0.007277
0.007278
0.007279
0.007279
0.007280
0.007281
0.007282
0.007283
0.007283
0.007284
0.007285
0.007286
0.007286
0.007287
0.007288
0.007289
0.007289
0.007290
0.007291
0.007292
0.007292
0.007293
0.007294
0.007295
0.007295
0.007296
0.007297
0.007298
0.007298
0.007299
0.007300
0.007301
0.007301
0.007302
0.007303
0.007304
0.007304
0.007305
0.007306
0.007307
0.007307
0.007308
0.007309
0.007310
0.007310
0.007311
0.007312
0.007313
0.007313
0.007314
0.007315
0.007316
0.007316
0.007317
0.007318
0.007319
0.007320
0.007320
0.007321
0.007322
0.007323
0.007323
0.007324
0.007325
0.007326
0.007326
0.007327
0.007328
0.007329
0.007329
0.007330
0.007331
0.007332
0.007332
0.007333
0.007334
0.007335
0.007335
0.007336
0.007337
0.007338
0.007338
0.007339
0.007340
0.007341
0.007342
0.007342
0.007343
0.007344
0.007345
0.007345
0.007346
0.007347
0.007348
0.007348
0.007349
0.007350
0.007351
0.007351
0.007352
0.007353
0.007354
0.007354
0.007355
0.007356
0.007357
0.007358
0.007358
0.007359
0.007360
0.007361
0.007361
0.007362
0.007363
0.007364
0.007364
0.007365
0.007366
0.007367
0.007367
0.007368
0.007369
0.007370
0.007370
0.007371
0.007372
0.007373
0.007374
0.007374
0.007375
0.007376
0.007377
0.007377
0.007378
0.007379
0.007380
0.007381
0.007381
0.007382
0.007383
0.007384
0.007385
0.007385
0.007386
0.007387
0.007388
0.007389
0.007389
0.007390
0.007391
0.007392
0.007393
0.007393
0.007394
0.007395
0.007396
0.007396
0.007397
0.007398
0.007399
0.007400
0.007400
0.007401
0.007402
0.007403
0.007404
0.007404
0.007405
0.007406
0.007407
0.007408
0.007408
0.007409
0.007410
0.007411
0.007412
0.007412
0.007413
0.007414
0.007415
0.007416
0.007416
0.007417
0.007418
0.007419
0.007420
0.007420
0.007421
0.007422
0.007423
0.007424
0.007424
0.007425
0.007426
0.007427
0.007428
0.007428
0.007429
0.007430
0.007431
0.007432
0.007432
0.007433
0.007434
0.007435
0.007435
0.007436
0.007437
0.007438
0.007439
0.007439
0.007440
0.007441
0.007442
0.007443
0.007443
0.007444
0.007445
0.007446
0.007447
0.007447
0.007448
0.007449
0.007450
0.007451
0.007451
0.007452
0.007453
0.007454
0.007455
0.007455
0.007456
0.007457
0.007458
0.007459
0.007459
0.007460
0.007461
0.007462
0.007463
0.007463
0.007464
0.007465
0.007466
0.007467
0.007468
0.007468
0.007469
0.007470
0.007471
0.007472
0.007472
0.007473
0.007474
0.007475
0.007476
0.007476
0.007477
0.007478
0.007479
0.007480
0.007480
0.007481
0.007482
0.007483
0.007484
0.007484
0.007485
0.007486
0.007487
0.007488
0.007488
0.007489
0.007490
0.007491
0.007492
0.007492
0.007493
0.007494
0.007495
0.007496
0.007496
0.007497
0.007498
0.007499
0.007500
0.007500
0.007501
0.007502
0.007503
0.007504
0.007504
0.007505
0.007506
0.007507
0.007508
0.007509
0.007509
0.007510
0.007511
0.007512
0.007513
0.007513
0.007514
0.007515
0.007516
0.007517
0.007517
0.007518
0.007519
0.007520
0.007521
0.007521
0.007522
0.007523
0.007524
0.007525
0.007525
0.007526
0.007527
0.007528
0.007529
0.007530
0.007530
0.007531
0.007532
0.007533
0.007534
0.007534
0.007535
0.007536
0.007537
0.007538
0.007538
0.007539
0.007540
0.007541
0.007542
0.007542
0.007543
0.007544
0.007545
0.007546
0.007547
0.007547
0.007548
0.007549
0.007550
0.007551
0.007551
0.007552
0.007553
0.007554
0.007555
0.007555
0.007556
0.007557
0.007558
0.007559
0.007560
0.007560
0.007561
0.007562
0.007563
0.007564
0.007564
0.007565
0.007566
0.007567
0.007568
0.007568
0.007569
0.007570
0.007571
0.007572
0.007573
0.007573
0.007574
0.007575
0.007576
0.007577
0.007577
0.007578
0.007579
0.007580
0.007581
0.007581
0.007582
0.007583
0.007584
0.007585
0.007586
0.007586
0.007587
0.007588
0.007589
0.007590
0.007590
0.007591
0.007592
0.007593
0.007594
0.007595
0.007595
0.007596
0.007597
0.007598
0.007599
0.007599
0.007600
0.007601
0.007602
0.007603
0.007604
0.007604
0.007605
0.007606
0.007607
0.007608
0.007608
0.007609
0.007610
0.007611
0.007612
0.007613
0.007613
0.007614
0.007615
0.007616
0.007617
0.007617
0.007618
0.007619
0.007620
0.007621
0.007622
0.007622
0.007623
0.007624
0.007625
0.007626
0.007626
0.007627
0.007628
0.007629
0.007630
0.007631
0.007631
0.007632
0.007633
0.007634
0.007635
0.007635
0.007636
0.007637
0.007638
0.007639
0.007640
0.007640
0.007641
0.007642
0.007643
0.007644
0.007645
0.007645
0.007646
0.007647
0.007648
0.007649
0.007649
0.007650
0.007651
0.007652
0.007653
0.007654
0.007654
0.007655
0.007656
0.007657
0.007658
0.007659
0.007659
0.007660
0.007661
0.007662
0.007663
0.007663
0.007664
0.007665
0.007666
0.007667
0.007668
0.007668
0.007669
0.007670
0.007671
0.007672
0.007673
0.007673
0.007674
0.007675
0.007676
0.007677
0.007677
0.007678
0.007679
0.007680
0.007681
0.007682
0.007682
0.007683
0.007684
0.007685
0.007686
0.007687
0.007687
0.007688
0.007689
0.007690
0.007691
0.007692
0.007692
0.007693
0.007694
0.007695
0.007696
0.007696
0.007697
0.007698
0.007699
0.007700
0.007701
0.007701
0.007702
0.007703
0.007704
0.007705
0.007706
0.007706
0.007707
0.007708
0.007709
0.007710
0.007711
0.007711
0.007712
0.007713
0.007714
0.007715
0.007716
0.007716
0.007717
0.007718
0.007719
0.007720
0.007721
0.007721
0.007722
0.007723
0.007724
0.007725
0.007726
0.007726
0.007727
0.007728
0.007729
0.007730
0.007731
0.007731
0.007732
0.007733
0.007734
0.007735
0.007735
0.007736
0.007737
0.007738
0.007739
0.007740
0.007740
0.007741
0.007742
0.007743
0.007744
0.007745
0.007745
0.007746
0.007747
0.007748
0.007749
0.007750
0.007750
0.007751
0.007752
0.007753
0.007754
0.007755
0.007755
0.007756
0.007757
0.007758
0.007759
0.007760
0.007761
0.007761
0.007762
0.007763
0.007764
0.007765
0.007766
0.007766
0.007767
0.007768
0.007769
0.007770
0.007771
0.007771
0.007772
0.007773
0.007774
0.007775
0.007776
0.007776
0.007777
0.007778
0.007779
0.007780
0.007781
0.007781
0.007782
0.007783
0.007784
0.007785
0.007786
0.007786
0.007787
0.007788
0.007789
0.007790
0.007791
0.007791
0.007792
0.007793
0.007794
0.007795
0.007796
0.007796
0.007797
0.007798
0.007799
0.007800
0.007801
0.007802
0.007802
0.007803
0.007804
0.007805
0.007806
0.007807
0.007807
0.007808
0.007809
0.007810
0.007811
0.007812
0.007812
0.007813
0.007814
0.007815
0.007816
0.007817
0.007817
0.007818
0.007819
0.007820
0.007821
0.007822
0.007823
0.007823
0.007824
0.007825
0.007826
0.007827
0.007828
0.007828
0.007829
0.007830
0.007831
0.007832
0.007833
0.007834
0.007834
0.007835
0.007836
0.007837
0.007838
0.007839
0.007839
0.007840
0.007841
0.007842
0.007843
0.007844
0.007844
0.007845
0.007846
0.007847
0.007848
0.007849
0.007850
0.007850
0.007851
0.007852
0.007853
0.007854
0.007855
0.007855
0.007856
0.007857
0.007858
0.007859
0.007860
0.007861
0.007861
0.007862
0.007863
0.007864
0.007865
0.007866
0.007866
0.007867
0.007868
0.007869
0.007870
0.007871
0.007872
0.007872
0.007873
0.007874
0.007875
0.007876
0.007877
0.007877
0.007878
0.007879
0.007880
0.007881
0.007882
0.007883
0.007883
0.007884
0.007885
0.007886
0.007887
0.007888
0.007889
0.007889
0.007890
0.007891
0.007892
0.007893
0.007894
0.007894
0.007895
0.007896
0.007897
0.007898
0.007899
0.007900
0.007900
0.007901
0.007902
0.007903
0.007904
0.007905
0.007906
0.007906
0.007907
0.007908
0.007909
0.007910
0.007911
0.007911
0.007912
0.007913
0.007914
0.007915
0.007916
0.007917
0.007917
0.007918
0.007919
0.007920
0.007921
0.007922
0.007923
0.007923
0.007924
0.007925
0.007926
0.007927
0.007928
0.007929
0.007929
0.007930
0.007931
0.007932
0.007933
0.007934
0.007935
0.007935
0.007936
0.007937
0.007938
0.007939
0.007940
0.007941
0.007941
0.007942
0.007943
0.007944
0.007945
0.007946
0.007946
0.007947
0.007948
0.007949
0.007950
0.007951
0.007952
0.007952
0.007953
0.007954
0.007955
0.007956
0.007957
0.007958
0.007958
0.007959
0.007960
0.007961
0.007962
0.007963
0.007964
0.007964
0.007965
0.007966
0.007967
0.007968
0.007969
0.007970
0.007970
0.007971
0.007972
0.007973
0.007974
0.007975
0.007976
0.007977
0.007977
0.007978
0.007979
0.007980
0.007981
0.007982
0.007983
0.007983
0.007984
0.007985
0.007986
0.007987
0.007988
0.007989
0.007989
0.007990
0.007991
0.007992
0.007993
0.007994
0.007995
0.007995
0.007996
0.007997
0.007998
0.007999
0.008000
0.008001
0.008001
0.008002
0.008003
0.008004
0.008005
0.008006
0.008007
0.008008
0.008008
0.008009
0.008010
0.008011
0.008012
0.008013
0.008014
0.008014
0.008015
0.008016
0.008017
0.008018
0.008019
0.008020
0.008020
0.008021
0.008022
0.008023
0.008024
0.008025
0.008026
0.008027
0.008027
0.008028
0.008029
0.008030
0.008031
0.008032
0.008033
0.008033
0.008034
0.008035
0.008036
0.008037
0.008038
0.008039
0.008039
0.008040
0.008041
0.008042
0.008043
0.008044
0.008045
0.008046
0.008046
0.008047
0.008048
0.008049
0.008050
0.008051
0.008052
0.008053
0.008053
0.008054
0.008055
0.008056
0.008057
0.008058
0.008059
0.008059
0.008060
0.008061
0.008062
0.008063
0.008064
0.008065
0.008066
0.008066
0.008067
0.008068
0.008069
0.008070
0.008071
0.008072
0.008072
0.008073
0.008074
0.008075
0.008076
0.008077
0.008078
0.008079
0.008079
0.008080
0.008081
0.008082
0.008083
0.008084
0.008085
0.008086
0.008086
0.008087
0.008088
0.008089
0.008090
0.008091
0.008092
0.008093
0.008093
0.008094
0.008095
0.008096
0.008097
0.008098
0.008099
0.008100
0.008100
0.008101
0.008102
0.008103
0.008104
0.008105
0.008106
0.008107
0.008107
0.008108
0.008109
0.008110
0.008111
0.008112
0.008113
0.008113
0.008114
0.008115
0.008116
0.008117
0.008118
0.008119
0.008120
0.008120
0.008121
0.008122
0.008123
0.008124
0.008125
0.008126
0.008127
0.008128
0.008128
0.008129
0.008130
0.008131
0.008132
0.008133
0.008134
0.008135
0.008135
0.008136
0.008137
0.008138
0.008139
0.008140
0.008141
0.008142
0.008142
0.008143
0.008144
0.008145
0.008146
0.008147
0.008148
0.008149
0.008149
0.008150
0.008151
0.008152
0.008153
0.008154
0.008155
0.008156
0.008156
0.008157
0.008158
0.008159
0.008160
0.008161
0.008162
0.008163
0.008164
0.008164
0.008165
0.008166
0.008167
0.008168
0.008169
0.008170
0.008171
0.008171
0.008172
0.008173
0.008174
0.008175
0.008176
0.008177
0.008178
0.008178
0.008179
0.008180
0.008181
0.008182
0.008183
0.008184
0.008185
0.008186
0.008186
0.008187
0.008188
0.008189
0.008190
0.008191
0.008192
0.008193
0.008194
0.008194
0.008195
0.008196
0.008197
0.008198
0.008199
0.008200
0.008201
0.008201
0.008202
0.008203
0.008204
0.008205
0.008206
0.008207
0.008208
0.008209
0.008209
0.008210
0.008211
0.008212
0.008213
0.008214
0.008215
0.008216
0.008217
0.008217
0.008218
0.008219
0.008220
0.008221
0.008222
0.008223
0.008224
0.008225
0.008225
0.008226
0.008227
0.008228
0.008229
0.008230
0.008231
0.008232
0.008232
0.008233
0.008234
0.008235
0.008236
0.008237
0.008238
0.008239
0.008240
0.008240
0.008241
0.008242
0.008243
0.008244
0.008245
0.008246
0.008247
0.008248
0.008248
0.008249
0.008250
0.008251
0.008252
0.008253
0.008254
0.008255
0.008256
0.008257
0.008257
0.008258
0.008259
0.008260
0.008261
0.008262
0.008263
0.008264
0.008265
0.008266
0.008266
0.008267
0.008268
0.008269
0.008270
0.008271
0.008272
0.008273
0.008274
0.008275
0.008276
0.008277
0.008277
0.008278
0.008279
0.008280
0.008281
0.008282
0.008283
0.008284
0.008285
0.008286
0.008287
0.008287
0.008288
0.008289
0.008290
0.008291
0.008292
0.008293
0.008294
0.008295
0.008296
0.008297
0.008298
0.008298
0.008299
0.008300
0.008301
0.008302
0.008303
0.008304
0.008305
0.008306
0.008307
0.008308
0.008309
0.008309
0.008310
0.008311
0.008312
0.008313
0.008314
0.008315
0.008316
0.008317
0.008318
0.008319
0.008320
0.008321
0.008322
0.008323
0.008324
0.008324
0.008325
0.008326
0.008327
0.008328
0.008329
0.008330
0.008331
0.008332
0.008333
0.008334
0.008335
0.008336
0.008337
0.008338
0.008339
0.008340
0.008340
0.008341
0.008342
0.008343
0.008344
0.008345
0.008346
0.008347
0.008348
0.008349
0.008350
0.008351
0.008352
0.008353
0.008354
0.008355
0.008355
0.008356
0.008357
0.008358
0.008359
0.008360
0.008361
0.008362
0.008363
0.008364
0.008365
0.008366
0.008367
0.008368
0.008369
0.008370
0.008371
0.008372
0.008372
0.008373
0.008374
0.008375
0.008376
0.008377
0.008378
0.008379
0.008380
0.008381
0.008382
0.008383
0.008384
0.008385
0.008386
0.008387
0.008388
0.008389
0.008389
0.008390
0.008391
0.008392
0.008393
0.008394
0.008395
0.008396
0.008397
0.008398
0.008399
0.008400
0.008401
0.008402
0.008403
0.008404
0.008405
0.008406
0.008407
0.008407
0.008408
0.008409
0.008410
0.008411
0.008412
0.008413
0.008414
0.008415
0.008416
0.008417
0.008418
0.008419
0.008420
0.008421
0.008422
0.008423
0.008424
0.008425
0.008426
0.008426
0.008427
0.008428
0.008429
0.008430
0.008431
0.008432
0.008433
0.008434
0.008435
0.008436
0.008437
0.008438
0.008439
0.008440
0.008441
0.008442
0.008443
0.008444
0.008445
0.008445
0.008446
0.008447
0.008448
0.008449
0.008450
0.008451
0.008452
0.008453
0.008454
0.008455
0.008456
0.008457
0.008458
0.008459
0.008460
0.008461
0.008462
0.008463
0.008464
0.008465
0.008466
0.008466
0.008467
0.008468
0.008469
0.008470
0.008471
0.008472
0.008473
0.008474
0.008475
0.008476
0.008477
0.008478
0.008479
0.008480
0.008481
0.008482
0.008483
0.008484
0.008485
0.008486
0.008487
0.008488
0.008488
0.008489
0.008490
0.008491
0.008492
0.008493
0.008494
0.008495
0.008496
0.008497
0.008498
0.008499
0.008500
0.008501
0.008502
0.008503
0.008504
0.008505
0.008506
0.008507
0.008508
0.008509
0.008510
0.008511
0.008511
0.008512
0.008513
0.008514
0.008515
0.008516
0.008517
0.008518
0.008519
0.008520
0.008521
0.008522
0.008523
0.008524
0.008525
0.008526
0.008527
0.008528
0.008529
0.008530
0.008531
0.008532
0.008533
0.008534
0.008535
0.008536
0.008536
0.008537
0.008538
0.008539
0.008540
0.008541
0.008542
0.008543
0.008544
0.008545
0.008546
0.008547
0.008548
0.008549
0.008550
0.008551
0.008552
0.008553
0.008554
0.008555
0.008556
0.008557
0.008558
0.008559
0.008560
0.008561
0.008562
0.008563
0.008563
0.008564
0.008565
0.008566
0.008567
0.008568
0.008569
0.008570
0.008571
0.008572
0.008573
0.008574
0.008575
0.008576
0.008577
0.008578
0.008579
0.008580
0.008581
0.008582
0.008583
0.008584
0.008585
0.008586
0.008587
0.008588
0.008589
0.008590
0.008591
0.008592
0.008593
0.008594
0.008594
0.008595
0.008596
0.008597
0.008598
0.008599
0.008600
0.008601
0.008602
0.008603
0.008604
0.008605
0.008606
0.008607
0.008608
0.008609
0.008610
0.008611
0.008612
0.008613
0.008614
0.008615
0.008616
0.008617
0.008618
0.008619
0.008620
0.008621
0.008622
0.008623
0.008624
0.008625
0.008626
0.008627
0.008628
0.008628
0.008629
0.008630
0.008631
0.008632
0.008633
0.008634
0.008635
0.008636
0.008637
0.008638
0.008639
0.008640
0.008641
0.008642
0.008643
0.008644
0.008645
0.008646
0.008647
0.008648
0.008649
0.008650
0.008651
0.008652
0.008653
0.008654
0.008655
0.008656
0.008657
0.008658
0.008659
0.008660
0.008661
0.008662
0.008663
0.008664
0.008665
0.008666
0.008667
0.008668
0.008669
0.008670
0.008671
0.008672
0.008673
0.008674
0.008675
0.008676
0.008677
0.008678
0.008679
0.008680
0.008681
0.008682
0.008683
0.008684
0.008685
0.008686
0.008687
0.008688
0.008689
0.008690
0.008691
0.008692
0.008693
0.008694
0.008695
0.008696
0.008697
0.008698
0.008699
0.008700
0.008701
0.008702
0.008703
0.008704
0.008705
0.008706
0.008707
0.008708
0.008709
0.008710
0.008711
0.008712
0.008713
0.008714
0.008715
0.008716
0.008717
0.008718
0.008719
0.008720
0.008721
0.008722
0.008723
0.008724
0.008725
0.008726
0.008727
0.008728
0.008729
0.008730
0.008731
0.008732
0.008733
0.008734
0.008735
0.008736
0.008737
0.008738
0.008739
0.008740
0.008741
0.008742
0.008743
0.008744
0.008745
0.008746
0.008747
0.008748
0.008749
0.008750
0.008751
0.008752
0.008753
0.008754
0.008755
0.008756
0.008757
0.008758
0.008759
0.008760
0.008761
0.008762
0.008763
0.008764
0.008765
0.008766
0.008767
0.008768
0.008769
0.008770
0.008771
0.008772
0.008773
0.008774
0.008775
0.008776
0.008777
0.008778
0.008779
0.008780
0.008781
0.008782
0.008783
0.008784
0.008785
0.008786
0.008787
0.008788
0.008789
0.008790
0.008791
0.008792
0.008793
0.008794
0.008795
0.008796
0.008797
0.008798
0.008799
0.008800
0.008801
0.008802
0.008803
0.008804
0.008805
0.008806
0.008807
0.008808
0.008809
0.008810
0.008811
0.008812
0.008813
0.008814
0.008815
0.008816
0.008817
0.008818
0.008819
0.008820
0.008821
0.008822
0.008823
0.008824
0.008825
0.008826
0.008827
0.008828
0.008829
0.008830
0.008831
0.008832
0.008833
0.008834
0.008835
0.008836
0.008837
0.008838
0.008839
0.008840
0.008841
0.008842
0.008843
0.008844
0.008845
0.008846
0.008847
0.008848
0.008849
0.008850
0.008851
0.008853
0.008854
0.008855
0.008856
0.008857
0.008858
0.008859
0.008860
0.008861
0.008862
0.008863
0.008864
0.008865
0.008866
0.008867
0.008868
0.008869
0.008870
0.008871
0.008872
0.008873
0.008874
0.008875
0.008876
0.008877
0.008878
0.008879
0.008880
0.008881
0.008882
0.008883
0.008884
0.008885
0.008886
0.008887
0.008888
0.008889
0.008890
0.008891
0.008892
0.008893
0.008894
0.008895
0.008896
0.008897
0.008898
0.008899
0.008900
0.008901
0.008902
0.008903
0.008904
0.008905
0.008906
0.008907
0.008908
0.008909
0.008911
0.008912
0.008913
0.008914
0.008915
0.008916
0.008917
0.008918
0.008919
0.008920
0.008921
0.008922
0.008923
0.008924
0.008925
0.008926
0.008927
0.008928
0.008929
0.008930
0.008931
0.008932
0.008933
0.008934
0.008935
0.008936
0.008937
0.008938
0.008939
0.008940
0.008941
0.008942
0.008943
0.008944
0.008945
0.008946
0.008947
0.008948
0.008949
0.008950
0.008951
0.008952
0.008953
0.008955
0.008956
0.008957
0.008958
0.008959
0.008960
0.008961
0.008962
0.008963
0.008964
0.008965
0.008966
0.008967
0.008968
0.008969
0.008970
0.008971
0.008972
0.008973
0.008974
0.008975
0.008976
0.008977
0.008978
0.008979
0.008980
0.008981
0.008982
0.008983
0.008984
0.008985
0.008986
0.008987
0.008988
0.008989
0.008991
0.008992
0.008993
0.008994
0.008995
0.008996
0.008997
0.008998
0.008999
0.009000
0.009001
0.009002
0.009003
0.009004
0.009005
0.009006
0.009007
0.009008
0.009009
0.009010
0.009011
0.009012
0.009013
0.009014
0.009015
0.009016
0.009017
0.009018
0.009019
0.009020
0.009021
0.009023
0.009024
0.009025
0.009026
0.009027
0.009028
0.009029
0.009030
0.009031
0.009032
0.009033
0.009034
0.009035
0.009036
0.009037
0.009038
0.009039
0.009040
0.009041
0.009042
0.009043
0.009044
0.009045
0.009046
0.009047
0.009048
0.009049
0.009050
0.009052
0.009053
0.009054
0.009055
0.009056
0.009057
0.009058
0.009059
0.009060
0.009061
0.009062
0.009063
0.009064
0.009065
0.009066
0.009067
0.009068
0.009069
0.009070
0.009071
0.009072
0.009073
0.009074
0.009075
0.009076
0.009077
0.009079
0.009080
0.009081
0.009082
0.009083
0.009084
0.009085
0.009086
0.009087
0.009088
0.009089
0.009090
0.009091
0.009092
0.009093
0.009094
0.009095
0.009096
0.009097
0.009098
0.009099
0.009100
0.009101
0.009102
0.009104
0.009105
0.009106
0.009107
0.009108
0.009109
0.009110
0.009111
0.009112
0.009113
0.009114
0.009115
0.009116
0.009117
0.009118
0.009119
0.009120
0.009121
0.009122
0.009123
0.009124
0.009125
0.009127
0.009128
0.009129
0.009130
0.009131
0.009132
0.009133
0.009134
0.009135
0.009136
0.009137
0.009138
0.009139
0.009140
0.009141
0.009142
0.009143
0.009144
0.009145
0.009146
0.009147
0.009149
0.009150
0.009151
0.009152
0.009153
0.009154
0.009155
0.009156
0.009157
0.009158
0.009159
0.009160
0.009161
0.009162
0.009163
0.009164
0.009165
0.009166
0.009167
0.009168
0.009170
0.009171
0.009172
0.009173
0.009174
0.009175
0.009176
0.009177
0.009178
0.009179
0.009180
0.009181
0.009182
0.009183
0.009184
0.009185
0.009186
0.009187
0.009188
0.009190
0.009191
0.009192
0.009193
0.009194
0.009195
0.009196
0.009197
0.009198
0.009199
0.009200
0.009201
0.009202
0.009203
0.009204
0.009205
0.009206
0.009207
0.009209
0.009210
0.009211
0.009212
0.009213
0.009214
0.009215
0.009216
0.009217
0.009218
0.009219
0.009220
0.009221
0.009222
0.009223
0.009224
0.009225
0.009227
0.009228
0.009229
0.009230
0.009231
0.009232
0.009233
0.009234
0.009235
0.009236
0.009237
0.009238
0.009239
0.009240
0.009241
0.009242
0.009243
0.009245
0.009246
0.009247
0.009248
0.009249
0.009250
0.009251
0.009252
0.009253
0.009254
0.009255
0.009256
0.009257
0.009258
0.009259
0.009260
0.009261
0.009263
0.009264
0.009265
0.009266
0.009267
0.009268
0.009269
0.009270
0.009271
0.009272
0.009273
0.009274
0.009275
0.009276
0.009277
0.009279
0.009280
0.009281
0.009282
0.009283
0.009284
0.009285
0.009286
0.009287
0.009288
0.009289
0.009290
0.009291
0.009292
0.009293
0.009294
0.009296
0.009297
0.009298
0.009299
0.009300
0.009301
0.009302
0.009303
0.009304
0.009305
0.009306
0.009307
0.009308
0.009309
0.009310
0.009312
0.009313
0.009314
0.009315
0.009316
0.009317
0.009318
0.009319
0.009320
0.009321
0.009322
0.009323
0.009324
0.009325
0.009327
0.009328
0.009329
0.009330
0.009331
0.009332
0.009333
0.009334
0.009335
0.009336
0.009337
0.009338
0.009339
0.009340
0.009342
0.009343
0.009344
0.009345
0.009346
0.009347
0.009348
0.009349
0.009350
0.009351
0.009352
0.009353
0.009354
0.009355
0.009357
0.009358
0.009359
0.009360
0.009361
0.009362
0.009363
0.009364
0.009365
0.009366
0.009367
0.009368
0.009369
0.009371
0.009372
0.009373
0.009374
0.009375
0.009376
0.009377
0.009378
0.009379
0.009380
0.009381
0.009382
0.009383
0.009384
0.009386
0.009387
0.009388
0.009389
0.009390
0.009391
0.009392
0.009393
0.009394
0.009395
0.009396
0.009397
0.009399
0.009400
0.009401
0.009402
0.009403
0.009404
0.009405
0.009406
0.009407
0.009408
0.009409
0.009410
0.009411
0.009413
0.009414
0.009415
0.009416
0.009417
0.009418
0.009419
0.009420
0.009421
0.009422
0.009423
0.009424
0.009426
0.009427
0.009428
0.009429
0.009430
0.009431
0.009432
0.009433
0.009434
0.009435
0.009436
0.009437
0.009439
0.009440
0.009441
0.009442
0.009443
0.009444
0.009445
0.009446
0.009447
0.009448
0.009449
0.009450
0.009452
0.009453
0.009454
0.009455
0.009456
0.009457
0.009458
0.009459
0.009460
0.009461
0.009462
0.009463
0.009465
0.009466
0.009467
0.009468
0.009469
0.009470
0.009471
0.009472
0.009473
0.009474
0.009475
0.009476
0.009478
0.009479
0.009480
0.009481
0.009482
0.009483
0.009484
0.009485
0.009486
0.009487
0.009488
0.009490
0.009491
0.009492
0.009493
0.009494
0.009495
0.009496
0.009497
0.009498
0.009499
0.009500
0.009502
0.009503
0.009504
0.009505
0.009506
0.009507
0.009508
0.009509
0.009510
0.009511
0.009512
0.009514
0.009515
0.009516
0.009517
0.009518
0.009519
0.009520
0.009521
0.009522
0.009523
0.009524
0.009526
0.009527
0.009528
0.009529
0.009530
0.009531
0.009532
0.009533
0.009534
0.009535
0.009537
0.009538
0.009539
0.009540
0.009541
0.009542
0.009543
0.009544
0.009545
0.009546
0.009548
0.009549
0.009550
0.009551
0.009552
0.009553
0.009554
0.009555
0.009557
0.009558
0.009559
0.009560
0.009561
0.009562
0.009563
0.009565
0.009566
0.009567
0.009568
0.009569
0.009570
0.009571
0.009572
0.009574
0.009575
0.009576
0.009577
0.009578
0.009579
0.009580
0.009581
0.009583
0.009584
0.009585
0.009586
0.009587
0.009588
0.009589
0.009591
0.009592
0.009593
0.009594
0.009595
0.009596
0.009597
0.009598
0.009600
0.009601
0.009602
0.009603
0.009604
0.009605
0.009606
0.009608
0.009609
0.009610
0.009611
0.009612
0.009613
0.009614
0.009615
0.009617
0.009618
0.009619
0.009620
0.009621
0.009622
0.009623
0.009625
0.009626
0.009627
0.009628
0.009629
0.009630
0.009631
0.009633
0.009634
0.009635
0.009636
0.009637
0.009638
0.009639
0.009640
0.009642
0.009643
0.009644
0.009645
0.009646
0.009647
0.009648
0.009650
0.009651
0.009652
0.009653
0.009654
0.009655
0.009656
0.009658
0.009659
0.009660
0.009661
0.009662
0.009663
0.009664
0.009666
0.009667
0.009668
0.009669
0.009670
0.009671
0.009672
0.009674
0.009675
0.009676
0.009677
0.009678
0.009679
0.009680
0.009682
0.009683
0.009684
0.009685
0.009686
0.009687
0.009688
0.009690
0.009691
0.009692
0.009693
0.009694
0.009695
0.009696
0.009698
0.009699
0.009700
0.009701
0.009702
0.009703
0.009704
0.009706
0.009707
0.009708
0.009709
0.009710
0.009711
0.009713
0.009714
0.009715
0.009716
0.009717
0.009718
0.009719
0.009721
0.009722
0.009723
0.009724
0.009725
0.009726
0.009727
0.009729
0.009730
0.009731
0.009732
0.009733
0.009734
0.009735
0.009737
0.009738
0.009739
0.009740
0.009741
0.009742
0.009744
0.009745
0.009746
0.009747
0.009748
0.009749
0.009750
0.009752
0.009753
0.009754
0.009755
0.009756
0.009757
0.009759
0.009760
0.009761
0.009762
0.009763
0.009764
0.009765
0.009767
0.009768
0.009769
0.009770
0.009771
0.009772
0.009774
0.009775
0.009776
0.009777
0.009778
0.009779
0.009780
0.009782
0.009783
0.009784
0.009785
0.009786
0.009787
0.009789
0.009790
0.009791
0.009792
0.009793
0.009794
0.009795
0.009797
0.009798
0.009799
0.009800
0.009801
0.009802
0.009804
0.009805
0.009806
0.009807
0.009808
0.009809
0.009811
0.009812
0.009813
0.009814
0.009815
0.009816
0.009817
0.009819
0.009820
0.009821
0.009822
0.009823
0.009824
0.009826
0.009827
0.009828
0.009829
0.009830
0.009831
0.009833
0.009834
0.009835
0.009836
0.009837
0.009838
0.009840
0.009841
0.009842
0.009843
0.009844
0.009845
0.009847
0.009848
0.009849
0.009850
0.009851
0.009852
0.009854
0.009855
0.009856
0.009857
0.009858
0.009859
0.009860
0.009862
0.009863
0.009864
0.009865
0.009866
0.009867
0.009869
0.009870
0.009871
0.009872
0.009873
0.009874
0.009876
0.009877
0.009878
0.009879
0.009880
0.009881
0.009883
0.009884
0.009885
0.009886
0.009887
0.009889
0.009890
0.009891
0.009892
0.009893
0.009894
0.009896
0.009897
0.009898
0.009899
0.009900
0.009901
0.009903
0.009904
0.009905
0.009906
0.009907
0.009908
0.009910
0.009911
0.009912
0.009913
0.009914
0.009915
0.009917
0.009918
0.009919
0.009920
0.009921
0.009922
0.009924
0.009925
0.009926
0.009927
0.009928
0.009929
0.009931
0.009932
0.009933
0.009934
0.009935
0.009937
0.009938
0.009939
0.009940
0.009941
0.009942
0.009944
0.009945
0.009946
0.009947
0.009948
0.009949
0.009951
0.009952
0.009953
0.009954
0.009955
0.009957
0.009958
0.009959
0.009960
0.009961
0.009962
0.009964
0.009965
0.009966
0.009967
0.009968
0.009969
0.009971
0.009972
0.009973
0.009974
0.009975
0.009977
0.009978
0.009979
0.009980
0.009981
0.009982
0.009984
0.009985
0.009986
0.009987
0.009988
0.009990
0.009991
0.009992
0.009993
0.009994
0.009995
0.009997
0.009998
0.009999
0.010000
0.010001
0.010003
0.010004
0.010005
0.010006
0.010007
0.010008
0.010010
0.010011
0.010012
0.010013
0.010014
0.010016
0.010017
0.010018
0.010019
0.010020
0.010021
0.010023
0.010024
0.010025
0.010026
0.010027
0.010029
0.010030
0.010031
0.010032
0.010033
0.010035
0.010036
0.010037
0.010038
0.010039
0.010040
0.010042
0.010043
0.010044
0.010045
0.010046
0.010048
0.010049
0.010050
0.010051
0.010052
0.010054
0.010055
0.010056
0.010057
0.010058
0.010059
0.010061
0.010062
0.010063
0.010064
0.010065
0.010067
0.010068
0.010069
0.010070
0.010071
0.010073
0.010074
0.010075
0.010076
0.010077
0.010078
0.010080
0.010081
0.010082
0.010083
0.010084
0.010086
0.010087
0.010088
0.010089
0.010090
0.010092
0.010093
0.010094
0.010095
0.010096
0.010098
0.010099
0.010100
0.010101
0.010102
0.010104
0.010105
0.010106
0.010107
0.010108
0.010110
0.010111
0.010112
0.010113
0.010114
0.010115
0.010117
0.010118
0.010119
0.010120
0.010121
0.010123
0.010124
0.010125
0.010126
0.010127
0.010129
0.010130
0.010131
0.010132
0.010133
0.010135
0.010136
0.010137
0.010138
0.010139
0.010141
0.010142
0.010143
0.010144
0.010145
0.010147
0.010148
0.010149
0.010150
0.010151
0.010153
0.010154
0.010155
0.010156
0.010157
0.010159
0.010160
0.010161
0.010162
0.010163
0.010165
0.010166
0.010167
0.010168
0.010169
0.010171
0.010172
0.010173
0.010174
0.010175
0.010177
0.010178
0.010179
0.010180
0.010181
0.010183
0.010184
0.010185
0.010186
0.010188
0.010189
0.010190
0.010191
0.010192
0.010194
0.010195
0.010196
0.010197
0.010198
0.010200
0.010201
0.010202
0.010203
0.010204
0.010206
0.010207
0.010208
0.010209
0.010210
0.010212
0.010213
0.010214
0.010215
0.010216
0.010218
0.010219
0.010220
0.010221
0.010223
0.010224
0.010225
0.010226
0.010227
0.010229
0.010230
0.010231
0.010232
0.010233
0.010235
0.010236
0.010237
0.010238
0.010239
0.010241
0.010242
0.010243
0.010244
0.010246
0.010247
0.010248
0.010249
0.010250
0.010252
0.010253
0.010254
0.010255
0.010256
0.010258
0.010259
0.010260
0.010261
0.010262
0.010264
0.010265
0.010266
0.010267
0.010269
0.010270
0.010271
0.010272
0.010273
0.010275
0.010276
0.010277
0.010278
0.010280
0.010281
0.010282
0.010283
0.010284
0.010286
0.010287
0.010288
0.010289
0.010290
0.010292
0.010293
0.010294
0.010295
0.010297
0.010298
0.010299
0.010300
0.010301
0.010303
0.010304
0.010305
0.010306
0.010308
0.010309
0.010310
0.010311
0.010312
0.010314
0.010315
0.010316
0.010317
0.010318
0.010320
0.010321
0.010322
0.010323
0.010325
0.010326
0.010327
0.010328
0.010329
0.010331
0.010332
0.010333
0.010334
0.010336
0.010337
0.010338
0.010339
0.010340
0.010342
0.010343
0.010344
0.010345
0.010347
0.010348
0.010349
0.010350
0.010351
0.010353
0.010354
0.010355
0.010356
0.010358
0.010359
0.010360
0.010361
0.010363
0.010364
0.010365
0.010366
0.010367
0.010369
0.010370
0.010371
0.010372
0.010374
0.010375
0.010376
0.010377
0.010378
0.010380
0.010381
0.010382
0.010383
0.010385
0.010386
0.010387
0.010388
0.010390
0.010391
0.010392
0.010393
0.010394
0.010396
0.010397
0.010398
0.010399
0.010401
0.010402
0.010403
0.010404
0.010406
0.010407
0.010408
0.010409
0.010410
0.010412
0.010413
0.010414
0.010415
0.010417
0.010418
0.010419
0.010420
0.010422
0.010423
0.010424
0.010425
0.010426
0.010428
0.010429
0.010430
0.010431
0.010433
0.010434
0.010435
0.010436
0.010438
0.010439
0.010440
0.010441
0.010443
0.010444
0.010445
0.010446
0.010447
0.010449
0.010450
0.010451
0.010452
0.010454
0.010455
0.010456
0.010457
0.010459
0.010460
0.010461
0.010462
0.010464
0.010465
0.010466
0.010467
0.010469
0.010470
0.010471
0.010472
0.010473
0.010475
0.010476
0.010477
0.010478
0.010480
0.010481
0.010482
0.010483
0.010485
0.010486
0.010487
0.010488
0.010490
0.010491
0.010492
0.010493
0.010495
0.010496
0.010497
0.010498
0.010500
0.010501
0.010502
0.010503
0.010504
0.010506
0.010507
0.010508
0.010509
0.010511
0.010512
0.010513
0.010514
0.010516
0.010517
0.010518
0.010519
0.010521
0.010522
0.010523
0.010524
0.010526
0.010527
0.010528
0.010529
0.010531
0.010532
0.010533
0.010534
0.010536
0.010537
0.010538
0.010539
0.010541
0.010542
0.010543
0.010544
0.010546
0.010547
0.010548
0.010549
0.010551
0.010552
0.010553
0.010554
0.010556
0.010557
0.010558
0.010559
0.010561
0.010562
0.010563
0.010564
0.010566
0.010567
0.010568
0.010569
0.010571
0.010572
0.010573
0.010574
0.010576
0.010577
0.010578
0.010579
0.010581
0.010582
0.010583
0.010584
0.010586
0.010587
0.010588
0.010589
0.010591
0.010592
0.010593
0.010594
0.010596
0.010597
0.010598
0.010599
0.010601
0.010602
0.010603
0.010604
0.010606
0.010607
0.010608
0.010609
0.010611
0.010612
0.010613
0.010614
0.010616
0.010617
0.010618
0.010619
0.010621
0.010622
0.010623
0.010625
0.010626
0.010627
0.010628
0.010630
0.010631
0.010632
0.010633
0.010635
0.010636
0.010637
0.010638
0.010640
0.010641
0.010642
0.010643
0.010645
0.010646
0.010647
0.010648
0.010650
0.010651
0.010652
0.010653
0.010655
0.010656
0.010657
0.010659
0.010660
0.010661
0.010662
0.010664
0.010665
0.010666
0.010667
0.010669
0.010670
0.010671
0.010672
0.010674
0.010675
0.010676
0.010677
0.010679
0.010680
0.010681
0.010683
0.010684
0.010685
0.010686
0.010688
0.010689
0.010690
0.010691
0.010693
0.010694
0.010695
0.010696
0.010698
0.010699
0.010700
0.010702
0.010703
0.010704
0.010705
0.010707
0.010708
0.010709
0.010710
0.010712
0.010713
0.010714
0.010715
0.010717
0.010718
0.010719
0.010721
0.010722
0.010723
0.010724
0.010726
0.010727
0.010728
0.010729
0.010731
0.010732
0.010733
0.010735
0.010736
0.010737
0.010738
0.010740
0.010741
0.010742
0.010743
0.010745
0.010746
0.010747
0.010749
0.010750
0.010751
0.010752
0.010754
0.010755
0.010756
0.010757
0.010759
0.010760
0.010761
0.010763
0.010764
0.010765
0.010766
0.010768
0.010769
0.010770
0.010771
0.010773
0.010774
0.010775
0.010777
0.010778
0.010779
0.010780
0.010782
0.010783
0.010784
0.010785
0.010787
0.010788
0.010789
0.010791
0.010792
0.010793
0.010794
0.010796
0.010797
0.010798
0.010800
0.010801
0.010802
0.010803
0.010805
0.010806
0.010807
0.010809
0.010810
0.010811
0.010812
0.010814
0.010815
0.010816
0.010818
0.010819
0.010820
0.010821
0.010823
0.010824
0.010825
0.010827
0.010828
0.010829
0.010831
0.010832
0.010833
0.010834
0.010836
0.010837
0.010838
0.010840
0.010841
0.010842
0.010844
0.010845
0.010846
0.010847
0.010849
0.010850
0.010851
0.010853
0.010854
0.010855
0.010857
0.010858
0.010859
0.010860
0.010862
0.010863
0.010864
0.010866
0.010867
0.010868
0.010870
0.010871
0.010872
0.010873
0.010875
0.010876
0.010877
0.010879
0.010880
0.010881
0.010883
0.010884
0.010885
0.010886
0.010888
0.010889
0.010890
0.010892
0.010893
0.010894
0.010896
0.010897
0.010898
0.010899
0.010901
0.010902
0.010903
0.010905
0.010906
0.010907
0.010909
0.010910
0.010911
0.010913
0.010914
0.010915
0.010916
0.010918
0.010919
0.010920
0.010922
0.010923
0.010924
0.010926
0.010927
0.010928
0.010930
0.010931
0.010932
0.010933
0.010935
0.010936
0.010937
0.010939
0.010940
0.010941
0.010943
0.010944
0.010945
0.010947
0.010948
0.010949
0.010950
0.010952
0.010953
0.010954
0.010956
0.010957
0.010958
0.010960
0.010961
0.010962
0.010964
0.010965
0.010966
0.010968
0.010969
0.010970
0.010971
0.010973
0.010974
0.010975
0.010977
0.010978
0.010979
0.010981
0.010982
0.010983
0.010985
0.010986
0.010987
0.010989
0.010990
0.010991
0.010992
0.010994
0.010995
0.010996
0.010998
0.010999
0.011000
0.011002
0.011003
0.011004
0.011006
0.011007
0.011008
0.011010
0.011011
0.011012
0.011014
0.011015
0.011016
0.011017
0.011019
0.011020
0.011021
0.011023
0.011024
0.011025
0.011027
0.011028
0.011029
0.011031
0.011032
0.011033
0.011035
0.011036
0.011037
0.011039
0.011040
0.011041
0.011043
0.011044
0.011045
0.011047
0.011048
0.011049
0.011051
0.011052
0.011053
0.011054
0.011056
0.011057
0.011058
0.011060
0.011061
0.011062
0.011064
0.011065
0.011066
0.011068
0.011069
0.011070
0.011072
0.011073
0.011074
0.011076
0.011077
0.011078
0.011080
0.011081
0.011082
0.011084
0.011085
0.011086
0.011088
0.011089
0.011090
0.011092
0.011093
0.011094
0.011096
0.011097
0.011098
0.011100
0.011101
0.011102
0.011104
0.011105
0.011106
0.011108
0.011109
0.011110
0.011112
0.011113
0.011114
0.011116
0.011117
0.011118
0.011120
0.011121
0.011122
0.011124
0.011125
0.011126
0.011128
0.011129
0.011130
0.011132
0.011133
0.011134
0.011136
0.011137
0.011138
0.011140
0.011141
0.011142
0.011144
0.011145
0.011146
0.011148
0.011149
0.011150
0.011152
0.011153
0.011154
0.011156
0.011157
0.011158
0.011160
0.011161
0.011162
0.011164
0.011165
0.011166
0.011168
0.011169
0.011170
0.011172
0.011173
0.011174
0.011176
0.011177
0.011178
0.011180
0.011181
0.011182
0.011184
0.011185
0.011186
0.011188
0.011189
0.011190
0.011192
0.011193
0.011194
0.011196
0.011197
0.011198
0.011200
0.011201
0.011202
0.011204
0.011205
0.011206
0.011208
0.011209
0.011210
0.011212
0.011213
0.011214
0.011216
0.011217
0.011218
0.011220
0.011221
0.011223
0.011224
0.011225
0.011227
0.011228
0.011229
0.011231
0.011232
0.011233
0.011235
0.011236
0.011237
0.011239
0.011240
0.011241
0.011243
0.011244
0.011245
0.011247
0.011248
0.011249
0.011251
0.011252
0.011253
0.011255
0.011256
0.011257
0.011259
0.011260
0.011262
0.011263
0.011264
0.011266
0.011267
0.011268
0.011270
0.011271
0.011272
0.011274
0.011275
0.011276
0.011278
0.011279
0.011280
0.011282
0.011283
0.011284
0.011286
0.011287
0.011289
0.011290
0.011291
0.011293
0.011294
0.011295
0.011297
0.011298
0.011299
0.011301
0.011302
0.011303
0.011305
0.011306
0.011307
0.011309
0.011310
0.011312
0.011313
0.011314
0.011316
0.011317
0.011318
0.011320
0.011321
0.011322
0.011324
0.011325
0.011326
0.011328
0.011329
0.011331
0.011332
0.011333
0.011335
0.011336
0.011337
0.011339
0.011340
0.011341
0.011343
0.011344
0.011345
0.011347
0.011348
0.011350
0.011351
0.011352
0.011354
0.011355
0.011356
0.011358
0.011359
0.011360
0.011362
0.011363
0.011365
0.011366
0.011367
0.011369
0.011370
0.011371
0.011373
0.011374
0.011375
0.011377
0.011378
0.011379
0.011381
0.011382
0.011384
0.011385
0.011386
0.011388
0.011389
0.011390
0.011392
0.011393
0.011394
0.011396
0.011397
0.011399
0.011400
0.011401
0.011403
0.011404
0.011405
0.011407
0.011408
0.011410
0.011411
0.011412
0.011414
0.011415
0.011416
0.011418
0.011419
0.011420
0.011422
0.011423
0.011425
0.011426
0.011427
0.011429
0.011430
0.011431
0.011433
0.011434
0.011436
0.011437
0.011438
0.011440
0.011441
0.011442
0.011444
0.011445
0.011446
0.011448
0.011449
0.011451
0.011452
0.011453
0.011455
0.011456
0.011457
0.011459
0.011460
0.011462
0.011463
0.011464
0.011466
0.011467
0.011468
0.011470
0.011471
0.011473
0.011474
0.011475
0.011477
0.011478
0.011479
0.011481
0.011482
0.011484
0.011485
0.011486
0.011488
0.011489
0.011490
0.011492
0.011493
0.011495
0.011496
0.011497
0.011499
0.011500
0.011501
0.011503
0.011504
0.011506
0.011507
0.011508
0.011510
0.011511
0.011512
0.011514
0.011515
0.011517
0.011518
0.011519
0.011521
0.011522
0.011524
0.011525
0.011526
0.011528
0.011529
0.011530
0.011532
0.011533
0.011535
0.011536
0.011537
0.011539
0.011540
0.011541
0.011543
0.011544
0.011546
0.011547
0.011548
0.011550
0.011551
0.011553
0.011554
0.011555
0.011557
0.011558
0.011559
0.011561
0.011562
0.011564
0.011565
0.011566
0.011568
0.011569
0.011571
0.011572
0.011573
0.011575
0.011576
0.011578
0.011579
0.011580
0.011582
0.011583
0.011584
0.011586
0.011587
0.011589
0.011590
0.011591
0.011593
0.011594
0.011596
0.011597
0.011598
0.011600
0.011601
0.011603
0.011604
0.011605
0.011607
0.011608
0.011609
0.011611
0.011612
0.011614
0.011615
0.011616
0.011618
0.011619
0.011621
0.011622
0.011623
0.011625
0.011626
0.011628
0.011629
0.011630
0.011632
0.011633
0.011635
0.011636
0.011637
0.011639
0.011640
0.011641
0.011643
0.011644
0.011646
0.011647
0.011648
0.011650
0.011651
0.011653
0.011654
0.011655
0.011657
0.011658
0.011660
0.011661
0.011662
0.011664
0.011665
0.011667
0.011668
0.011669
0.011671
0.011672
0.011674
0.011675
0.011676
0.011678
0.011679
0.011681
0.011682
0.011683
0.011685
0.011686
0.011688
0.011689
0.011690
0.011692
0.011693
0.011695
0.011696
0.011697
0.011699
0.011700
0.011702
0.011703
0.011704
0.011706
0.011707
0.011709
0.011710
0.011711
0.011713
0.011714
0.011716
0.011717
0.011718
0.011720
0.011721
0.011723
0.011724
0.011726
0.011727
0.011728
0.011730
0.011731
0.011733
0.011734
0.011735
0.011737
0.011738
0.011740
0.011741
0.011742
0.011744
0.011745
0.011747
0.011748
0.011749
0.011751
0.011752
0.011754
0.011755
0.011756
0.011758
0.011759
0.011761
0.011762
0.011764
0.011765
0.011766
0.011768
0.011769
0.011771
0.011772
0.011773
0.011775
0.011776
0.011778
0.011779
0.011780
0.011782
0.011783
0.011785
0.011786
0.011788
0.011789
0.011790
0.011792
0.011793
0.011795
0.011796
0.011797
0.011799
0.011800
0.011802
0.011803
0.011804
0.011806
0.011807
0.011809
0.011810
0.011812
0.011813
0.011814
0.011816
0.011817
0.011819
0.011820
0.011821
0.011823
0.011824
0.011826
0.011827
0.011829
0.011830
0.011831
0.011833
0.011834
0.011836
0.011837
0.011838
0.011840
0.011841
0.011843
0.011844
0.011846
0.011847
0.011848
0.011850
0.011851
0.011853
0.011854
0.011856
0.011857
0.011858
0.011860
0.011861
0.011863
0.011864
0.011865
0.011867
0.011868
0.011870
0.011871
0.011873
0.011874
0.011875
0.011877
0.011878
0.011880
0.011881
0.011883
0.011884
0.011885
0.011887
0.011888
0.011890
0.011891
0.011893
0.011894
0.011895
0.011897
0.011898
0.011900
0.011901
0.011903
0.011904
0.011905
0.011907
0.011908
0.011910
0.011911
0.011913
0.011914
0.011915
0.011917
0.011918
0.011920
0.011921
0.011923
0.011924
0.011925
0.011927
0.011928
0.011930
0.011931
0.011933
0.011934
0.011935
0.011937
0.011938
0.011940
0.011941
0.011943
0.011944
0.011945
0.011947
0.011948
0.011950
0.011951
0.011953
0.011954
0.011955
0.011957
0.011958
0.011960
0.011961
0.011963
0.011964
0.011965
0.011967
0.011968
0.011970
0.011971
0.011973
0.011974
0.011976
0.011977
0.011978
0.011980
0.011981
0.011983
0.011984
0.011986
0.011987
0.011988
0.011990
0.011991
0.011993
0.011994
0.011996
0.011997
0.011999
0.012000
0.012001
0.012003
0.012004
0.012006
0.012007
0.012009
0.012010
0.012011
0.012013
0.012014
0.012016
0.012017
0.012019
0.012020
0.012022
0.012023
0.012024
0.012026
0.012027
0.012029
0.012030
0.012032
0.012033
0.012035
0.012036
0.012037
0.012039
0.012040
0.012042
0.012043
0.012045
0.012046
0.012048
0.012049
0.012050
0.012052
0.012053
0.012055
0.012056
0.012058
0.012059
0.012061
0.012062
0.012063
0.012065
0.012066
0.012068
0.012069
0.012071
0.012072
0.012074
0.012075
0.012076
0.012078
0.012079
0.012081
0.012082
0.012084
0.012085
0.012087
0.012088
0.012090
0.012091
0.012092
0.012094
0.012095
0.012097
0.012098
0.012100
0.012101
0.012103
0.012104
0.012105
0.012107
0.012108
0.012110
0.012111
0.012113
0.012114
0.012116
0.012117
0.012119
0.012120
0.012121
0.012123
0.012124
0.012126
0.012127
0.012129
0.012130
0.012132
0.012133
0.012135
0.012136
0.012137
0.012139
0.012140
0.012142
0.012143
0.012145
0.012146
0.012148
0.012149
0.012151
0.012152
0.012153
0.012155
0.012156
0.012158
0.012159
0.012161
0.012162
0.012164
0.012165
0.012167
0.012168
0.012170
0.012171
0.012172
0.012174
0.012175
0.012177
0.012178
0.012180
0.012181
0.012183
0.012184
0.012186
0.012187
0.012189
0.012190
0.012191
0.012193
0.012194
0.012196
0.012197
0.012199
0.012200
0.012202
0.012203
0.012205
0.012206
0.012208
0.012209
0.012210
0.012212
0.012213
0.012215
0.012216
0.012218
0.012219
0.012221
0.012222
0.012224
0.012225
0.012227
0.012228
0.012230
0.012231
0.012232
0.012234
0.012235
0.012237
0.012238
0.012240
0.012241
0.012243
0.012244
0.012246
0.012247
0.012249
0.012250
0.012252
0.012253
0.012254
0.012256
0.012257
0.012259
0.012260
0.012262
0.012263
0.012265
0.012266
0.012268
0.012269
0.012271
0.012272
0.012274
0.012275
0.012277
0.012278
0.012279
0.012281
0.012282
0.012284
0.012285
0.012287
0.012288
0.012290
0.012291
0.012293
0.012294
0.012296
0.012297
0.012299
0.012300
0.012302
0.012303
0.012305
0.012306
0.012308
0.012309
0.012310
0.012312
0.012313
0.012315
0.012316
0.012318
0.012319
0.012321
0.012322
0.012324
0.012325
0.012327
0.012328
0.012330
0.012331
0.012333
0.012334
0.012336
0.012337
0.012339
0.012340
0.012342
0.012343
0.012344
0.012346
0.012347
0.012349
0.012350
0.012352
0.012353
0.012355
0.012356
0.012358
0.012359
0.012361
0.012362
0.012364
0.012365
0.012367
0.012368
0.012370
0.012371
0.012373
0.012374
0.012376
0.012377
0.012379
0.012380
0.012382
0.012383
0.012385
0.012386
0.012388
0.012389
0.012390
0.012392
0.012393
0.012395
0.012396
0.012398
0.012399
0.012401
0.012402
0.012404
0.012405
0.012407
0.012408
0.012410
0.012411
0.012413
0.012414
0.012416
0.012417
0.012419
0.012420
0.012422
0.012423
0.012425
0.012426
0.012428
0.012429
0.012431
0.012432
0.012434
0.012435
0.012437
0.012438
0.012440
0.012441
0.012443
0.012444
0.012446
0.012447
0.012449
0.012450
0.012452
0.012453
0.012455
0.012456
0.012458
0.012459
0.012461
0.012462
0.012464
0.012465
0.012467
0.012468
0.012470
0.012471
0.012473
0.012474
0.012476
0.012477
0.012479
0.012480
0.012482
0.012483
0.012485
0.012486
0.012488
0.012489
0.012491
0.012492
0.012494
0.012495
0.012497
0.012498
0.012500
0.012501
0.012503
0.012504
0.012506
0.012507
0.012509
0.012510
0.012512
0.012513
0.012515
0.012516
0.012518
0.012519
0.012521
0.012522
0.012524
0.012525
0.012527
0.012528
0.012530
0.012531
0.012533
0.012534
0.012536
0.012537
0.012539
0.012540
0.012542
0.012543
0.012545
0.012546
0.012548
0.012549
0.012551
0.012552
0.012554
0.012555
0.012557
0.012558
0.012560
0.012561
0.012563
0.012564
0.012566
0.012567
0.012569
0.012570
0.012572
0.012573
0.012575
0.012576
0.012578
0.012579
0.012581
0.012582
0.012584
0.012585
0.012587
0.012588
0.012590
0.012591
0.012593
0.012594
0.012596
0.012597
0.012599
0.012600
0.012602
0.012603
0.012605
0.012606
0.012608
0.012609
0.012611
0.012613
0.012614
0.012616
0.012617
0.012619
0.012620
0.012622
0.012623
0.012625
0.012626
0.012628
0.012629
0.012631
0.012632
0.012634
0.012635
0.012637
0.012638
0.012640
0.012641
0.012643
0.012644
0.012646
0.012647
0.012649
0.012650
0.012652
0.012653
0.012655
0.012657
0.012658
0.012660
0.012661
0.012663
0.012664
0.012666
0.012667
0.012669
0.012670
0.012672
0.012673
0.012675
0.012676
0.012678
0.012679
0.012681
0.012682
0.012684
0.012685
0.012687
0.012688
0.012690
0.012692
0.012693
0.012695
0.012696
0.012698
0.012699
0.012701
0.012702
0.012704
0.012705
0.012707
0.012708
0.012710
0.012711
0.012713
0.012714
0.012716
0.012717
0.012719
0.012720
0.012722
0.012724
0.012725
0.012727
0.012728
0.012730
0.012731
0.012733
0.012734
0.012736
0.012737
0.012739
0.012740
0.012742
0.012743
0.012745
0.012746
0.012748
0.012750
0.012751
0.012753
0.012754
0.012756
0.012757
0.012759
0.012760
0.012762
0.012763
0.012765
0.012766
0.012768
0.012769
0.012771
0.012773
0.012774
0.012776
0.012777
0.012779
0.012780
0.012782
0.012783
0.012785
0.012786
0.012788
0.012789
0.012791
0.012792
0.012794
0.012796
0.012797
0.012799
0.012800
0.012802
0.012803
0.012805
0.012806
0.012808
0.012809
0.012811
0.012812
0.012814
0.012816
0.012817
0.012819
0.012820
0.012822
0.012823
0.012825
0.012826
0.012828
0.012829
0.012831
0.012832
0.012834
0.012836
0.012837
0.012839
0.012840
0.012842
0.012843
0.012845
0.012846
0.012848
0.012849
0.012851
0.012853
0.012854
0.012856
0.012857
0.012859
0.012860
0.012862
0.012863
0.012865
0.012866
0.012868
0.012870
0.012871
0.012873
0.012874
0.012876
0.012877
0.012879
0.012880
0.012882
0.012883
0.012885
0.012887
0.012888
0.012890
0.012891
0.012893
0.012894
0.012896
0.012897
0.012899
0.012900
0.012902
0.012904
0.012905
0.012907
0.012908
0.012910
0.012911
0.012913
0.012915
0.012916
0.012918
0.012919
0.012921
0.012922
0.012924
0.012925
0.012927
0.012929
0.012930
0.012932
0.012933
0.012935
0.012936
0.012938
0.012940
0.012941
0.012943
0.012944
0.012946
0.012947
0.012949
0.012951
0.012952
0.012954
0.012955
0.012957
0.012958
0.012960
0.012962
0.012963
0.012965
0.012966
0.012968
0.012969
0.012971
0.012973
0.012974
0.012976
0.012977
0.012979
0.012980
0.012982
0.012984
0.012985
0.012987
0.012988
0.012990
0.012991
0.012993
0.012995
0.012996
0.012998
0.012999
0.013001
0.013002
0.013004
0.013006
0.013007
0.013009
0.013010
0.013012
0.013013
0.013015
0.013017
0.013018
0.013020
0.013021
0.013023
0.013024
0.013026
0.013028
0.013029
0.013031
0.013032
0.013034
0.013036
0.013037
0.013039
0.013040
0.013042
0.013043
0.013045
0.013047
0.013048
0.013050
0.013051
0.013053
0.013054
0.013056
0.013058
0.013059
0.013061
0.013062
0.013064
0.013066
0.013067
0.013069
0.013070
0.013072
0.013073
0.013075
0.013077
0.013078
0.013080
0.013081
0.013083
0.013085
0.013086
0.013088
0.013089
0.013091
0.013092
0.013094
0.013096
0.013097
0.013099
0.013100
0.013102
0.013104
0.013105
0.013107
0.013108
0.013110
0.013112
0.013113
0.013115
0.013116
0.013118
0.013119
0.013121
0.013123
0.013124
0.013126
0.013127
0.013129
0.013131
0.013132
0.013134
0.013135
0.013137
0.013139
0.013140
0.013142
0.013143
0.013145
0.013147
0.013148
0.013150
0.013151
0.013153
0.013154
0.013156
0.013158
0.013159
0.013161
0.013162
0.013164
0.013166
0.013167
0.013169
0.013170
0.013172
0.013174
0.013175
0.013177
0.013178
0.013180
0.013182
0.013183
0.013185
0.013186
0.013188
0.013190
0.013191
0.013193
0.013194
0.013196
0.013198
0.013199
0.013201
0.013202
0.013204
0.013206
0.013207
0.013209
0.013210
0.013212
0.013214
0.013215
0.013217
0.013218
0.013220
0.013222
0.013223
0.013225
0.013226
0.013228
0.013230
0.013231
0.013233
0.013234
0.013236
0.013238
0.013239
0.013241
0.013242
0.013244
0.013246
0.013247
0.013249
0.013250
0.013252
0.013254
0.013255
0.013257
0.013258
0.013260
0.013262
0.013263
0.013265
0.013266
0.013268
0.013270
0.013271
0.013273
0.013275
0.013276
0.013278
0.013279
0.013281
0.013283
0.013284
0.013286
0.013287
0.013289
0.013291
0.013292
0.013294
0.013295
0.013297
0.013299
0.013300
0.013302
0.013303
0.013305
0.013307
0.013308
0.013310
0.013312
0.013313
0.013315
0.013316
0.013318
0.013320
0.013321
0.013323
0.013324
0.013326
0.013328
0.013329
0.013331
0.013333
0.013334
0.013336
0.013337
0.013339
0.013341
0.013342
0.013344
0.013345
0.013347
0.013349
0.013350
0.013352
0.013354
0.013355
0.013357
0.013358
0.013360
0.013362
0.013363
0.013365
0.013367
0.013368
0.013370
0.013371
0.013373
0.013375
0.013376
0.013378
0.013379
0.013381
0.013383
0.013384
0.013386
0.013388
0.013389
0.013391
0.013392
0.013394
0.013396
0.013397
0.013399
0.013401
0.013402
0.013404
0.013405
0.013407
0.013409
0.013410
0.013412
0.013414
0.013415
0.013417
0.013418
0.013420
0.013422
0.013423
0.013425
0.013427
0.013428
0.013430
0.013431
0.013433
0.013435
0.013436
0.013438
0.013440
0.013441
0.013443
0.013444
0.013446
0.013448
0.013449
0.013451
0.013453
0.013454
0.013456
0.013458
0.013459
0.013461
0.013462
0.013464
0.013466
0.013467
0.013469
0.013471
0.013472
0.013474
0.013475
0.013477
0.013479
0.013480
0.013482
0.013484
0.013485
0.013487
0.013489
0.013490
0.013492
0.013493
0.013495
0.013497
0.013498
0.013500
0.013502
0.013503
0.013505
0.013507
0.013508
0.013510
0.013511
0.013513
0.013515
0.013516
0.013518
0.013520
0.013521
0.013523
0.013525
0.013526
0.013528
0.013529
0.013531
0.013533
0.013534
0.013536
0.013538
0.013539
0.013541
0.013543
0.013544
0.013546
0.013548
0.013549
0.013551
0.013552
0.013554
0.013556
0.013557
0.013559
0.013561
0.013562
0.013564
0.013566
0.013567
0.013569
0.013571
0.013572
0.013574
0.013575
0.013577
0.013579
0.013580
0.013582
0.013584
0.013585
0.013587
0.013589
0.013590
0.013592
0.013594
0.013595
0.013597
0.013599
0.013600
0.013602
0.013603
0.013605
0.013607
0.013608
0.013610
0.013612
0.013613
0.013615
0.013617
0.013618
0.013620
0.013622
0.013623
0.013625
0.013627
0.013628
0.013630
0.013632
0.013633
0.013635
0.013636
0.013638
0.013640
0.013641
0.013643
0.013645
0.013646
0.013648
0.013650
0.013651
0.013653
0.013655
0.013656
0.013658
0.013660
0.013661
0.013663
0.013665
0.013666
0.013668
0.013670
0.013671
0.013673
0.013675
0.013676
0.013678
0.013680
0.013681
0.013683
0.013684
0.013686
0.013688
0.013689
0.013691
0.013693
0.013694
0.013696
0.013698
0.013699
0.013701
0.013703
0.013704
0.013706
0.013708
0.013709
0.013711
0.013713
0.013714
0.013716
0.013718
0.013719
0.013721
0.013723
0.013724
0.013726
0.013728
0.013729
0.013731
0.013733
0.013734
0.013736
0.013738
0.013739
0.013741
0.013743
0.013744
0.013746
0.013748
0.013749
0.013751
0.013753
0.013754
0.013756
0.013758
0.013759
0.013761
0.013763
0.013764
0.013766
0.013768
0.013769
0.013771
0.013773
0.013774
0.013776
0.013778
0.013779
0.013781
0.013783
0.013784
0.013786
0.013788
0.013789
0.013791
0.013793
0.013794
0.013796
0.013798
0.013799
0.013801
0.013803
0.013804
0.013806
0.013808
0.013809
0.013811
0.013813
0.013815
0.013816
0.013818
0.013820
0.013821
0.013823
0.013825
0.013826
0.013828
0.013830
0.013831
0.013833
0.013835
0.013836
0.013838
0.013840
0.013841
0.013843
0.013845
0.013846
0.013848
0.013850
0.013851
0.013853
0.013855
0.013856
0.013858
0.013860
0.013861
0.013863
0.013865
0.013867
0.013868
0.013870
0.013872
0.013873
0.013875
0.013877
0.013878
0.013880
0.013882
0.013883
0.013885
0.013887
0.013888
0.013890
0.013892
0.013893
0.013895
0.013897
0.013899
0.013900
0.013902
0.013904
0.013905
0.013907
0.013909
0.013910
0.013912
0.013914
0.013915
0.013917
0.013919
0.013920
0.013922
0.013924
0.013926
0.013927
0.013929
0.013931
0.013932
0.013934
0.013936
0.013937
0.013939
0.013941
0.013942
0.013944
0.013946
0.013947
0.013949
0.013951
0.013953
0.013954
0.013956
0.013958
0.013959
0.013961
0.013963
0.013964
0.013966
0.013968
0.013969
0.013971
0.013973
0.013975
0.013976
0.013978
0.013980
0.013981
0.013983
0.013985
0.013986
0.013988
0.013990
0.013992
0.013993
0.013995
0.013997
0.013998
0.014000
0.014002
0.014003
0.014005
0.014007
0.014009
0.014010
0.014012
0.014014
0.014015
0.014017
0.014019
0.014020
0.014022
0.014024
0.014026
0.014027
0.014029
0.014031
0.014032
0.014034
0.014036
0.014037
0.014039
0.014041
0.014043
0.014044
0.014046
0.014048
0.014049
0.014051
0.014053
0.014054
0.014056
0.014058
0.014060
0.014061
0.014063
0.014065
0.014066
0.014068
0.014070
0.014072
0.014073
0.014075
0.014077
0.014078
0.014080
0.014082
0.014083
0.014085
0.014087
0.014089
0.014090
0.014092
0.014094
0.014095
0.014097
0.014099
0.014101
0.014102
0.014104
0.014106
0.014107
0.014109
0.014111
0.014113
0.014114
0.014116
0.014118
0.014119
0.014121
0.014123
0.014125
0.014126
0.014128
0.014130
0.014131
0.014133
0.014135
0.014137
0.014138
0.014140
0.014142
0.014143
0.014145
0.014147
0.014149
0.014150
0.014152
0.014154
0.014155
0.014157
0.014159
0.014161
0.014162
0.014164
0.014166
0.014167
0.014169
0.014171
0.014173
0.014174
0.014176
0.014178
0.014179
0.014181
0.014183
0.014185
0.014186
0.014188
0.014190
0.014192
0.014193
0.014195
0.014197
0.014198
0.014200
0.014202
0.014204
0.014205
0.014207
0.014209
0.014210
0.014212
0.014214
0.014216
0.014217
0.014219
0.014221
0.014223
0.014224
0.014226
0.014228
0.014229
0.014231
0.014233
0.014235
0.014236
0.014238
0.014240
0.014242
0.014243
0.014245
0.014247
0.014248
0.014250
0.014252
0.014254
0.014255
0.014257
0.014259
0.014261
0.014262
0.014264
0.014266
0.014267
0.014269
0.014271
0.014273
0.014274
0.014276
0.014278
0.014280
0.014281
0.014283
0.014285
0.014287
0.014288
0.014290
0.014292
0.014293
0.014295
0.014297
0.014299
0.014300
0.014302
0.014304
0.014306
0.014307
0.014309
0.014311
0.014313
0.014314
0.014316
0.014318
0.014319
0.014321
0.014323
0.014325
0.014326
0.014328
0.014330
0.014332
0.014333
0.014335
0.014337
0.014339
0.014340
0.014342
0.014344
0.014346
0.014347
0.014349
0.014351
0.014353
0.014354
0.014356
0.014358
0.014360
0.014361
0.014363
0.014365
0.014366
0.014368
0.014370
0.014372
0.014373
0.014375
0.014377
0.014379
0.014380
0.014382
0.014384
0.014386
0.014387
0.014389
0.014391
0.014393
0.014394
0.014396
0.014398
0.014400
0.014401
0.014403
0.014405
0.014407
0.014408
0.014410
0.014412
0.014414
0.014415
0.014417
0.014419
0.014421
0.014422
0.014424
0.014426
0.014428
0.014429
0.014431
0.014433
0.014435
0.014436
0.014438
0.014440
0.014442
0.014443
0.014445
0.014447
0.014449
0.014450
0.014452
0.014454
0.014456
0.014457
0.014459
0.014461
0.014463
0.014464
0.014466
0.014468
0.014470
0.014471
0.014473
0.014475
0.014477
0.014479
0.014480
0.014482
0.014484
0.014486
0.014487
0.014489
0.014491
0.014493
0.014494
0.014496
0.014498
0.014500
0.014501
0.014503
0.014505
0.014507
0.014508
0.014510
0.014512
0.014514
0.014515
0.014517
0.014519
0.014521
0.014522
0.014524
0.014526
0.014528
0.014530
0.014531
0.014533
0.014535
0.014537
0.014538
0.014540
0.014542
0.014544
0.014545
0.014547
0.014549
0.014551
0.014552
0.014554
0.014556
0.014558
0.014560
0.014561
0.014563
0.014565
0.014567
0.014568
0.014570
0.014572
0.014574
0.014575
0.014577
0.014579
0.014581
0.014583
0.014584
0.014586
0.014588
0.014590
0.014591
0.014593
0.014595
0.014597
0.014598
0.014600
0.014602
0.014604
0.014606
0.014607
0.014609
0.014611
0.014613
0.014614
0.014616
0.014618
0.014620
0.014622
0.014623
0.014625
0.014627
0.014629
0.014630
0.014632
0.014634
0.014636
0.014638
0.014639
0.014641
0.014643
0.014645
0.014646
0.014648
0.014650
0.014652
0.014654
0.014655
0.014657
0.014659
0.014661
0.014662
0.014664
0.014666
0.014668
0.014670
0.014671
0.014673
0.014675
0.014677
0.014678
0.014680
0.014682
0.014684
0.014686
0.014687
0.014689
0.014691
0.014693
0.014695
0.014696
0.014698
0.014700
0.014702
0.014703
0.014705
0.014707
0.014709
0.014711
0.014712
0.014714
0.014716
0.014718
0.014720
0.014721
0.014723
0.014725
0.014727
0.014728
0.014730
0.014732
0.014734
0.014736
0.014737
0.014739
0.014741
0.014743
0.014745
0.014746
0.014748
0.014750
0.014752
0.014753
0.014755
0.014757
0.014759
0.014761
0.014762
0.014764
0.014766
0.014768
0.014770
0.014771
0.014773
0.014775
0.014777
0.014779
0.014780
0.014782
0.014784
0.014786
0.014788
0.014789
0.014791
0.014793
0.014795
0.014797
0.014798
0.014800
0.014802
0.014804
0.014806
0.014807
0.014809
0.014811
0.014813
0.014815
0.014816
0.014818
0.014820
0.014822
0.014824
0.014825
0.014827
0.014829
0.014831
0.014833
0.014834
0.014836
0.014838
0.014840
0.014842
0.014843
0.014845
0.014847
0.014849
0.014851
0.014852
0.014854
0.014856
0.014858
0.014860
0.014861
0.014863
0.014865
0.014867
0.014869
0.014870
0.014872
0.014874
0.014876
0.014878
0.014879
0.014881
0.014883
0.014885
0.014887
0.014888
0.014890
0.014892
0.014894
0.014896
0.014898
0.014899
0.014901
0.014903
0.014905
0.014907
0.014908
0.014910
0.014912
0.014914
0.014916
0.014917
0.014919
0.014921
0.014923
0.014925
0.014926
0.014928
0.014930
0.014932
0.014934
0.014936
0.014937
0.014939
0.014941
0.014943
0.014945
0.014946
0.014948
0.014950
0.014952
0.014954
0.014956
0.014957
0.014959
0.014961
0.014963
0.014965
0.014966
0.014968
0.014970
0.014972
0.014974
0.014976
0.014977
0.014979
0.014981
0.014983
0.014985
0.014986
0.014988
0.014990
0.014992
0.014994
0.014996
0.014997
0.014999
0.015001
0.015003
0.015005
0.015006
0.015008
0.015010
0.015012
0.015014
0.015016
0.015017
0.015019
0.015021
0.015023
0.015025
0.015027
0.015028
0.015030
0.015032
0.015034
0.015036
0.015037
0.015039
0.015041
0.015043
0.015045
0.015047
0.015048
0.015050
0.015052
0.015054
0.015056
0.015058
0.015059
0.015061
0.015063
0.015065
0.015067
0.015069
0.015070
0.015072
0.015074
0.015076
0.015078
0.015080
0.015081
0.015083
0.015085
0.015087
0.015089
0.015091
0.015092
0.015094
0.015096
0.015098
0.015100
0.015102
0.015103
0.015105
0.015107
0.015109
0.015111
0.015113
0.015114
0.015116
0.015118
0.015120
0.015122
0.015124
0.015125
0.015127
0.015129
0.015131
0.015133
0.015135
0.015136
0.015138
0.015140
0.015142
0.015144
0.015146
0.015147
0.015149
0.015151
0.015153
0.015155
0.015157
0.015159
0.015160
0.015162
0.015164
0.015166
0.015168
0.015170
0.015171
0.015173
0.015175
0.015177
0.015179
0.015181
0.015182
0.015184
0.015186
0.015188
0.015190
0.015192
0.015194
0.015195
0.015197
0.015199
0.015201
0.015203
0.015205
0.015206
0.015208
0.015210
0.015212
0.015214
0.015216
0.015218
0.015219
0.015221
0.015223
0.015225
0.015227
0.015229
0.015231
0.015232
0.015234
0.015236
0.015238
0.015240
0.015242
0.015243
0.015245
0.015247
0.015249
0.015251
0.015253
0.015255
0.015256
0.015258
0.015260
0.015262
0.015264
0.015266
0.015268
0.015269
0.015271
0.015273
0.015275
0.015277
0.015279
0.015281
0.015282
0.015284
0.015286
0.015288
0.015290
0.015292
0.015294
0.015295
0.015297
0.015299
0.015301
0.015303
0.015305
0.015307
0.015308
0.015310
0.015312
0.015314
0.015316
0.015318
0.015320
0.015321
0.015323
0.015325
0.015327
0.015329
0.015331
0.015333
0.015335
0.015336
0.015338
0.015340
0.015342
0.015344
0.015346
0.015348
0.015349
0.015351
0.015353
0.015355
0.015357
0.015359
0.015361
0.015362
0.015364
0.015366
0.015368
0.015370
0.015372
0.015374
0.015376
0.015377
0.015379
0.015381
0.015383
0.015385
0.015387
0.015389
0.015391
0.015392
0.015394
0.015396
0.015398
0.015400
0.015402
0.015404
0.015405
0.015407
0.015409
0.015411
0.015413
0.015415
0.015417
0.015419
0.015420
0.015422
0.015424
0.015426
0.015428
0.015430
0.015432
0.015434
0.015435
0.015437
0.015439
0.015441
0.015443
0.015445
0.015447
0.015449
0.015450
0.015452
0.015454
0.015456
0.015458
0.015460
0.015462
0.015464
0.015466
0.015467
0.015469
0.015471
0.015473
0.015475
0.015477
0.015479
0.015481
0.015482
0.015484
0.015486
0.015488
0.015490
0.015492
0.015494
0.015496
0.015498
0.015499
0.015501
0.015503
0.015505
0.015507
0.015509
0.015511
0.015513
0.015514
0.015516
0.015518
0.015520
0.015522
0.015524
0.015526
0.015528
0.015530
0.015531
0.015533
0.015535
0.015537
0.015539
0.015541
0.015543
0.015545
0.015547
0.015548
0.015550
0.015552
0.015554
0.015556
0.015558
0.015560
0.015562
0.015564
0.015565
0.015567
0.015569
0.015571
0.015573
0.015575
0.015577
0.015579
0.015581
0.015582
0.015584
0.015586
0.015588
0.015590
0.015592
0.015594
0.015596
0.015598
0.015600
0.015601
0.015603
0.015605
0.015607
0.015609
0.015611
0.015613
0.015615
0.015617
0.015619
0.015620
0.015622
0.015624
0.015626
0.015628
0.015630
0.015632
0.015634
0.015636
0.015638
0.015639
0.015641
0.015643
0.015645
0.015647
0.015649
0.015651
0.015653
0.015655
0.015657
0.015658
0.015660
0.015662
0.015664
0.015666
0.015668
0.015670
0.015672
0.015674
0.015676
0.015677
0.015679
0.015681
0.015683
0.015685
0.015687
0.015689
0.015691
0.015693
0.015695
0.015697
0.015698
0.015700
0.015702
0.015704
0.015706
0.015708
0.015710
0.015712
0.015714
0.015716
0.015718
0.015719
0.015721
0.015723
0.015725
0.015727
0.015729
0.015731
0.015733
0.015735
0.015737
0.015739
0.015741
0.015742
0.015744
0.015746
0.015748
0.015750
0.015752
0.015754
0.015756
0.015758
0.015760
0.015762
0.015764
0.015765
0.015767
0.015769
0.015771
0.015773
0.015775
0.015777
0.015779
0.015781
0.015783
0.015785
0.015787
0.015788
0.015790
0.015792
0.015794
0.015796
0.015798
0.015800
0.015802
0.015804
0.015806
0.015808
0.015810
0.015812
0.015813
0.015815
0.015817
0.015819
0.015821
0.015823
0.015825
0.015827
0.015829
0.015831
0.015833
0.015835
0.015837
0.015838
0.015840
0.015842
0.015844
0.015846
0.015848
0.015850
0.015852
0.015854
0.015856
0.015858
0.015860
0.015862
0.015863
0.015865
0.015867
0.015869
0.015871
0.015873
0.015875
0.015877
0.015879
0.015881
0.015883
0.015885
0.015887
0.015889
0.015891
0.015892
0.015894
0.015896
0.015898
0.015900
0.015902
0.015904
0.015906
0.015908
0.015910
0.015912
0.015914
0.015916
0.015918
0.015920
0.015921
0.015923
0.015925
0.015927
0.015929
0.015931
0.015933
0.015935
0.015937
0.015939
0.015941
0.015943
0.015945
0.015947
0.015949
0.015951
0.015952
0.015954
0.015956
0.015958
0.015960
0.015962
0.015964
0.015966
0.015968
0.015970
0.015972
0.015974
0.015976
0.015978
0.015980
0.015982
0.015984
0.015985
0.015987
0.015989
0.015991
0.015993
0.015995
0.015997
0.015999
0.016001
0.016003
0.016005
0.016007
0.016009
0.016011
0.016013
0.016015
0.016017
0.016019
0.016021
0.016022
0.016024
0.016026
0.016028
0.016030
0.016032
0.016034
0.016036
0.016038
0.016040
0.016042
0.016044
0.016046
0.016048
0.016050
0.016052
0.016054
0.016056
0.016058
0.016060
0.016062
0.016063
0.016065
0.016067
0.016069
0.016071
0.016073
0.016075
0.016077
0.016079
0.016081
0.016083
0.016085
0.016087
0.016089
0.016091
0.016093
0.016095
0.016097
0.016099
0.016101
0.016103
0.016105
0.016107
0.016108
0.016110
0.016112
0.016114
0.016116
0.016118
0.016120
0.016122
0.016124
0.016126
0.016128
0.016130
0.016132
0.016134
0.016136
0.016138
0.016140
0.016142
0.016144
0.016146
0.016148
0.016150
0.016152
0.016154
0.016156
0.016158
0.016159
0.016161
0.016163
0.016165
0.016167
0.016169
0.016171
0.016173
0.016175
0.016177
0.016179
0.016181
0.016183
0.016185
0.016187
0.016189
0.016191
0.016193
0.016195
0.016197
0.016199
0.016201
0.016203
0.016205
0.016207
0.016209
0.016211
0.016213
0.016215
0.016217
0.016219
0.016221
0.016223
0.016224
0.016226
0.016228
0.016230
0.016232
0.016234
0.016236
0.016238
0.016240
0.016242
0.016244
0.016246
0.016248
0.016250
0.016252
0.016254
0.016256
0.016258
0.016260
0.016262
0.016264
0.016266
0.016268
0.016270
0.016272
0.016274
0.016276
0.016278
0.016280
0.016282
0.016284
0.016286
0.016288
0.016290
0.016292
0.016294
0.016296
0.016298
0.016300
0.016302
0.016304
0.016306
0.016308
0.016310
0.016312
0.016314
0.016316
0.016318
0.016320
0.016322
0.016323
0.016325
0.016327
0.016329
0.016331
0.016333
0.016335
0.016337
0.016339
0.016341
0.016343
0.016345
0.016347
0.016349
0.016351
0.016353
0.016355
0.016357
0.016359
0.016361
0.016363
0.016365
0.016367
0.016369
0.016371
0.016373
0.016375
0.016377
0.016379
0.016381
0.016383
0.016385
0.016387
0.016389
0.016391
0.016393
0.016395
0.016397
0.016399
0.016401
0.016403
0.016405
0.016407
0.016409
0.016411
0.016413
0.016415
0.016417
0.016419
0.016421
0.016423
0.016425
0.016427
0.016429
0.016431
0.016433
0.016435
0.016437
0.016439
0.016441
0.016443
0.016445
0.016447
0.016449
0.016451
0.016453
0.016455
0.016457
0.016459
0.016461
0.016463
0.016465
0.016467
0.016469
0.016471
0.016473
0.016475
0.016477
0.016479
0.016481
0.016483
0.016485
0.016487
0.016489
0.016491
0.016493
0.016495
0.016497
0.016499
0.016501
0.016503
0.016505
0.016507
0.016509
0.016511
0.016513
0.016515
0.016517
0.016519
0.016521
0.016523
0.016525
0.016527
0.016529
0.016531
0.016533
0.016535
0.016537
0.016539
0.016541
0.016543
0.016545
0.016548
0.016550
0.016552
0.016554
0.016556
0.016558
0.016560
0.016562
0.016564
0.016566
0.016568
0.016570
0.016572
0.016574
0.016576
0.016578
0.016580
0.016582
0.016584
0.016586
0.016588
0.016590
0.016592
0.016594
0.016596
0.016598
0.016600
0.016602
0.016604
0.016606
0.016608
0.016610
0.016612
0.016614
0.016616
0.016618
0.016620
0.016622
0.016624
0.016626
0.016628
0.016630
0.016632
0.016634
0.016636
0.016638
0.016640
0.016642
0.016644
0.016646
0.016649
0.016651
0.016653
0.016655
0.016657
0.016659
0.016661
0.016663
0.016665
0.016667
0.016669
0.016671
0.016673
0.016675
0.016677
0.016679
0.016681
0.016683
0.016685
0.016687
0.016689
0.016691
0.016693
0.016695
0.016697
0.016699
0.016701
0.016703
0.016705
0.016707
0.016709
0.016711
0.016713
0.016716
0.016718
0.016720
0.016722
0.016724
0.016726
0.016728
0.016730
0.016732
0.016734
0.016736
0.016738
0.016740
0.016742
0.016744
0.016746
0.016748
0.016750
0.016752
0.016754
0.016756
0.016758
0.016760
0.016762
0.016764
0.016766
0.016769
0.016771
0.016773
0.016775
0.016777
0.016779
0.016781
0.016783
0.016785
0.016787
0.016789
0.016791
0.016793
0.016795
0.016797
0.016799
0.016801
0.016803
0.016805
0.016807
0.016809
0.016811
0.016813
0.016816
0.016818
0.016820
0.016822
0.016824
0.016826
0.016828
0.016830
0.016832
0.016834
0.016836
0.016838
0.016840
0.016842
0.016844
0.016846
0.016848
0.016850
0.016852
0.016854
0.016857
0.016859
0.016861
0.016863
0.016865
0.016867
0.016869
0.016871
0.016873
0.016875
0.016877
0.016879
0.016881
0.016883
0.016885
0.016887
0.016889
0.016891
0.016894
0.016896
0.016898
0.016900
0.016902
0.016904
0.016906
0.016908
0.016910
0.016912
0.016914
0.016916
0.016918
0.016920
0.016922
0.016924
0.016926
0.016929
0.016931
0.016933
0.016935
0.016937
0.016939
0.016941
0.016943
0.016945
0.016947
0.016949
0.016951
0.016953
0.016955
0.016957
0.016959
0.016962
0.016964
0.016966
0.016968
0.016970
0.016972
0.016974
0.016976
0.016978
0.016980
0.016982
0.016984
0.016986
0.016988
0.016990
0.016993
0.016995
0.016997
0.016999
0.017001
0.017003
0.017005
0.017007
0.017009
0.017011
0.017013
0.017015
0.017017
0.017019
0.017022
0.017024
0.017026
0.017028
0.017030
0.017032
0.017034
0.017036
0.017038
0.017040
0.017042
0.017044
0.017046
0.017049
0.017051
0.017053
0.017055
0.017057
0.017059
0.017061
0.017063
0.017065
0.017067
0.017069
0.017071
0.017073
0.017076
0.017078
0.017080
0.017082
0.017084
0.017086
0.017088
0.017090
0.017092
0.017094
0.017096
0.017098
0.017101
0.017103
0.017105
0.017107
0.017109
0.017111
0.017113
0.017115
0.017117
0.017119
0.017121
0.017123
0.017126
0.017128
0.017130
0.017132
0.017134
0.017136
0.017138
0.017140
0.017142
0.017144
0.017146
0.017148
0.017150
0.017153
0.017155
0.017157
0.017159
0.017161
0.017163
0.017165
0.017167
0.017169
0.017171
0.017173
0.017175
0.017177
0.017180
0.017182
0.017184
0.017186
0.017188
0.017190
0.017192
0.017194
0.017196
0.017198
0.017200
0.017203
0.017205
0.017207
0.017209
0.017211
0.017213
0.017215
0.017217
0.017219
0.017221
0.017223
0.017225
0.017228
0.017230
0.017232
0.017234
0.017236
0.017238
0.017240
0.017242
0.017244
0.017246
0.017248
0.017251
0.017253
0.017255
0.017257
0.017259
0.017261
0.017263
0.017265
0.017267
0.017269
0.017271
0.017274
0.017276
0.017278
0.017280
0.017282
0.017284
0.017286
0.017288
0.017290
0.017292
0.017295
0.017297
0.017299
0.017301
0.017303
0.017305
0.017307
0.017309
0.017311
0.017313
0.017316
0.017318
0.017320
0.017322
0.017324
0.017326
0.017328
0.017330
0.017332
0.017334
0.017337
0.017339
0.017341
0.017343
0.017345
0.017347
0.017349
0.017351
0.017353
0.017355
0.017358
0.017360
0.017362
0.017364
0.017366
0.017368
0.017370
0.017372
0.017374
0.017377
0.017379
0.017381
0.017383
0.017385
0.017387
0.017389
0.017391
0.017393
0.017396
0.017398
0.017400
0.017402
0.017404
0.017406
0.017408
0.017410
0.017412
0.017415
0.017417
0.017419
0.017421
0.017423
0.017425
0.017427
0.017429
0.017431
0.017434
0.017436
0.017438
0.017440
0.017442
0.017444
0.017446
0.017448
0.017450
0.017453
0.017455
0.017457
0.017459
0.017461
0.017463
0.017465
0.017467
0.017470
0.017472
0.017474
0.017476
0.017478
0.017480
0.017482
0.017484
0.017486
0.017489
0.017491
0.017493
0.017495
0.017497
0.017499
0.017501
0.017503
0.017506
0.017508
0.017510
0.017512
0.017514
0.017516
0.017518
0.017520
0.017523
0.017525
0.017527
0.017529
0.017531
0.017533
0.017535
0.017537
0.017540
0.017542
0.017544
0.017546
0.017548
0.017550
0.017552
0.017554
0.017557
0.017559
0.017561
0.017563
0.017565
0.017567
0.017569
0.017572
0.017574
0.017576
0.017578
0.017580
0.017582
0.017584
0.017586
0.017589
0.017591
0.017593
0.017595
0.017597
0.017599
0.017601
0.017604
0.017606
0.017608
0.017610
0.017612
0.017614
0.017616
0.017618
0.017621
0.017623
0.017625
0.017627
0.017629
0.017631
0.017633
0.017636
0.017638
0.017640
0.017642
0.017644
0.017646
0.017648
0.017651
0.017653
0.017655
0.017657
0.017659
0.017661
0.017663
0.017666
0.017668
0.017670
0.017672
0.017674
0.017676
0.017678
0.017681
0.017683
0.017685
0.017687
0.017689
0.017691
0.017693
0.017696
0.017698
0.017700
0.017702
0.017704
0.017706
0.017708
0.017711
0.017713
0.017715
0.017717
0.017719
0.017721
0.017724
0.017726
0.017728
0.017730
0.017732
0.017734
0.017736
0.017739
0.017741
0.017743
0.017745
0.017747
0.017749
0.017752
0.017754
0.017756
0.017758
0.017760
0.017762
0.017764
0.017767
0.017769
0.017771
0.017773
0.017775
0.017777
0.017780
0.017782
0.017784
0.017786
0.017788
0.017790
0.017792
0.017795
0.017797
0.017799
0.017801
0.017803
0.017805
0.017808
0.017810
0.017812
0.017814
0.017816
0.017818
0.017821
0.017823
0.017825
0.017827
0.017829
0.017831
0.017834
0.017836
0.017838
0.017840
0.017842
0.017844
0.017847
0.017849
0.017851
0.017853
0.017855
0.017857
0.017860
0.017862
0.017864
0.017866
0.017868
0.017870
0.017873
0.017875
0.017877
0.017879
0.017881
0.017883
0.017886
0.017888
0.017890
0.017892
0.017894
0.017896
0.017899
0.017901
0.017903
0.017905
0.017907
0.017909
0.017912
0.017914
0.017916
0.017918
0.017920
0.017923
0.017925
0.017927
0.017929
0.017931
0.017933
0.017936
0.017938
0.017940
0.017942
0.017944
0.017946
0.017949
0.017951
0.017953
0.017955
0.017957
0.017960
0.017962
0.017964
0.017966
0.017968
0.017970
0.017973
0.017975
0.017977
0.017979
0.017981
0.017984
0.017986
0.017988
0.017990
0.017992
0.017994
0.017997
0.017999
0.018001
0.018003
0.018005
0.018008
0.018010
0.018012
0.018014
0.018016
0.018018
0.018021
0.018023
0.018025
0.018027
0.018029
0.018032
0.018034
0.018036
0.018038
0.018040
0.018043
0.018045
0.018047
0.018049
0.018051
0.018054
0.018056
0.018058
0.018060
0.018062
0.018064
0.018067
0.018069
0.018071
0.018073
0.018075
0.018078
0.018080
0.018082
0.018084
0.018086
0.018089
0.018091
0.018093
0.018095
0.018097
0.018100
0.018102
0.018104
0.018106
0.018108
0.018111
0.018113
0.018115
0.018117
0.018119
0.018122
0.018124
0.018126
0.018128
0.018130
0.018133
0.018135
0.018137
0.018139
0.018141
0.018144
0.018146
0.018148
0.018150
0.018152
0.018155
0.018157
0.018159
0.018161
0.018163
0.018166
0.018168
0.018170
0.018172
0.018174
0.018177
0.018179
0.018181
0.018183
0.018185
0.018188
0.018190
0.018192
0.018194
0.018197
0.018199
0.018201
0.018203
0.018205
0.018208
0.018210
0.018212
0.018214
0.018216
0.018219
0.018221
0.018223
0.018225
0.018227
0.018230
0.018232
0.018234
0.018236
0.018239
0.018241
0.018243
0.018245
0.018247
0.018250
0.018252
0.018254
0.018256
0.018258
0.018261
0.018263
0.018265
0.018267
0.018270
0.018272
0.018274
0.018276
0.018278
0.018281
0.018283
0.018285
0.018287
0.018290
0.018292
0.018294
0.018296
0.018298
0.018301
0.018303
0.018305
0.018307
0.018310
0.018312
0.018314
0.018316
0.018318
0.018321
0.018323
0.018325
0.018327
0.018330
0.018332
0.018334
0.018336
0.018338
0.018341
0.018343
0.018345
0.018347
0.018350
0.018352
0.018354
0.018356
0.018359
0.018361
0.018363
0.018365
0.018367
0.018370
0.018372
0.018374
0.018376
0.018379
0.018381
0.018383
0.018385
0.018388
0.018390
0.018392
0.018394
0.018396
0.018399
0.018401
0.018403
0.018405
0.018408
0.018410
0.018412
0.018414
0.018417
0.018419
0.018421
0.018423
0.018426
0.018428
0.018430
0.018432
0.018434
0.018437
0.018439
0.018441
0.018443
0.018446
0.018448
0.018450
0.018452
0.018455
0.018457
0.018459
0.018461
0.018464
0.018466
0.018468
0.018470
0.018473
0.018475
0.018477
0.018479
0.018482
0.018484
0.018486
0.018488
0.018491
0.018493
0.018495
0.018497
0.018500
0.018502
0.018504
0.018506
0.018509
0.018511
0.018513
0.018515
0.018517
0.018520
0.018522
0.018524
0.018526
0.018529
0.018531
0.018533
0.018535
0.018538
0.018540
0.018542
0.018545
0.018547
0.018549
0.018551
0.018554
0.018556
0.018558
0.018560
0.018563
0.018565
0.018567
0.018569
0.018572
0.018574
0.018576
0.018578
0.018581
0.018583
0.018585
0.018587
0.018590
0.018592
0.018594
0.018596
0.018599
0.018601
0.018603
0.018605
0.018608
0.018610
0.018612
0.018614
0.018617
0.018619
0.018621
0.018624
0.018626
0.018628
0.018630
0.018633
0.018635
0.018637
0.018639
0.018642
0.018644
0.018646
0.018648
0.018651
0.018653
0.018655
0.018657
0.018660
0.018662
0.018664
0.018667
0.018669
0.018671
0.018673
0.018676
0.018678
0.018680
0.018682
0.018685
0.018687
0.018689
0.018691
0.018694
0.018696
0.018698
0.018701
0.018703
0.018705
0.018707
0.018710
0.018712
0.018714
0.018716
0.018719
0.018721
0.018723
0.018726
0.018728
0.018730
0.018732
0.018735
0.018737
0.018739
0.018742
0.018744
0.018746
0.018748
0.018751
0.018753
0.018755
0.018757
0.018760
0.018762
0.018764
0.018767
0.018769
0.018771
0.018773
0.018776
0.018778
0.018780
0.018783
0.018785
0.018787
0.018789
0.018792
0.018794
0.018796
0.018799
0.018801
0.018803
0.018805
0.018808
0.018810
0.018812
0.018815
0.018817
0.018819
0.018821
0.018824
0.018826
0.018828
0.018831
0.018833
0.018835
0.018837
0.018840
0.018842
0.018844
0.018847
0.018849
0.018851
0.018853
0.018856
0.018858
0.018860
0.018863
0.018865
0.018867
0.018869
0.018872
0.018874
0.018876
0.018879
0.018881
0.018883
0.018885
0.018888
0.018890
0.018892
0.018895
0.018897
0.018899
0.018902
0.018904
0.018906
0.018908
0.018911
0.018913
0.018915
0.018918
0.018920
0.018922
0.018925
0.018927
0.018929
0.018931
0.018934
0.018936
0.018938
0.018941
0.018943
0.018945
0.018948
0.018950
0.018952
0.018954
0.018957
0.018959
0.018961
0.018964
0.018966
0.018968
0.018971
0.018973
0.018975
0.018978
0.018980
0.018982
0.018984
0.018987
0.018989
0.018991
0.018994
0.018996
0.018998
0.019001
0.019003
0.019005
0.019008
0.019010
0.019012
0.019014
0.019017
0.019019
0.019021
0.019024
0.019026
0.019028
0.019031
0.019033
0.019035
0.019038
0.019040
0.019042
0.019045
0.019047
0.019049
0.019051
0.019054
0.019056
0.019058
0.019061
0.019063
0.019065
0.019068
0.019070
0.019072
0.019075
0.019077
0.019079
0.019082
0.019084
0.019086
0.019089
0.019091
0.019093
0.019095
0.019098
0.019100
0.019102
0.019105
0.019107
0.019109
0.019112
0.019114
0.019116
0.019119
0.019121
0.019123
0.019126
0.019128
0.019130
0.019133
0.019135
0.019137
0.019140
0.019142
0.019144
0.019147
0.019149
0.019151
0.019154
0.019156
0.019158
0.019161
0.019163
0.019165
0.019168
0.019170
0.019172
0.019175
0.019177
0.019179
0.019182
0.019184
0.019186
0.019189
0.019191
0.019193
0.019196
0.019198
0.019200
0.019203
0.019205
0.019207
0.019210
0.019212
0.019214
0.019217
0.019219
0.019221
0.019224
0.019226
0.019228
0.019231
0.019233
0.019235
0.019238
0.019240
0.019242
0.019245
0.019247
0.019249
0.019252
0.019254
0.019256
0.019259
0.019261
0.019263
0.019266
0.019268
0.019270
0.019273
0.019275
0.019277
0.019280
0.019282
0.019284
0.019287
0.019289
0.019291
0.019294
0.019296
0.019298
0.019301
0.019303
0.019306
0.019308
0.019310
0.019313
0.019315
0.019317
0.019320
0.019322
0.019324
0.019327
0.019329
0.019331
0.019334
0.019336
0.019338
0.019341
0.019343
0.019345
0.019348
0.019350
0.019353
0.019355
0.019357
0.019360
0.019362
0.019364
0.019367
0.019369
0.019371
0.019374
0.019376
0.019378
0.019381
0.019383
0.019385
0.019388
0.019390
0.019393
0.019395
0.019397
0.019400
0.019402
0.019404
0.019407
0.019409
0.019411
0.019414
0.019416
0.019418
0.019421
0.019423
0.019426
0.019428
0.019430
0.019433
0.019435
0.019437
0.019440
0.019442
0.019444
0.019447
0.019449
0.019452
0.019454
0.019456
0.019459
0.019461
0.019463
0.019466
0.019468
0.019470
0.019473
0.019475
0.019478
0.019480
0.019482
0.019485
0.019487
0.019489
0.019492
0.019494
0.019497
0.019499
0.019501
0.019504
0.019506
0.019508
0.019511
0.019513
0.019516
0.019518
0.019520
0.019523
0.019525
0.019527
0.019530
0.019532
0.019535
0.019537
0.019539
0.019542
0.019544
0.019546
0.019549
0.019551
0.019554
0.019556
0.019558
0.019561
0.019563
0.019565
0.019568
0.019570
0.019573
0.019575
0.019577
0.019580
0.019582
0.019584
0.019587
0.019589
0.019592
0.019594
0.019596
0.019599
0.019601
0.019604
0.019606
0.019608
0.019611
0.019613
0.019615
0.019618
0.019620
0.019623
0.019625
0.019627
0.019630
0.019632
0.019635
0.019637
0.019639
0.019642
0.019644
0.019646
0.019649
0.019651
0.019654
0.019656
0.019658
0.019661
0.019663
0.019666
0.019668
0.019670
0.019673
0.019675
0.019678
0.019680
0.019682
0.019685
0.019687
0.019690
0.019692
0.019694
0.019697
0.019699
0.019701
0.019704
0.019706
0.019709
0.019711
0.019713
0.019716
0.019718
0.019721
0.019723
0.019725
0.019728
0.019730
0.019733
0.019735
0.019737
0.019740
0.019742
0.019745
0.019747
0.019749
0.019752
0.019754
0.019757
0.019759
0.019761
0.019764
0.019766
0.019769
0.019771
0.019774
0.019776
0.019778
0.019781
0.019783
0.019786
0.019788
0.019790
0.019793
0.019795
0.019798
0.019800
0.019802
0.019805
0.019807
0.019810
0.019812
0.019814
0.019817
0.019819
0.019822
0.019824
0.019826
0.019829
0.019831
0.019834
0.019836
0.019839
0.019841
0.019843
0.019846
0.019848
0.019851
0.019853
0.019855
0.019858
0.019860
0.019863
0.019865
0.019868
0.019870
0.019872
0.019875
0.019877
0.019880
0.019882
0.019884
0.019887
0.019889
0.019892
0.019894
0.019897
0.019899
0.019901
0.019904
0.019906
0.019909
0.019911
0.019913
0.019916
0.019918
0.019921
0.019923
0.019926
0.019928
0.019930
0.019933
0.019935
0.019938
0.019940
0.019943
0.019945
0.019947
0.019950
0.019952
0.019955
0.019957
0.019960
0.019962
0.019964
0.019967
0.019969
0.019972
0.019974
0.019977
0.019979
0.019981
0.019984
0.019986
0.019989
0.019991
0.019994
0.019996
0.019998
0.020001
0.020003
0.020006
0.020008
0.020011
0.020013
0.020015
0.020018
0.020020
0.020023
0.020025
0.020028
0.020030
0.020033
0.020035
0.020037
0.020040
0.020042
0.020045
0.020047
0.020050
0.020052
0.020054
0.020057
0.020059
0.020062
0.020064
0.020067
0.020069
0.020072
0.020074
0.020076
0.020079
0.020081
0.020084
0.020086
0.020089
0.020091
0.020094
0.020096
0.020098
0.020101
0.020103
0.020106
0.020108
0.020111
0.020113
0.020116
0.020118
0.020120
0.020123
0.020125
0.020128
0.020130
0.020133
0.020135
0.020138
0.020140
0.020143
0.020145
0.020147
0.020150
0.020152
0.020155
0.020157
0.020160
0.020162
0.020165
0.020167
0.020169
0.020172
0.020174
0.020177
0.020179
0.020182
0.020184
0.020187
0.020189
0.020192
0.020194
0.020196
0.020199
0.020201
0.020204
0.020206
0.020209
0.020211
0.020214
0.020216
0.020219
0.020221
0.020224
0.020226
0.020228
0.020231
0.020233
0.020236
0.020238
0.020241
0.020243
0.020246
0.020248
0.020251
0.020253
0.020256
0.020258
0.020260
0.020263
0.020265
0.020268
0.020270
0.020273
0.020275
0.020278
0.020280
0.020283
0.020285
0.020288
0.020290
0.020293
0.020295
0.020298
0.020300
0.020302
0.020305
0.020307
0.020310
0.020312
0.020315
0.020317
0.020320
0.020322
0.020325
0.020327
0.020330
0.020332
0.020335
0.020337
0.020340
0.020342
0.020344
0.020347
0.020349
0.020352
0.020354
0.020357
0.020359
0.020362
0.020364
0.020367
0.020369
0.020372
0.020374
0.020377
0.020379
0.020382
0.020384
0.020387
0.020389
0.020392
0.020394
0.020397
0.020399
0.020402
0.020404
0.020406
0.020409
0.020411
0.020414
0.020416
0.020419
0.020421
0.020424
0.020426
0.020429
0.020431
0.020434
0.020436
0.020439
0.020441
0.020444
0.020446
0.020449
0.020451
0.020454
0.020456
0.020459
0.020461
0.020464
0.020466
0.020469
0.020471
0.020474
0.020476
0.020479
0.020481
0.020484
0.020486
0.020489
0.020491
0.020494
0.020496
0.020499
0.020501
0.020504
0.020506
0.020509
0.020511
0.020514
0.020516
0.020519
0.020521
0.020524
0.020526
0.020529
0.020531
0.020534
0.020536
0.020539
0.020541
0.020544
0.020546
0.020549
0.020551
0.020554
0.020556
0.020559
0.020561
0.020564
0.020566
0.020569
0.020571
0.020574
0.020576
0.020579
0.020581
0.020584
0.020586
0.020589
0.020591
0.020594
0.020596
0.020599
0.020601
0.020604
0.020606
0.020609
0.020611
0.020614
0.020616
0.020619
0.020621
0.020624
0.020626
0.020629
0.020631
0.020634
0.020636
0.020639
0.020641
0.020644
0.020646
0.020649
0.020651
0.020654
0.020656
0.020659
0.020661
0.020664
0.020666
0.020669
0.020671
0.020674
0.020676
0.020679
0.020682
0.020684
0.020687
0.020689
0.020692
0.020694
0.020697
0.020699
0.020702
0.020704
0.020707
0.020709
0.020712
0.020714
0.020717
0.020719
0.020722
0.020724
0.020727
0.020729
0.020732
0.020734
0.020737
0.020740
0.020742
0.020745
0.020747
0.020750
0.020752
0.020755
0.020757
0.020760
0.020762
0.020765
0.020767
0.020770
0.020772
0.020775
0.020777
0.020780
0.020782
0.020785
0.020788
0.020790
0.020793
0.020795
0.020798
0.020800
0.020803
0.020805
0.020808
0.020810
0.020813
0.020815
0.020818
0.020820
0.020823
0.020826
0.020828
0.020831
0.020833
0.020836
0.020838
0.020841
0.020843
0.020846
0.020848
0.020851
0.020853
0.020856
0.020859
0.020861
0.020864
0.020866
0.020869
0.020871
0.020874
0.020876
0.020879
0.020881
0.020884
0.020886
0.020889
0.020892
0.020894
0.020897
0.020899
0.020902
0.020904
0.020907
0.020909
0.020912
0.020914
0.020917
0.020920
0.020922
0.020925
0.020927
0.020930
0.020932
0.020935
0.020937
0.020940
0.020943
0.020945
0.020948
0.020950
0.020953
0.020955
0.020958
0.020960
0.020963
0.020965
0.020968
0.020971
0.020973
0.020976
0.020978
0.020981
0.020983
0.020986
0.020988
0.020991
0.020994
0.020996
0.020999
0.021001
0.021004
0.021006
0.021009
0.021011
0.021014
0.021017
0.021019
0.021022
0.021024
0.021027
0.021029
0.021032
0.021035
0.021037
0.021040
0.021042
0.021045
0.021047
0.021050
0.021052
0.021055
0.021058
0.021060
0.021063
0.021065
0.021068
0.021070
0.021073
0.021076
0.021078
0.021081
0.021083
0.021086
0.021088
0.021091
0.021094
0.021096
0.021099
0.021101
0.021104
0.021106
0.021109
0.021112
0.021114
0.021117
0.021119
0.021122
0.021124
0.021127
0.021130
0.021132
0.021135
0.021137
0.021140
0.021142
0.021145
0.021148
0.021150
0.021153
0.021155
0.021158
0.021160
0.021163
0.021166
0.021168
0.021171
0.021173
0.021176
0.021178
0.021181
0.021184
0.021186
0.021189
0.021191
0.021194
0.021197
0.021199
0.021202
0.021204
0.021207
0.021209
0.021212
0.021215
0.021217
0.021220
0.021222
0.021225
0.021228
0.021230
0.021233
0.021235
0.021238
0.021240
0.021243
0.021246
0.021248
0.021251
0.021253
0.021256
0.021259
0.021261
0.021264
0.021266
0.021269
0.021272
0.021274
0.021277
0.021279
0.021282
0.021284
0.021287
0.021290
0.021292
0.021295
0.021297
0.021300
0.021303
0.021305
0.021308
0.021310
0.021313
0.021316
0.021318
0.021321
0.021323
0.021326
0.021329
0.021331
0.021334
0.021336
0.021339
0.021342
0.021344
0.021347
0.021349
0.021352
0.021355
0.021357
0.021360
0.021362
0.021365
0.021368
0.021370
0.021373
0.021375
0.021378
0.021381
0.021383
0.021386
0.021388
0.021391
0.021394
0.021396
0.021399
0.021401
0.021404
0.021407
0.021409
0.021412
0.021415
0.021417
0.021420
0.021422
0.021425
0.021428
0.021430
0.021433
0.021435
0.021438
0.021441
0.021443
0.021446
0.021448
0.021451
0.021454
0.021456
0.021459
0.021462
0.021464
0.021467
0.021469
0.021472
0.021475
0.021477
0.021480
0.021482
0.021485
0.021488
0.021490
0.021493
0.021496
0.021498
0.021501
0.021503
0.021506
0.021509
0.021511
0.021514
0.021517
0.021519
0.021522
0.021524
0.021527
0.021530
0.021532
0.021535
0.021538
0.021540
0.021543
0.021545
0.021548
0.021551
0.021553
0.021556
0.021559
0.021561
0.021564
0.021566
0.021569
0.021572
0.021574
0.021577
0.021580
0.021582
0.021585
0.021587
0.021590
0.021593
0.021595
0.021598
0.021601
0.021603
0.021606
0.021608
0.021611
0.021614
0.021616
0.021619
0.021622
0.021624
0.021627
0.021630
0.021632
0.021635
0.021637
0.021640
0.021643
0.021645
0.021648
0.021651
0.021653
0.021656
0.021659
0.021661
0.021664
0.021666
0.021669
0.021672
0.021674
0.021677
0.021680
0.021682
0.021685
0.021688
0.021690
0.021693
0.021696
0.021698
0.021701
0.021703
0.021706
0.021709
0.021711
0.021714
0.021717
0.021719
0.021722
0.021725
0.021727
0.021730
0.021733
0.021735
0.021738
0.021741
0.021743
0.021746
0.021748
0.021751
0.021754
0.021756
0.021759
0.021762
0.021764
0.021767
0.021770
0.021772
0.021775
0.021778
0.021780
0.021783
0.021786
0.021788
0.021791
0.021794
0.021796
0.021799
0.021802
0.021804
0.021807
0.021810
0.021812
0.021815
0.021818
0.021820
0.021823
0.021825
0.021828
0.021831
0.021833
0.021836
0.021839
0.021841
0.021844
0.021847
0.021849
0.021852
0.021855
0.021857
0.021860
0.021863
0.021865
0.021868
0.021871
0.021873
0.021876
0.021879
0.021881
0.021884
0.021887
0.021889
0.021892
0.021895
0.021897
0.021900
0.021903
0.021905
0.021908
0.021911
0.021913
0.021916
0.021919
0.021921
0.021924
0.021927
0.021929
0.021932
0.021935
0.021938
0.021940
0.021943
0.021946
0.021948
0.021951
0.021954
0.021956
0.021959
0.021962
0.021964
0.021967
0.021970
0.021972
0.021975
0.021978
0.021980
0.021983
0.021986
0.021988
0.021991
0.021994
0.021996
0.021999
0.022002
0.022004
0.022007
0.022010
0.022013
0.022015
0.022018
0.022021
0.022023
0.022026
0.022029
0.022031
0.022034
0.022037
0.022039
0.022042
0.022045
0.022047
0.022050
0.022053
0.022055
0.022058
0.022061
0.022064
0.022066
0.022069
0.022072
0.022074
0.022077
0.022080
0.022082
0.022085
0.022088
0.022090
0.022093
0.022096
0.022099
0.022101
0.022104
0.022107
0.022109
0.022112
0.022115
0.022117
0.022120
0.022123
0.022125
0.022128
0.022131
0.022134
0.022136
0.022139
0.022142
0.022144
0.022147
0.022150
0.022152
0.022155
0.022158
0.022161
0.022163
0.022166
0.022169
0.022171
0.022174
0.022177
0.022180
0.022182
0.022185
0.022188
0.022190
0.022193
0.022196
0.022198
0.022201
0.022204
0.022207
0.022209
0.022212
0.022215
0.022217
0.022220
0.022223
0.022226
0.022228
0.022231
0.022234
0.022236
0.022239
0.022242
0.022244
0.022247
0.022250
0.022253
0.022255
0.022258
0.022261
0.022263
0.022266
0.022269
0.022272
0.022274
0.022277
0.022280
0.022283
0.022285
0.022288
0.022291
0.022293
0.022296
0.022299
0.022302
0.022304
0.022307
0.022310
0.022312
0.022315
0.022318
0.022321
0.022323
0.022326
0.022329
0.022331
0.022334
0.022337
0.022340
0.022342
0.022345
0.022348
0.022351
0.022353
0.022356
0.022359
0.022361
0.022364
0.022367
0.022370
0.022372
0.022375
0.022378
0.022381
0.022383
0.022386
0.022389
0.022392
0.022394
0.022397
0.022400
0.022402
0.022405
0.022408
0.022411
0.022413
0.022416
0.022419
0.022422
0.022424
0.022427
0.022430
0.022433
0.022435
0.022438
0.022441
0.022444
0.022446
0.022449
0.022452
0.022455
0.022457
0.022460
0.022463
0.022466
0.022468
0.022471
0.022474
0.022477
0.022479
0.022482
0.022485
0.022488
0.022490
0.022493
0.022496
0.022499
0.022501
0.022504
0.022507
0.022510
0.022512
0.022515
0.022518
0.022521
0.022523
0.022526
0.022529
0.022532
0.022534
0.022537
0.022540
0.022543
0.022545
0.022548
0.022551
0.022554
0.022556
0.022559
0.022562
0.022565
0.022568
0.022570
0.022573
0.022576
0.022579
0.022581
0.022584
0.022587
0.022590
0.022592
0.022595
0.022598
0.022601
0.022603
0.022606
0.022609
0.022612
0.022615
0.022617
0.022620
0.022623
0.022626
0.022628
0.022631
0.022634
0.022637
0.022639
0.022642
0.022645
0.022648
0.022651
0.022653
0.022656
0.022659
0.022662
0.022664
0.022667
0.022670
0.022673
0.022675
0.022678
0.022681
0.022684
0.022687
0.022689
0.022692
0.022695
0.022698
0.022700
0.022703
0.022706
0.022709
0.022712
0.022714
0.022717
0.022720
0.022723
0.022725
0.022728
0.022731
0.022734
0.022737
0.022739
0.022742
0.022745
0.022748
0.022751
0.022753
0.022756
0.022759
0.022762
0.022764
0.022767
0.022770
0.022773
0.022776
0.022778
0.022781
0.022784
0.022787
0.022790
0.022792
0.022795
0.022798
0.022801
0.022803
0.022806
0.022809
0.022812
0.022815
0.022817
0.022820
0.022823
0.022826
0.022829
0.022831
0.022834
0.022837
0.022840
0.022843
0.022845
0.022848
0.022851
0.022854
0.022857
0.022859
0.022862
0.022865
0.022868
0.022871
0.022873
0.022876
0.022879
0.022882
0.022885
0.022887
0.022890
0.022893
0.022896
0.022899
0.022901
0.022904
0.022907
0.022910
0.022913
0.022915
0.022918
0.022921
0.022924
0.022927
0.022929
0.022932
0.022935
0.022938
0.022941
0.022943
0.022946
0.022949
0.022952
0.022955
0.022957
0.022960
0.022963
0.022966
0.022969
0.022972
0.022974
0.022977
0.022980
0.022983
0.022986
0.022988
0.022991
0.022994
0.022997
0.023000
0.023002
0.023005
0.023008
0.023011
0.023014
0.023017
0.023019
0.023022
0.023025
0.023028
0.023031
0.023033
0.023036
0.023039
0.023042
0.023045
0.023048
0.023050
0.023053
0.023056
0.023059
0.023062
0.023065
0.023067
0.023070
0.023073
0.023076
0.023079
0.023081
0.023084
0.023087
0.023090
0.023093
0.023096
0.023098
0.023101
0.023104
0.023107
0.023110
0.023113
0.023115
0.023118
0.023121
0.023124
0.023127
0.023130
0.023132
0.023135
0.023138
0.023141
0.023144
0.023147
0.023149
0.023152
0.023155
0.023158
0.023161
0.023164
0.023166
0.023169
0.023172
0.023175
0.023178
0.023181
0.023183
0.023186
0.023189
0.023192
0.023195
0.023198
0.023200
0.023203
0.023206
0.023209
0.023212
0.023215
0.023217
0.023220
0.023223
0.023226
0.023229
0.023232
0.023235
0.023237
0.023240
0.023243
0.023246
0.023249
0.023252
0.023254
0.023257
0.023260
0.023263
0.023266
0.023269
0.023272
0.023274
0.023277
0.023280
0.023283
0.023286
0.023289
0.023291
0.023294
0.023297
0.023300
0.023303
0.023306
0.023309
0.023311
0.023314
0.023317
0.023320
0.023323
0.023326
0.023329
0.023331
0.023334
0.023337
0.023340
0.023343
0.023346
0.023349
0.023351
0.023354
0.023357
0.023360
0.023363
0.023366
0.023369
0.023371
0.023374
0.023377
0.023380
0.023383
0.023386
0.023389
0.023392
0.023394
0.023397
0.023400
0.023403
0.023406
0.023409
0.023412
0.023414
0.023417
0.023420
0.023423
0.023426
0.023429
0.023432
0.023435
0.023437
0.023440
0.023443
0.023446
0.023449
0.023452
0.023455
0.023457
0.023460
0.023463
0.023466
0.023469
0.023472
0.023475
0.023478
0.023480
0.023483
0.023486
0.023489
0.023492
0.023495
0.023498
0.023501
0.023503
0.023506
0.023509
0.023512
0.023515
0.023518
0.023521
0.023524
0.023527
0.023529
0.023532
0.023535
0.023538
0.023541
0.023544
0.023547
0.023550
0.023552
0.023555
0.023558
0.023561
0.023564
0.023567
0.023570
0.023573
0.023576
0.023578
0.023581
0.023584
0.023587
0.023590
0.023593
0.023596
0.023599
0.023602
0.023604
0.023607
0.023610
0.023613
0.023616
0.023619
0.023622
0.023625
0.023628
0.023630
0.023633
0.023636
0.023639
0.023642
0.023645
0.023648
0.023651
0.023654
0.023657
0.023659
0.023662
0.023665
0.023668
0.023671
0.023674
0.023677
0.023680
0.023683
0.023686
0.023688
0.023691
0.023694
0.023697
0.023700
0.023703
0.023706
0.023709
0.023712
0.023715
0.023717
0.023720
0.023723
0.023726
0.023729
0.023732
0.023735
0.023738
0.023741
0.023744
0.023747
0.023749
0.023752
0.023755
0.023758
0.023761
0.023764
0.023767
0.023770
0.023773
0.023776
0.023779
0.023781
0.023784
0.023787
0.023790
0.023793
0.023796
0.023799
0.023802
0.023805
0.023808
0.023811
0.023814
0.023816
0.023819
0.023822
0.023825
0.023828
0.023831
0.023834
0.023837
0.023840
0.023843
0.023846
0.023849
0.023851
0.023854
0.023857
0.023860
0.023863
0.023866
0.023869
0.023872
0.023875
0.023878
0.023881
0.023884
0.023887
0.023889
0.023892
0.023895
0.023898
0.023901
0.023904
0.023907
0.023910
0.023913
0.023916
0.023919
0.023922
0.023925
0.023928
0.023930
0.023933
0.023936
0.023939
0.023942
0.023945
0.023948
0.023951
0.023954
0.023957
0.023960
0.023963
0.023966
0.023969
0.023972
0.023975
0.023977
0.023980
0.023983
0.023986
0.023989
0.023992
0.023995
0.023998
0.024001
0.024004
0.024007
0.024010
0.024013
0.024016
0.024019
0.024022
0.024025
0.024027
0.024030
0.024033
0.024036
0.024039
0.024042
0.024045
0.024048
0.024051
0.024054
0.024057
0.024060
0.024063
0.024066
0.024069
0.024072
0.024075
0.024078
0.024081
0.024084
0.024087
0.024090
0.024092
0.024095
0.024098
0.024101
0.024104
0.024107
0.024110
0.024113
0.024116
0.024119
0.024122
0.024125
0.024128
0.024131
0.024134
0.024137
0.024140
0.024143
0.024146
0.024149
0.024152
0.024155
0.024158
0.024161
0.024164
0.024167
0.024170
0.024172
0.024175
0.024178
0.024181
0.024184
0.024187
0.024190
0.024193
0.024196
0.024199
0.024202
0.024205
0.024208
0.024211
0.024214
0.024217
0.024220
0.024223
0.024226
0.024229
0.024232
0.024235
0.024238
0.024241
0.024244
0.024247
0.024250
0.024253
0.024256
0.024259
0.024262
0.024265
0.024268
0.024271
0.024274
0.024277
0.024280
0.024283
0.024286
0.024289
0.024291
0.024294
0.024297
0.024300
0.024303
0.024306
0.024309
0.024312
0.024315
0.024318
0.024321
0.024324
0.024327
0.024330
0.024333
0.024336
0.024339
0.024342
0.024345
0.024348
0.024351
0.024354
0.024357
0.024360
0.024363
0.024366
0.024369
0.024372
0.024375
0.024378
0.024381
0.024384
0.024387
0.024390
0.024393
0.024396
0.024399
0.024402
0.024405
0.024408
0.024411
0.024414
0.024417
0.024420
0.024423
0.024426
0.024429
0.024432
0.024435
0.024438
0.024441
0.024444
0.024447
0.024450
0.024453
0.024456
0.024459
0.024462
0.024465
0.024468
0.024471
0.024474
0.024477
0.024480
0.024483
0.024486
0.024489
0.024492
0.024495
0.024498
0.024501
0.024504
0.024507
0.024510
0.024513
0.024516
0.024519
0.024522
0.024525
0.024528
0.024531
0.024534
0.024537
0.024540
0.024543
0.024546
0.024549
0.024552
0.024555
0.024558
0.024561
0.024565
0.024568
0.024571
0.024574
0.024577
0.024580
0.024583
0.024586
0.024589
0.024592
0.024595
0.024598
0.024601
0.024604
0.024607
0.024610
0.024613
0.024616
0.024619
0.024622
0.024625
0.024628
0.024631
0.024634
0.024637
0.024640
0.024643
0.024646
0.024649
0.024652
0.024655
0.024658
0.024661
0.024664
0.024667
0.024670
0.024673
0.024676
0.024679
0.024682
0.024686
0.024689
0.024692
0.024695
0.024698
0.024701
0.024704
0.024707
0.024710
0.024713
0.024716
0.024719
0.024722
0.024725
0.024728
0.024731
0.024734
0.024737
0.024740
0.024743
0.024746
0.024749
0.024752
0.024755
0.024758
0.024761
0.024764
0.024768
0.024771
0.024774
0.024777
0.024780
0.024783
0.024786
0.024789
0.024792
0.024795
0.024798
0.024801
0.024804
0.024807
0.024810
0.024813
0.024816
0.024819
0.024822
0.024825
0.024828
0.024832
0.024835
0.024838
0.024841
0.024844
0.024847
0.024850
0.024853
0.024856
0.024859
0.024862
0.024865
0.024868
0.024871
0.024874
0.024877
0.024880
0.024883
0.024886
0.024890
0.024893
0.024896
0.024899
0.024902
0.024905
0.024908
0.024911
0.024914
0.024917
0.024920
0.024923
0.024926
0.024929
0.024932
0.024935
0.024939
0.024942
0.024945
0.024948
0.024951
0.024954
0.024957
0.024960
0.024963
0.024966
0.024969
0.024972
0.024975
0.024978
0.024981
0.024985
0.024988
0.024991
0.024994
0.024997
0.025000
0.025003
0.025006
0.025009
0.025012
0.025015
0.025018
0.025021
0.025024
0.025028
0.025031
0.025034
0.025037
0.025040
0.025043
0.025046
0.025049
0.025052
0.025055
0.025058
0.025061
0.025064
0.025068
0.025071
0.025074
0.025077
0.025080
0.025083
0.025086
0.025089
0.025092
0.025095
0.025098
0.025101
0.025105
0.025108
0.025111
0.025114
0.025117
0.025120
0.025123
0.025126
0.025129
0.025132
0.025135
0.025139
0.025142
0.025145
0.025148
0.025151
0.025154
0.025157
0.025160
0.025163
0.025166
0.025169
0.025173
0.025176
0.025179
0.025182
0.025185
0.025188
0.025191
0.025194
0.025197
0.025200
0.025203
0.025207
0.025210
0.025213
0.025216
0.025219
0.025222
0.025225
0.025228
0.025231
0.025234
0.025238
0.025241
0.025244
0.025247
0.025250
0.025253
0.025256
0.025259
0.025262
0.025266
0.025269
0.025272
0.025275
0.025278
0.025281
0.025284
0.025287
0.025290
0.025293
0.025297
0.025300
0.025303
0.025306
0.025309
0.025312
0.025315
0.025318
0.025321
0.025325
0.025328
0.025331
0.025334
0.025337
0.025340
0.025343
0.025346
0.025349
0.025353
0.025356
0.025359
0.025362
0.025365
0.025368
0.025371
0.025374
0.025378
0.025381
0.025384
0.025387
0.025390
0.025393
0.025396
0.025399
0.025403
0.025406
0.025409
0.025412
0.025415
0.025418
0.025421
0.025424
0.025428
0.025431
0.025434
0.025437
0.025440
0.025443
0.025446
0.025449
0.025453
0.025456
0.025459
0.025462
0.025465
0.025468
0.025471
0.025474
0.025478
0.025481
0.025484
0.025487
0.025490
0.025493
0.025496
0.025500
0.025503
0.025506
0.025509
0.025512
0.025515
0.025518
0.025521
0.025525
0.025528
0.025531
0.025534
0.025537
0.025540
0.025543
0.025547
0.025550
0.025553
0.025556
0.025559
0.025562
0.025565
0.025569
0.025572
0.025575
0.025578
0.025581
0.025584
0.025587
0.025591
0.025594
0.025597
0.025600
0.025603
0.025606
0.025609
0.025613
0.025616
0.025619
0.025622
0.025625
0.025628
0.025632
0.025635
0.025638
0.025641
0.025644
0.025647
0.025650
0.025654
0.025657
0.025660
0.025663
0.025666
0.025669
0.025673
0.025676
0.025679
0.025682
0.025685
0.025688
0.025691
0.025695
0.025698
0.025701
0.025704
0.025707
0.025710
0.025714
0.025717
0.025720
0.025723
0.025726
0.025729
0.025733
0.025736
0.025739
0.025742
0.025745
0.025748
0.025752
0.025755
0.025758
0.025761
0.025764
0.025767
0.025771
0.025774
0.025777
0.025780
0.025783
0.025786
0.025790
0.025793
0.025796
0.025799
0.025802
0.025805
0.025809
0.025812
0.025815
0.025818
0.025821
0.025824
0.025828
0.025831
0.025834
0.025837
0.025840
0.025844
0.025847
0.025850
0.025853
0.025856
0.025859
0.025863
0.025866
0.025869
0.025872
0.025875
0.025879
0.025882
0.025885
0.025888
0.025891
0.025894
0.025898
0.025901
0.025904
0.025907
0.025910
0.025914
0.025917
0.025920
0.025923
0.025926
0.025930
0.025933
0.025936
0.025939
0.025942
0.025945
0.025949
0.025952
0.025955
0.025958
0.025961
0.025965
0.025968
0.025971
0.025974
0.025977
0.025981
0.025984
0.025987
0.025990
0.025993
0.025997
0.026000
0.026003
0.026006
0.026009
0.026013
0.026016
0.026019
0.026022
0.026025
0.026029
0.026032
0.026035
0.026038
0.026041
0.026045
0.026048
0.026051
0.026054
0.026057
0.026061
0.026064
0.026067
0.026070
0.026073
0.026077
0.026080
0.026083
0.026086
0.026089
0.026093
0.026096
0.026099
0.026102
0.026106
0.026109
0.026112
0.026115
0.026118
0.026122
0.026125
0.026128
0.026131
0.026134
0.026138
0.026141
0.026144
0.026147
0.026150
0.026154
0.026157
0.026160
0.026163
0.026167
0.026170
0.026173
0.026176
0.026179
0.026183
0.026186
0.026189
0.026192
0.026196
0.026199
0.026202
0.026205
0.026208
0.026212
0.026215
0.026218
0.026221
0.026225
0.026228
0.026231
0.026234
0.026237
0.026241
0.026244
0.026247
0.026250
0.026254
0.026257
0.026260
0.026263
0.026267
0.026270
0.026273
0.026276
0.026279
0.026283
0.026286
0.026289
0.026292
0.026296
0.026299
0.026302
0.026305
0.026309
0.026312
0.026315
0.026318
0.026322
0.026325
0.026328
0.026331
0.026335
0.026338
0.026341
0.026344
0.026347
0.026351
0.026354
0.026357
0.026360
0.026364
0.026367
0.026370
0.026373
0.026377
0.026380
0.026383
0.026386
0.026390
0.026393
0.026396
0.026399
0.026403
0.026406
0.026409
0.026412
0.026416
0.026419
0.026422
0.026425
0.026429
0.026432
0.026435
0.026438
0.026442
0.026445
0.026448
0.026451
0.026455
0.026458
0.026461
0.026464
0.026468
0.026471
0.026474
0.026477
0.026481
0.026484
0.026487
0.026490
0.026494
0.026497
0.026500
0.026504
0.026507
0.026510
0.026513
0.026517
0.026520
0.026523
0.026526
0.026530
0.026533
0.026536
0.026539
0.026543
0.026546
0.026549
0.026552
0.026556
0.026559
0.026562
0.026566
0.026569
0.026572
0.026575
0.026579
0.026582
0.026585
0.026588
0.026592
0.026595
0.026598
0.026602
0.026605
0.026608
0.026611
0.026615
0.026618
0.026621
0.026624
0.026628
0.026631
0.026634
0.026638
0.026641
0.026644
0.026647
0.026651
0.026654
0.026657
0.026661
0.026664
0.026667
0.026670
0.026674
0.026677
0.026680
0.026684
0.026687
0.026690
0.026693
0.026697
0.026700
0.026703
0.026706
0.026710
0.026713
0.026716
0.026720
0.026723
0.026726
0.026730
0.026733
0.026736
0.026739
0.026743
0.026746
0.026749
0.026753
0.026756
0.026759
0.026762
0.026766
0.026769
0.026772
0.026776
0.026779
0.026782
0.026785
0.026789
0.026792
0.026795
0.026799
0.026802
0.026805
0.026809
0.026812
0.026815
0.026818
0.026822
0.026825
0.026828
0.026832
0.026835
0.026838
0.026842
0.026845
0.026848
0.026852
0.026855
0.026858
0.026861
0.026865
0.026868
0.026871
0.026875
0.026878
0.026881
0.026885
0.026888
0.026891
0.026895
0.026898
0.026901
0.026904
0.026908
0.026911
0.026914
0.026918
0.026921
0.026924
0.026928
0.026931
0.026934
0.026938
0.026941
0.026944
0.026948
0.026951
0.026954
0.026957
0.026961
0.026964
0.026967
0.026971
0.026974
0.026977
0.026981
0.026984
0.026987
0.026991
0.026994
0.026997
0.027001
0.027004
0.027007
0.027011
0.027014
0.027017
0.027021
0.027024
0.027027
0.027031
0.027034
0.027037
0.027041
0.027044
0.027047
0.027051
0.027054
0.027057
0.027061
0.027064
0.027067
0.027071
0.027074
0.027077
0.027081
0.027084
0.027087
0.027091
0.027094
0.027097
0.027101
0.027104
0.027107
0.027111
0.027114
0.027117
0.027121
0.027124
0.027127
0.027131
0.027134
0.027137
0.027141
0.027144
0.027147
0.027151
0.027154
0.027157
0.027161
0.027164
0.027167
0.027171
0.027174
0.027177
0.027181
0.027184
0.027187
0.027191
0.027194
0.027197
0.027201
0.027204
0.027208
0.027211
0.027214
0.027218
0.027221
0.027224
0.027228
0.027231
0.027234
0.027238
0.027241
0.027244
0.027248
0.027251
0.027254
0.027258
0.027261
0.027265
0.027268
0.027271
0.027275
0.027278
0.027281
0.027285
0.027288
0.027291
0.027295
0.027298
0.027301
0.027305
0.027308
0.027312
0.027315
0.027318
0.027322
0.027325
0.027328
0.027332
0.027335
0.027338
0.027342
0.027345
0.027349
0.027352
0.027355
0.027359
0.027362
0.027365
0.027369
0.027372
0.027376
0.027379
0.027382
0.027386
0.027389
0.027392
0.027396
0.027399
0.027402
0.027406
0.027409
0.027413
0.027416
0.027419
0.027423
0.027426
0.027430
0.027433
0.027436
0.027440
0.027443
0.027446
0.027450
0.027453
0.027457
0.027460
0.027463
0.027467
0.027470
0.027473
0.027477
0.027480
0.027484
0.027487
0.027490
0.027494
0.027497
0.027501
0.027504
0.027507
0.027511
0.027514
0.027517
0.027521
0.027524
0.027528
0.027531
0.027534
0.027538
0.027541
0.027545
0.027548
0.027551
0.027555
0.027558
0.027562
0.027565
0.027568
0.027572
0.027575
0.027579
0.027582
0.027585
0.027589
0.027592
0.027596
0.027599
0.027602
0.027606
0.027609
0.027613
0.027616
0.027619
0.027623
0.027626
0.027630
0.027633
0.027636
0.027640
0.027643
0.027647
0.027650
0.027653
0.027657
0.027660
0.027664
0.027667
0.027670
0.027674
0.027677
0.027681
0.027684
0.027687
0.027691
0.027694
0.027698
0.027701
0.027704
0.027708
0.027711
0.027715
0.027718
0.027722
0.027725
0.027728
0.027732
0.027735
0.027739
0.027742
0.027745
0.027749
0.027752
0.027756
0.027759
0.027763
0.027766
0.027769
0.027773
0.027776
0.027780
0.027783
0.027787
0.027790
0.027793
0.027797
0.027800
0.027804
0.027807
0.027810
0.027814
0.027817
0.027821
0.027824
0.027828
0.027831
0.027834
0.027838
0.027841
0.027845
0.027848
0.027852
0.027855
0.027858
0.027862
0.027865
0.027869
0.027872
0.027876
0.027879
0.027882
0.027886
0.027889
0.027893
0.027896
0.027900
0.027903
0.027907
0.027910
0.027913
0.027917
0.027920
0.027924
0.027927
0.027931
0.027934
0.027938
0.027941
0.027944
0.027948
0.027951
0.027955
0.027958
0.027962
0.027965
0.027969
0.027972
0.027975
0.027979
0.027982
0.027986
0.027989
0.027993
0.027996
0.028000
0.028003
0.028006
0.028010
0.028013
0.028017
0.028020
0.028024
0.028027
0.028031
0.028034
0.028037
0.028041
0.028044
0.028048
0.028051
0.028055
0.028058
0.028062
0.028065
0.028069
0.028072
0.028076
0.028079
0.028082
0.028086
0.028089
0.028093
0.028096
0.028100
0.028103
0.028107
0.028110
0.028114
0.028117
0.028121
0.028124
0.028127
0.028131
0.028134
0.028138
0.028141
0.028145
0.028148
0.028152
0.028155
0.028159
0.028162
0.028166
0.028169
0.028173
0.028176
0.028179
0.028183
0.028186
0.028190
0.028193
0.028197
0.028200
0.028204
0.028207
0.028211
0.028214
0.028218
0.028221
0.028225
0.028228
0.028232
0.028235
0.028239
0.028242
0.028246
0.028249
0.028252
0.028256
0.028259
0.028263
0.028266
0.028270
0.028273
0.028277
0.028280
0.028284
0.028287
0.028291
0.028294
0.028298
0.028301
0.028305
0.028308
0.028312
0.028315
0.028319
0.028322
0.028326
0.028329
0.028333
0.028336
0.028340
0.028343
0.028347
0.028350
0.028354
0.028357
0.028361
0.028364
0.028368
0.028371
0.028375
0.028378
0.028382
0.028385
0.028389
0.028392
0.028396
0.028399
0.028403
0.028406
0.028410
0.028413
0.028417
0.028420
0.028424
0.028427
0.028431
0.028434
0.028438
0.028441
0.028445
0.028448
0.028452
0.028455
0.028459
0.028462
0.028466
0.028469
0.028473
0.028476
0.028480
0.028483
0.028487
0.028490
0.028494
0.028497
0.028501
0.028504
0.028508
0.028511
0.028515
0.028518
0.028522
0.028525
0.028529
0.028532
0.028536
0.028539
0.028543
0.028546
0.028550
0.028553
0.028557
0.028561
0.028564
0.028568
0.028571
0.028575
0.028578
0.028582
0.028585
0.028589
0.028592
0.028596
0.028599
0.028603
0.028606
0.028610
0.028613
0.028617
0.028620
0.028624
0.028627
0.028631
0.028635
0.028638
0.028642
0.028645
0.028649
0.028652
0.028656
0.028659
0.028663
0.028666
0.028670
0.028673
0.028677
0.028680
0.028684
0.028688
0.028691
0.028695
0.028698
0.028702
0.028705
0.028709
0.028712
0.028716
0.028719
0.028723
0.028726
0.028730
0.028734
0.028737
0.028741
0.028744
0.028748
0.028751
0.028755
0.028758
0.028762
0.028765
0.028769
0.028773
0.028776
0.028780
0.028783
0.028787
0.028790
0.028794
0.028797
0.028801
0.028804
0.028808
0.028812
0.028815
0.028819
0.028822
0.028826
0.028829
0.028833
0.028836
0.028840
0.028844
0.028847
0.028851
0.028854
0.028858
0.028861
0.028865
0.028868
0.028872
0.028876
0.028879
0.028883
0.028886
0.028890
0.028893
0.028897
0.028901
0.028904
0.028908
0.028911
0.028915
0.028918
0.028922
0.028925
0.028929
0.028933
0.028936
0.028940
0.028943
0.028947
0.028950
0.028954
0.028958
0.028961
0.028965
0.028968
0.028972
0.028975
0.028979
0.028983
0.028986
0.028990
0.028993
0.028997
0.029000
0.029004
0.029008
0.029011
0.029015
0.029018
0.029022
0.029025
0.029029
0.029033
0.029036
0.029040
0.029043
0.029047
0.029051
0.029054
0.029058
0.029061
0.029065
0.029068
0.029072
0.029076
0.029079
0.029083
0.029086
0.029090
0.029094
0.029097
0.029101
0.029104
0.029108
0.029111
0.029115
0.029119
0.029122
0.029126
0.029129
0.029133
0.029137
0.029140
0.029144
0.029147
0.029151
0.029155
0.029158
0.029162
0.029165
0.029169
0.029173
0.029176
0.029180
0.029183
0.029187
0.029191
0.029194
0.029198
0.029201
0.029205
0.029209
0.029212
0.029216
0.029219
0.029223
0.029227
0.029230
0.029234
0.029237
0.029241
0.029245
0.029248
0.029252
0.029255
0.029259
0.029263
0.029266
0.029270
0.029273
0.029277
0.029281
0.029284
0.029288
0.029292
0.029295
0.029299
0.029302
0.029306
0.029310
0.029313
0.029317
0.029320
0.029324
0.029328
0.029331
0.029335
0.029339
0.029342
0.029346
0.029349
0.029353
0.029357
0.029360
0.029364
0.029367
0.029371
0.029375
0.029378
0.029382
0.029386
0.029389
0.029393
0.029396
0.029400
0.029404
0.029407
0.029411
0.029415
0.029418
0.029422
0.029426
0.029429
0.029433
0.029436
0.029440
0.029444
0.029447
0.029451
0.029455
0.029458
0.029462
0.029465
0.029469
0.029473
0.029476
0.029480
0.029484
0.029487
0.029491
0.029495
0.029498
0.029502
0.029505
0.029509
0.029513
0.029516
0.029520
0.029524
0.029527
0.029531
0.029535
0.029538
0.029542
0.029546
0.029549
0.029553
0.029556
0.029560
0.029564
0.029567
0.029571
0.029575
0.029578
0.029582
0.029586
0.029589
0.029593
0.029597
0.029600
0.029604
0.029608
0.029611
0.029615
0.029618
0.029622
0.029626
0.029629
0.029633
0.029637
0.029640
0.029644
0.029648
0.029651
0.029655
0.029659
0.029662
0.029666
0.029670
0.029673
0.029677
0.029681
0.029684
0.029688
0.029692
0.029695
0.029699
0.029703
0.029706
0.029710
0.029714
0.029717
0.029721
0.029725
0.029728
0.029732
0.029736
0.029739
0.029743
0.029747
0.029750
0.029754
0.029758
0.029761
0.029765
0.029769
0.029772
0.029776
0.029780
0.029783
0.029787
0.029791
0.029794
0.029798
0.029802
0.029805
0.029809
0.029813
0.029816
0.029820
0.029824
0.029827
0.029831
0.029835
0.029839
0.029842
0.029846
0.029850
0.029853
0.029857
0.029861
0.029864
0.029868
0.029872
0.029875
0.029879
0.029883
0.029886
0.029890
0.029894
0.029897
0.029901
0.029905
0.029909
0.029912
0.029916
0.029920
0.029923
0.029927
0.029931
0.029934
0.029938
0.029942
0.029945
0.029949
0.029953
0.029957
0.029960
0.029964
0.029968
0.029971
0.029975
0.029979
0.029982
0.029986
0.029990
0.029994
0.029997
0.030001
0.030005
0.030008
0.030012
0.030016
0.030019
0.030023
0.030027
0.030031
0.030034
0.030038
0.030042
0.030045
0.030049
0.030053
0.030057
0.030060
0.030064
0.030068
0.030071
0.030075
0.030079
0.030082
0.030086
0.030090
0.030094
0.030097
0.030101
0.030105
0.030108
0.030112
0.030116
0.030120
0.030123
0.030127
0.030131
0.030134
0.030138
0.030142
0.030146
0.030149
0.030153
0.030157
0.030161
0.030164
0.030168
0.030172
0.030175
0.030179
0.030183
0.030187
0.030190
0.030194
0.030198
0.030201
0.030205
0.030209
0.030212
0.030216
0.030220
0.030223
0.030227
0.030231
0.030234
0.030238
0.030242
0.030245
0.030249
0.030253
0.030256
0.030260
0.030264
0.030267
0.030271
0.030275
0.030278
0.030282
0.030286
0.030289
0.030293
0.030297
0.030301
0.030304
0.030308
0.030312
0.030315
0.030319
0.030323
0.030326
0.030330
0.030334
0.030337
0.030341
0.030345
0.030348
0.030352
0.030356
0.030359
0.030363
0.030367
0.030370
0.030374
0.030378
0.030382
0.030385
0.030389
0.030393
0.030396
0.030400
0.030404
0.030407
0.030411
0.030415
0.030418
0.030422
0.030426
0.030430
0.030433
0.030437
0.030441
0.030444
0.030448
0.030452
0.030455
0.030459
0.030463
0.030467
0.030470
0.030474
0.030478
0.030481
0.030485
0.030489
0.030492
0.030496
0.030500
0.030504
0.030507
0.030511
0.030515
0.030518
0.030522
0.030526
0.030529
0.030533
0.030537
0.030541
0.030544
0.030548
0.030552
0.030555
0.030559
0.030563
0.030567
0.030570
0.030574
0.030578
0.030581
0.030585
0.030589
0.030593
0.030596
0.030600
0.030604
0.030607
0.030611
0.030615
0.030619
0.030622
0.030626
0.030630
0.030633
0.030637
0.030641
0.030645
0.030648
0.030652
0.030656
0.030660
0.030663
0.030667
0.030671
0.030674
0.030678
0.030682
0.030686
0.030689
0.030693
0.030697
0.030700
0.030704
0.030708
0.030712
0.030715
0.030719
0.030723
0.030727
0.030730
0.030734
0.030738
0.030742
0.030745
0.030749
0.030753
0.030756
0.030760
0.030764
0.030768
0.030771
0.030775
0.030779
0.030783
0.030786
0.030790
0.030794
0.030798
0.030801
0.030805
0.030809
0.030813
0.030816
0.030820
0.030824
0.030828
0.030831
0.030835
0.030839
0.030842
0.030846
0.030850
0.030854
0.030857
0.030861
0.030865
0.030869
0.030872
0.030876
0.030880
0.030884
0.030887
0.030891
0.030895
0.030899
0.030902
0.030906
0.030910
0.030914
0.030917
0.030921
0.030925
0.030929
0.030932
0.030936
0.030940
0.030944
0.030948
0.030951
0.030955
0.030959
0.030963
0.030966
0.030970
0.030974
0.030978
0.030981
0.030985
0.030989
0.030993
0.030996
0.031000
0.031004
0.031008
0.031011
0.031015
0.031019
0.031023
0.031027
0.031030
0.031034
0.031038
0.031042
0.031045
0.031049
0.031053
0.031057
0.031060
0.031064
0.031068
0.031072
0.031076
0.031079
0.031083
0.031087
0.031091
0.031094
0.031098
0.031102
0.031106
0.031110
0.031113
0.031117
0.031121
0.031125
0.031128
0.031132
0.031136
0.031140
0.031144
0.031147
0.031151
0.031155
0.031159
0.031162
0.031166
0.031170
0.031174
0.031178
0.031181
0.031185
0.031189
0.031193
0.031197
0.031200
0.031204
0.031208
0.031212
0.031216
0.031219
0.031223
0.031227
0.031231
0.031234
0.031238
0.031242
0.031246
0.031250
0.031253
0.031257
0.031261
0.031265
0.031269
0.031272
0.031276
0.031280
0.031284
0.031288
0.031291
0.031295
0.031299
0.031303
0.031307
0.031310
0.031314
0.031318
0.031322
0.031326
0.031329
0.031333
0.031337
0.031341
0.031345
0.031348
0.031352
0.031356
0.031360
0.031364
0.031368
0.031371
0.031375
0.031379
0.031383
0.031387
0.031390
0.031394
0.031398
0.031402
0.031406
0.031409
0.031413
0.031417
0.031421
0.031425
0.031429
0.031432
0.031436
0.031440
0.031444
0.031448
0.031451
0.031455
0.031459
0.031463
0.031467
0.031471
0.031474
0.031478
0.031482
0.031486
0.031490
0.031494
0.031497
0.031501
0.031505
0.031509
0.031513
0.031516
0.031520
0.031524
0.031528
0.031532
0.031536
0.031539
0.031543
0.031547
0.031551
0.031555
0.031559
0.031562
0.031566
0.031570
0.031574
0.031578
0.031582
0.031585
0.031589
0.031593
0.031597
0.031601
0.031605
0.031608
0.031612
0.031616
0.031620
0.031624
0.031628
0.031632
0.031635
0.031639
0.031643
0.031647
0.031651
0.031655
0.031658
0.031662
0.031666
0.031670
0.031674
0.031678
0.031682
0.031685
0.031689
0.031693
0.031697
0.031701
0.031705
0.031708
0.031712
0.031716
0.031720
0.031724
0.031728
0.031732
0.031735
0.031739
0.031743
0.031747
0.031751
0.031755
0.031759
0.031762
0.031766
0.031770
0.031774
0.031778
0.031782
0.031786
0.031789
0.031793
0.031797
0.031801
0.031805
0.031809
0.031813
0.031817
0.031820
0.031824
0.031828
0.031832
0.031836
0.031840
0.031844
0.031847
0.031851
0.031855
0.031859
0.031863
0.031867
0.031871
0.031875
0.031878
0.031882
0.031886
0.031890
0.031894
0.031898
0.031902
0.031906
0.031909
0.031913
0.031917
0.031921
0.031925
0.031929
0.031933
0.031937
0.031940
0.031944
0.031948
0.031952
0.031956
0.031960
0.031964
0.031968
0.031971
0.031975
0.031979
0.031983
0.031987
0.031991
0.031995
0.031999
0.032003
0.032006
0.032010
0.032014
0.032018
0.032022
0.032026
0.032030
0.032034
0.032038
0.032041
0.032045
0.032049
0.032053
0.032057
0.032061
0.032065
0.032069
0.032073
0.032077
0.032080
0.032084
0.032088
0.032092
0.032096
0.032100
0.032104
0.032108
0.032112
0.032115
0.032119
0.032123
0.032127
0.032131
0.032135
0.032139
0.032143
0.032147
0.032151
0.032155
0.032158
0.032162
0.032166
0.032170
0.032174
0.032178
0.032182
0.032186
0.032190
0.032194
0.032198
0.032201
0.032205
0.032209
0.032213
0.032217
0.032221
0.032225
0.032229
0.032233
0.032237
0.032241
0.032245
0.032248
0.032252
0.032256
0.032260
0.032264
0.032268
0.032272
0.032276
0.032280
0.032284
0.032288
0.032292
0.032295
0.032299
0.032303
0.032307
0.032311
0.032315
0.032319
0.032323
0.032327
0.032331
0.032335
0.032339
0.032343
0.032347
0.032350
0.032354
0.032358
0.032362
0.032366
0.032370
0.032374
0.032378
0.032382
0.032386
0.032390
0.032394
0.032398
0.032402
0.032406
0.032409
0.032413
0.032417
0.032421
0.032425
0.032429
0.032433
0.032437
0.032441
0.032445
0.032449
0.032453
0.032457
0.032461
0.032465
0.032469
0.032473
0.032476
0.032480
0.032484
0.032488
0.032492
0.032496
0.032500
0.032504
0.032508
0.032512
0.032516
0.032520
0.032524
0.032528
0.032532
0.032536
0.032540
0.032544
0.032548
0.032552
0.032555
0.032559
0.032563
0.032567
0.032571
0.032575
0.032579
0.032583
0.032587
0.032591
0.032595
0.032599
0.032603
0.032607
0.032611
0.032615
0.032619
0.032623
0.032627
0.032631
0.032635
0.032639
0.032643
0.032647
0.032651
0.032655
0.032658
0.032662
0.032666
0.032670
0.032674
0.032678
0.032682
0.032686
0.032690
0.032694
0.032698
0.032702
0.032706
0.032710
0.032714
0.032718
0.032722
0.032726
0.032730
0.032734
0.032738
0.032742
0.032746
0.032750
0.032754
0.032758
0.032762
0.032766
0.032770
0.032774
0.032778
0.032782
0.032786
0.032790
0.032794
0.032798
0.032802
0.032806
0.032810
0.032814
0.032818
0.032822
0.032826
0.032830
0.032834
0.032838
0.032842
0.032846
0.032850
0.032854
0.032858
0.032862
0.032866
0.032871
0.032875
0.032879
0.032883
0.032887
0.032891
0.032895
0.032899
0.032903
0.032907
0.032911
0.032915
0.032919
0.032923
0.032927
0.032931
0.032935
0.032939
0.032943
0.032947
0.032951
0.032955
0.032959
0.032963
0.032967
0.032972
0.032976
0.032980
0.032984
0.032988
0.032992
0.032996
0.033000
0.033004
0.033008
0.033012
0.033016
0.033020
0.033024
0.033028
0.033032
0.033036
0.033040
0.033044
0.033048
0.033053
0.033057
0.033061
0.033065
0.033069
0.033073
0.033077
0.033081
0.033085
0.033089
0.033093
0.033097
0.033101
0.033105
0.033109
0.033113
0.033117
0.033122
0.033126
0.033130
0.033134
0.033138
0.033142
0.033146
0.033150
0.033154
0.033158
0.033162
0.033166
0.033170
0.033174
0.033179
0.033183
0.033187
0.033191
0.033195
0.033199
0.033203
0.033207
0.033211
0.033215
0.033219
0.033223
0.033227
0.033231
0.033236
0.033240
0.033244
0.033248
0.033252
0.033256
0.033260
0.033264
0.033268
0.033272
0.033276
0.033280
0.033285
0.033289
0.033293
0.033297
0.033301
0.033305
0.033309
0.033313
0.033317
0.033321
0.033325
0.033329
0.033334
0.033338
0.033342
0.033346
0.033350
0.033354
0.033358
0.033362
0.033366
0.033370
0.033375
0.033379
0.033383
0.033387
0.033391
0.033395
0.033399
0.033403
0.033407
0.033411
0.033415
0.033420
0.033424
0.033428
0.033432
0.033436
0.033440
0.033444
0.033448
0.033452
0.033457
0.033461
0.033465
0.033469
0.033473
0.033477
0.033481
0.033485
0.033489
0.033493
0.033498
0.033502
0.033506
0.033510
0.033514
0.033518
0.033522
0.033526
0.033531
0.033535
0.033539
0.033543
0.033547
0.033551
0.033555
0.033559
0.033563
0.033568
0.033572
0.033576
0.033580
0.033584
0.033588
0.033592
0.033596
0.033601
0.033605
0.033609
0.033613
0.033617
0.033621
0.033625
0.033629
0.033634
0.033638
0.033642
0.033646
0.033650
0.033654
0.033658
0.033662
0.033667
0.033671
0.033675
0.033679
0.033683
0.033687
0.033691
0.033696
0.033700
0.033704
0.033708
0.033712
0.033716
0.033720
0.033724
0.033729
0.033733
0.033737
0.033741
0.033745
0.033749
0.033753
0.033758
0.033762
0.033766
0.033770
0.033774
0.033778
0.033782
0.033787
0.033791
0.033795
0.033799
0.033803
0.033807
0.033812
0.033816
0.033820
0.033824
0.033828
0.033832
0.033836
0.033841
0.033845
0.033849
0.033853
0.033857
0.033861
0.033866
0.033870
0.033874
0.033878
0.033882
0.033886
0.033890
0.033895
0.033899
0.033903
0.033907
0.033911
0.033915
0.033920
0.033924
0.033928
0.033932
0.033936
0.033940
0.033945
0.033949
0.033953
0.033957
0.033961
0.033965
0.033970
0.033974
0.033978
0.033982
0.033986
0.033990
0.033995
0.033999
0.034003
0.034007
0.034011
0.034015
0.034020
0.034024
0.034028
0.034032
0.034036
0.034041
0.034045
0.034049
0.034053
0.034057
0.034061
0.034066
0.034070
0.034074
0.034078
0.034082
0.034087
0.034091
0.034095
0.034099
0.034103
0.034107
0.034112
0.034116
0.034120
0.034124
0.034128
0.034133
0.034137
0.034141
0.034145
0.034149
0.034154
0.034158
0.034162
0.034166
0.034170
0.034174
0.034179
0.034183
0.034187
0.034191
0.034195
0.034200
0.034204
0.034208
0.034212
0.034216
0.034221
0.034225
0.034229
0.034233
0.034237
0.034242
0.034246
0.034250
0.034254
0.034258
0.034263
0.034267
0.034271
0.034275
0.034280
0.034284
0.034288
0.034292
0.034296
0.034301
0.034305
0.034309
0.034313
0.034317
0.034322
0.034326
0.034330
0.034334
0.034338
0.034343
0.034347
0.034351
0.034355
0.034360
0.034364
0.034368
0.034372
0.034376
0.034381
0.034385
0.034389
0.034393
0.034398
0.034402
0.034406
0.034410
0.034414
0.034419
0.034423
0.034427
0.034431
0.034436
0.034440
0.034444
0.034448
0.034452
0.034457
0.034461
0.034465
0.034469
0.034474
0.034478
0.034482
0.034486
0.034491
0.034495
0.034499
0.034503
0.034507
0.034512
0.034516
0.034520
0.034524
0.034529
0.034533
0.034537
0.034541
0.034546
0.034550
0.034554
0.034558
0.034563
0.034567
0.034571
0.034575
0.034580
0.034584
0.034588
0.034592
0.034597
0.034601
0.034605
0.034609
0.034614
0.034618
0.034622
0.034626
0.034631
0.034635
0.034639
0.034643
0.034648
0.034652
0.034656
0.034660
0.034665
0.034669
0.034673
0.034677
0.034682
0.034686
0.034690
0.034694
0.034699
0.034703
0.034707
0.034711
0.034716
0.034720
0.034724
0.034728
0.034733
0.034737
0.034741
0.034746
0.034750
0.034754
0.034758
0.034763
0.034767
0.034771
0.034775
0.034780
0.034784
0.034788
0.034792
0.034797
0.034801
0.034805
0.034810
0.034814
0.034818
0.034822
0.034827
0.034831
0.034835
0.034839
0.034844
0.034848
0.034852
0.034857
0.034861
0.034865
0.034869
0.034874
0.034878
0.034882
0.034887
0.034891
0.034895
0.034899
0.034904
0.034908
0.034912
0.034917
0.034921
0.034925
0.034929
0.034934
0.034938
0.034942
0.034947
0.034951
0.034955
0.034959
0.034964
0.034968
0.034972
0.034977
0.034981
0.034985
0.034989
0.034994
0.034998
0.035002
0.035007
0.035011
0.035015
0.035020
0.035024
0.035028
0.035032
0.035037
0.035041
0.035045
0.035050
0.035054
0.035058
0.035063
0.035067
0.035071
0.035076
0.035080
0.035084
0.035088
0.035093
0.035097
0.035101
0.035106
0.035110
0.035114
0.035119
0.035123
0.035127
0.035132
0.035136
0.035140
0.035144
0.035149
0.035153
0.035157
0.035162
0.035166
0.035170
0.035175
0.035179
0.035183
0.035188
0.035192
0.035196
0.035201
0.035205
0.035209
0.035214
0.035218
0.035222
0.035227
0.035231
0.035235
0.035240
0.035244
0.035248
0.035253
0.035257
0.035261
0.035265
0.035270
0.035274
0.035278
0.035283
0.035287
0.035291
0.035296
0.035300
0.035304
0.035309
0.035313
0.035317
0.035322
0.035326
0.035330
0.035335
0.035339
0.035344
0.035348
0.035352
0.035357
0.035361
0.035365
0.035370
0.035374
0.035378
0.035383
0.035387
0.035391
0.035396
0.035400
0.035404
0.035409
0.035413
0.035417
0.035422
0.035426
0.035430
0.035435
0.035439
0.035443
0.035448
0.035452
0.035457
0.035461
0.035465
0.035470
0.035474
0.035478
0.035483
0.035487
0.035491
0.035496
0.035500
0.035504
0.035509
0.035513
0.035518
0.035522
0.035526
0.035531
0.035535
0.035539
0.035544
0.035548
0.035552
0.035557
0.035561
0.035566
0.035570
0.035574
0.035579
0.035583
0.035587
0.035592
0.035596
0.035600
0.035605
0.035609
0.035614
0.035618
0.035622
0.035627
0.035631
0.035635
0.035640
0.035644
0.035649
0.035653
0.035657
0.035662
0.035666
0.035670
0.035675
0.035679
0.035684
0.035688
0.035692
0.035697
0.035701
0.035706
0.035710
0.035714
0.035719
0.035723
0.035727
0.035732
0.035736
0.035741
0.035745
0.035749
0.035754
0.035758
0.035763
0.035767
0.035771
0.035776
0.035780
0.035785
0.035789
0.035793
0.035798
0.035802
0.035806
0.035811
0.035815
0.035820
0.035824
0.035828
0.035833
0.035837
0.035842
0.035846
0.035850
0.035855
0.035859
0.035864
0.035868
0.035873
0.035877
0.035881
0.035886
0.035890
0.035895
0.035899
0.035903
0.035908
0.035912
0.035917
0.035921
0.035925
0.035930
0.035934
0.035939
0.035943
0.035947
0.035952
0.035956
0.035961
0.035965
0.035970
0.035974
0.035978
0.035983
0.035987
0.035992
0.035996
0.036000
0.036005
0.036009
0.036014
0.036018
0.036023
0.036027
0.036031
0.036036
0.036040
0.036045
0.036049
0.036054
0.036058
0.036062
0.036067
0.036071
0.036076
0.036080
0.036085
0.036089
0.036093
0.036098
0.036102
0.036107
0.036111
0.036116
0.036120
0.036124
0.036129
0.036133
0.036138
0.036142
0.036147
0.036151
0.036156
0.036160
0.036164
0.036169
0.036173
0.036178
0.036182
0.036187
0.036191
0.036195
0.036200
0.036204
0.036209
0.036213
0.036218
0.036222
0.036227
0.036231
0.036236
0.036240
0.036244
0.036249
0.036253
0.036258
0.036262
0.036267
0.036271
0.036276
0.036280
0.036284
0.036289
0.036293
0.036298
0.036302
0.036307
0.036311
0.036316
0.036320
0.036325
0.036329
0.036334
0.036338
0.036342
0.036347
0.036351
0.036356
0.036360
0.036365
0.036369
0.036374
0.036378
0.036383
0.036387
0.036392
0.036396
0.036401
0.036405
0.036409
0.036414
0.036418
0.036423
0.036427
0.036432
0.036436
0.036441
0.036445
0.036450
0.036454
0.036459
0.036463
0.036468
0.036472
0.036477
0.036481
0.036486
0.036490
0.036494
0.036499
0.036503
0.036508
0.036512
0.036517
0.036521
0.036526
0.036530
0.036535
0.036539
0.036544
0.036548
0.036553
0.036557
0.036562
0.036566
0.036571
0.036575
0.036580
0.036584
0.036589
0.036593
0.036598
0.036602
0.036607
0.036611
0.036616
0.036620
0.036625
0.036629
0.036634
0.036638
0.036643
0.036647
0.036652
0.036656
0.036661
0.036665
0.036670
0.036674
0.036679
0.036683
0.036688
0.036692
0.036697
0.036701
0.036706
0.036710
0.036715
0.036719
0.036724
0.036728
0.036733
0.036737
0.036742
0.036746
0.036751
0.036755
0.036760
0.036764
0.036769
0.036773
0.036778
0.036782
0.036787
0.036791
0.036796
0.036801
0.036805
0.036810
0.036814
0.036819
0.036823
0.036828
0.036832
0.036837
0.036841
0.036846
0.036850
0.036855
0.036859
0.036864
0.036868
0.036873
0.036877
0.036882
0.036886
0.036891
0.036896
0.036900
0.036905
0.036909
0.036914
0.036918
0.036923
0.036927
0.036932
0.036936
0.036941
0.036945
0.036950
0.036955
0.036959
0.036964
0.036968
0.036973
0.036977
0.036982
0.036986
0.036991
0.036995
0.037000
0.037004
0.037009
0.037014
0.037018
0.037023
0.037027
0.037032
0.037036
0.037041
0.037045
0.037050
0.037054
0.037059
0.037064
0.037068
0.037073
0.037077
0.037082
0.037086
0.037091
0.037095
0.037100
0.037105
0.037109
0.037114
0.037118
0.037123
0.037127
0.037132
0.037136
0.037141
0.037146
0.037150
0.037155
0.037159
0.037164
0.037168
0.037173
0.037178
0.037182
0.037187
0.037191
0.037196
0.037200
0.037205
0.037210
0.037214
0.037219
0.037223
0.037228
0.037232
0.037237
0.037242
0.037246
0.037251
0.037255
0.037260
0.037264
0.037269
0.037274
0.037278
0.037283
0.037287
0.037292
0.037296
0.037301
0.037306
0.037310
0.037315
0.037319
0.037324
0.037329
0.037333
0.037338
0.037342
0.037347
0.037351
0.037356
0.037361
0.037365
0.037370
0.037374
0.037379
0.037384
0.037388
0.037393
0.037397
0.037402
0.037407
0.037411
0.037416
0.037420
0.037425
0.037430
0.037434
0.037439
0.037443
0.037448
0.037453
0.037457
0.037462
0.037466
0.037471
0.037476
0.037480
0.037485
0.037489
0.037494
0.037499
0.037503
0.037508
0.037512
0.037517
0.037522
0.037526
0.037531
0.037535
0.037540
0.037545
0.037549
0.037554
0.037558
0.037563
0.037568
0.037572
0.037577
0.037582
0.037586
0.037591
0.037595
0.037600
0.037605
0.037609
0.037614
0.037618
0.037623
0.037628
0.037632
0.037637
0.037642
0.037646
0.037651
0.037655
0.037660
0.037665
0.037669
0.037674
0.037679
0.037683
0.037688
0.037692
0.037697
0.037702
0.037706
0.037711
0.037716
0.037720
0.037725
0.037730
0.037734
0.037739
0.037743
0.037748
0.037753
0.037757
0.037762
0.037767
0.037771
0.037776
0.037781
0.037785
0.037790
0.037794
0.037799
0.037804
0.037808
0.037813
0.037818
0.037822
0.037827
0.037832
0.037836
0.037841
0.037846
0.037850
0.037855
0.037860
0.037864
0.037869
0.037873
0.037878
0.037883
0.037887
0.037892
0.037897
0.037901
0.037906
0.037911
0.037915
0.037920
0.037925
0.037929
0.037934
0.037939
0.037943
0.037948
0.037953
0.037957
0.037962
0.037967
0.037971
0.037976
0.037981
0.037985
0.037990
0.037995
0.037999
0.038004
0.038009
0.038013
0.038018
0.038023
0.038027
0.038032
0.038037
0.038041
0.038046
0.038051
0.038055
0.038060
0.038065
0.038069
0.038074
0.038079
0.038083
0.038088
0.038093
0.038097
0.038102
0.038107
0.038111
0.038116
0.038121
0.038126
0.038130
0.038135
0.038140
0.038144
0.038149
0.038154
0.038158
0.038163
0.038168
0.038172
0.038177
0.038182
0.038186
0.038191
0.038196
0.038201
0.038205
0.038210
0.038215
0.038219
0.038224
0.038229
0.038233
0.038238
0.038243
0.038247
0.038252
0.038257
0.038262
0.038266
0.038271
0.038276
0.038280
0.038285
0.038290
0.038294
0.038299
0.038304
0.038309
0.038313
0.038318
0.038323
0.038327
0.038332
0.038337
0.038342
0.038346
0.038351
0.038356
0.038360
0.038365
0.038370
0.038375
0.038379
0.038384
0.038389
0.038393
0.038398
0.038403
0.038408
0.038412
0.038417
0.038422
0.038426
0.038431
0.038436
0.038441
0.038445
0.038450
0.038455
0.038459
0.038464
0.038469
0.038474
0.038478
0.038483
0.038488
0.038493
0.038497
0.038502
0.038507
0.038511
0.038516
0.038521
0.038526
0.038530
0.038535
0.038540
0.038545
0.038549
0.038554
0.038559
0.038564
0.038568
0.038573
0.038578
0.038583
0.038587
0.038592
0.038597
0.038601
0.038606
0.038611
0.038616
0.038620
0.038625
0.038630
0.038635
0.038639
0.038644
0.038649
0.038654
0.038658
0.038663
0.038668
0.038673
0.038677
0.038682
0.038687
0.038692
0.038696
0.038701
0.038706
0.038711
0.038715
0.038720
0.038725
0.038730
0.038734
0.038739
0.038744
0.038749
0.038754
0.038758
0.038763
0.038768
0.038773
0.038777
0.038782
0.038787
0.038792
0.038796
0.038801
0.038806
0.038811
0.038815
0.038820
0.038825
0.038830
0.038835
0.038839
0.038844
0.038849
0.038854
0.038858
0.038863
0.038868
0.038873
0.038878
0.038882
0.038887
0.038892
0.038897
0.038901
0.038906
0.038911
0.038916
0.038921
0.038925
0.038930
0.038935
0.038940
0.038944
0.038949
0.038954
0.038959
0.038964
0.038968
0.038973
0.038978
0.038983
0.038988
0.038992
0.038997
0.039002
0.039007
0.039011
0.039016
0.039021
0.039026
0.039031
0.039035
0.039040
0.039045
0.039050
0.039055
0.039059
0.039064
0.039069
0.039074
0.039079
0.039083
0.039088
0.039093
0.039098
0.039103
0.039107
0.039112
0.039117
0.039122
0.039127
0.039131
0.039136
0.039141
0.039146
0.039151
0.039156
0.039160
0.039165
0.039170
0.039175
0.039180
0.039184
0.039189
0.039194
0.039199
0.039204
0.039208
0.039213
0.039218
0.039223
0.039228
0.039233
0.039237
0.039242
0.039247
0.039252
0.039257
0.039261
0.039266
0.039271
0.039276
0.039281
0.039286
0.039290
0.039295
0.039300
0.039305
0.039310
0.039315
0.039319
0.039324
0.039329
0.039334
0.039339
0.039344
0.039348
0.039353
0.039358
0.039363
0.039368
0.039373
0.039377
0.039382
0.039387
0.039392
0.039397
0.039402
0.039406
0.039411
0.039416
0.039421
0.039426
0.039431
0.039436
0.039440
0.039445
0.039450
0.039455
0.039460
0.039465
0.039469
0.039474
0.039479
0.039484
0.039489
0.039494
0.039499
0.039503
0.039508
0.039513
0.039518
0.039523
0.039528
0.039533
0.039537
0.039542
0.039547
0.039552
0.039557
0.039562
0.039567
0.039571
0.039576
0.039581
0.039586
0.039591
0.039596
0.039601
0.039605
0.039610
0.039615
0.039620
0.039625
0.039630
0.039635
0.039640
0.039644
0.039649
0.039654
0.039659
0.039664
0.039669
0.039674
0.039679
0.039683
0.039688
0.039693
0.039698
0.039703
0.039708
0.039713
0.039718
0.039722
0.039727
0.039732
0.039737
0.039742
0.039747
0.039752
0.039757
0.039761
0.039766
0.039771
0.039776
0.039781
0.039786
0.039791
0.039796
0.039801
0.039805
0.039810
0.039815
0.039820
0.039825
0.039830
0.039835
0.039840
0.039845
0.039850
0.039854
0.039859
0.039864
0.039869
0.039874
0.039879
0.039884
0.039889
0.039894
0.039899
0.039903
0.039908
0.039913
0.039918
0.039923
0.039928
0.039933
0.039938
0.039943
0.039948
0.039952
0.039957
0.039962
0.039967
0.039972
0.039977
0.039982
0.039987
0.039992
0.039997
0.040002
0.040007
0.040011
0.040016
0.040021
0.040026
0.040031
0.040036
0.040041
0.040046
0.040051
0.040056
0.040061
0.040066
0.040070
0.040075
0.040080
0.040085
0.040090
0.040095
0.040100
0.040105
0.040110
0.040115
0.040120
0.040125
0.040130
0.040135
0.040139
0.040144
0.040149
0.040154
0.040159
0.040164
0.040169
0.040174
0.040179
0.040184
0.040189
0.040194
0.040199
0.040204
0.040209
0.040214
0.040218
0.040223
0.040228
0.040233
0.040238
0.040243
0.040248
0.040253
0.040258
0.040263
0.040268
0.040273
0.040278
0.040283
0.040288
0.040293
0.040298
0.040303
0.040307
0.040312
0.040317
0.040322
0.040327
0.040332
0.040337
0.040342
0.040347
0.040352
0.040357
0.040362
0.040367
0.040372
0.040377
0.040382
0.040387
0.040392
0.040397
0.040402
0.040407
0.040412
0.040417
0.040422
0.040427
0.040432
0.040436
0.040441
0.040446
0.040451
0.040456
0.040461
0.040466
0.040471
0.040476
0.040481
0.040486
0.040491
0.040496
0.040501
0.040506
0.040511
0.040516
0.040521
0.040526
0.040531
0.040536
0.040541
0.040546
0.040551
0.040556
0.040561
0.040566
0.040571
0.040576
0.040581
0.040586
0.040591
0.040596
0.040601
0.040606
0.040611
0.040616
0.040621
0.040626
0.040631
0.040636
0.040641
0.040646
0.040651
0.040656
0.040661
0.040666
0.040671
0.040676
0.040681
0.040686
0.040691
0.040696
0.040701
0.040706
0.040711
0.040716
0.040721
0.040726
0.040731
0.040736
0.040741
0.040746
0.040751
0.040756
0.040761
0.040766
0.040771
0.040776
0.040781
0.040786
0.040791
0.040796
0.040801
0.040806
0.040811
0.040816
0.040821
0.040826
0.040831
0.040836
0.040841
0.040846
0.040851
0.040856
0.040861
0.040866
0.040871
0.040876
0.040881
0.040886
0.040891
0.040896
0.040901
0.040906
0.040911
0.040916
0.040921
0.040926
0.040931
0.040936
0.040941
0.040946
0.040952
0.040957
0.040962
0.040967
0.040972
0.040977
0.040982
0.040987
0.040992
0.040997
0.041002
0.041007
0.041012
0.041017
0.041022
0.041027
0.041032
0.041037
0.041042
0.041047
0.041052
0.041057
0.041062
0.041067
0.041072
0.041078
0.041083
0.041088
0.041093
0.041098
0.041103
0.041108
0.041113
0.041118
0.041123
0.041128
0.041133
0.041138
0.041143
0.041148
0.041153
0.041158
0.041163
0.041169
0.041174
0.041179
0.041184
0.041189
0.041194
0.041199
0.041204
0.041209
0.041214
0.041219
0.041224
0.041229
0.041234
0.041239
0.041244
0.041250
0.041255
0.041260
0.041265
0.041270
0.041275
0.041280
0.041285
0.041290
0.041295
0.041300
0.041305
0.041310
0.041315
0.041321
0.041326
0.041331
0.041336
0.041341
0.041346
0.041351
0.041356
0.041361
0.041366
0.041371
0.041376
0.041382
0.041387
0.041392
0.041397
0.041402
0.041407
0.041412
0.041417
0.041422
0.041427
0.041432
0.041438
0.041443
0.041448
0.041453
0.041458
0.041463
0.041468
0.041473
0.041478
0.041483
0.041488
0.041494
0.041499
0.041504
0.041509
0.041514
0.041519
0.041524
0.041529
0.041534
0.041539
0.041545
0.041550
0.041555
0.041560
0.041565
0.041570
0.041575
0.041580
0.041585
0.041591
0.041596
0.041601
0.041606
0.041611
0.041616
0.041621
0.041626
0.041631
0.041637
0.041642
0.041647
0.041652
0.041657
0.041662
0.041667
0.041672
0.041678
0.041683
0.041688
0.041693
0.041698
0.041703
0.041708
0.041713
0.041719
0.041724
0.041729
0.041734
0.041739
0.041744
0.041749
0.041754
0.041760
0.041765
0.041770
0.041775
0.041780
0.041785
0.041790
0.041796
0.041801
0.041806
0.041811
0.041816
0.041821
0.041826
0.041832
0.041837
0.041842
0.041847
0.041852
0.041857
0.041862
0.041868
0.041873
0.041878
0.041883
0.041888
0.041893
0.041898
0.041904
0.041909
0.041914
0.041919
0.041924
0.041929
0.041934
0.041940
0.041945
0.041950
0.041955
0.041960
0.041965
0.041971
0.041976
0.041981
0.041986
0.041991
0.041996
0.042002
0.042007
0.042012
0.042017
0.042022
0.042027
0.042033
0.042038
0.042043
0.042048
0.042053
0.042058
0.042064
0.042069
0.042074
0.042079
0.042084
0.042089
0.042095
0.042100
0.042105
0.042110
0.042115
0.042120
0.042126
0.042131
0.042136
0.042141
0.042146
0.042151
0.042157
0.042162
0.042167
0.042172
0.042177
0.042183
0.042188
0.042193
0.042198
0.042203
0.042209
0.042214
0.042219
0.042224
0.042229
0.042234
0.042240
0.042245
0.042250
0.042255
0.042260
0.042266
0.042271
0.042276
0.042281
0.042286
0.042292
0.042297
0.042302
0.042307
0.042312
0.042318
0.042323
0.042328
0.042333
0.042338
0.042344
0.042349
0.042354
0.042359
0.042364
0.042370
0.042375
0.042380
0.042385
0.042390
0.042396
0.042401
0.042406
0.042411
0.042417
0.042422
0.042427
0.042432
0.042437
0.042443
0.042448
0.042453
0.042458
0.042463
0.042469
0.042474
0.042479
0.042484
0.042490
0.042495
0.042500
0.042505
0.042510
0.042516
0.042521
0.042526
0.042531
0.042537
0.042542
0.042547
0.042552
0.042558
0.042563
0.042568
0.042573
0.042578
0.042584
0.042589
0.042594
0.042599
0.042605
0.042610
0.042615
0.042620
0.042626
0.042631
0.042636
0.042641
0.042647
0.042652
0.042657
0.042662
0.042668
0.042673
0.042678
0.042683
0.042689
0.042694
0.042699
0.042704
0.042710
0.042715
0.042720
0.042725
0.042731
0.042736
0.042741
0.042746
0.042752
0.042757
0.042762
0.042767
0.042773
0.042778
0.042783
0.042788
0.042794
0.042799
0.042804
0.042809
0.042815
0.042820
0.042825
0.042830
0.042836
0.042841
0.042846
0.042851
0.042857
0.042862
0.042867
0.042873
0.042878
0.042883
0.042888
0.042894
0.042899
0.042904
0.042909
0.042915
0.042920
0.042925
0.042931
0.042936
0.042941
0.042946
0.042952
0.042957
0.042962
0.042968
0.042973
0.042978
0.042983
0.042989
0.042994
0.042999
0.043005
0.043010
0.043015
0.043020
0.043026
0.043031
0.043036
0.043042
0.043047
0.043052
0.043057
0.043063
0.043068
0.043073
0.043079
0.043084
0.043089
0.043094
0.043100
0.043105
0.043110
0.043116
0.043121
0.043126
0.043132
0.043137
0.043142
0.043147
0.043153
0.043158
0.043163
0.043169
0.043174
0.043179
0.043185
0.043190
0.043195
0.043201
0.043206
0.043211
0.043216
0.043222
0.043227
0.043232
0.043238
0.043243
0.043248
0.043254
0.043259
0.043264
0.043270
0.043275
0.043280
0.043286
0.043291
0.043296
0.043302
0.043307
0.043312
0.043318
0.043323
0.043328
0.043333
0.043339
0.043344
0.043349
0.043355
0.043360
0.043365
0.043371
0.043376
0.043381
0.043387
0.043392
0.043397
0.043403
0.043408
0.043413
0.043419
0.043424
0.043429
0.043435
0.043440
0.043446
0.043451
0.043456
0.043462
0.043467
0.043472
0.043478
0.043483
0.043488
0.043494
0.043499
0.043504
0.043510
0.043515
0.043520
0.043526
0.043531
0.043536
0.043542
0.043547
0.043552
0.043558
0.043563
0.043569
0.043574
0.043579
0.043585
0.043590
0.043595
0.043601
0.043606
0.043611
0.043617
0.043622
0.043627
0.043633
0.043638
0.043644
0.043649
0.043654
0.043660
0.043665
0.043670
0.043676
0.043681
0.043687
0.043692
0.043697
0.043703
0.043708
0.043713
0.043719
0.043724
0.043729
0.043735
0.043740
0.043746
0.043751
0.043756
0.043762
0.043767
0.043773
0.043778
0.043783
0.043789
0.043794
0.043799
0.043805
0.043810
0.043816
0.043821
0.043826
0.043832
0.043837
0.043843
0.043848
0.043853
0.043859
0.043864
0.043869
0.043875
0.043880
0.043886
0.043891
0.043896
0.043902
0.043907
0.043913
0.043918
0.043923
0.043929
0.043934
0.043940
0.043945
0.043950
0.043956
0.043961
0.043967
0.043972
0.043977
0.043983
0.043988
0.043994
0.043999
0.044005
0.044010
0.044015
0.044021
0.044026
0.044032
0.044037
0.044042
0.044048
0.044053
0.044059
0.044064
0.044069
0.044075
0.044080
0.044086
0.044091
0.044097
0.044102
0.044107
0.044113
0.044118
0.044124
0.044129
0.044135
0.044140
0.044145
0.044151
0.044156
0.044162
0.044167
0.044173
0.044178
0.044183
0.044189
0.044194
0.044200
0.044205
0.044211
0.044216
0.044221
0.044227
0.044232
0.044238
0.044243
0.044249
0.044254
0.044260
0.044265
0.044270
0.044276
0.044281
0.044287
0.044292
0.044298
0.044303
0.044309
0.044314
0.044319
0.044325
0.044330
0.044336
0.044341
0.044347
0.044352
0.044358
0.044363
0.044368
0.044374
0.044379
0.044385
0.044390
0.044396
0.044401
0.044407
0.044412
0.044418
0.044423
0.044429
0.044434
0.044439
0.044445
0.044450
0.044456
0.044461
0.044467
0.044472
0.044478
0.044483
0.044489
0.044494
0.044500
0.044505
0.044511
0.044516
0.044521
0.044527
0.044532
0.044538
0.044543
0.044549
0.044554
0.044560
0.044565
0.044571
0.044576
0.044582
0.044587
0.044593
0.044598
0.044604
0.044609
0.044615
0.044620
0.044626
0.044631
0.044637
0.044642
0.044648
0.044653
0.044659
0.044664
0.044669
0.044675
0.044680
0.044686
0.044691
0.044697
0.044702
0.044708
0.044713
0.044719
0.044724
0.044730
0.044735
0.044741
0.044746
0.044752
0.044757
0.044763
0.044768
0.044774
0.044779
0.044785
0.044790
0.044796
0.044801
0.044807
0.044813
0.044818
0.044824
0.044829
0.044835
0.044840
0.044846
0.044851
0.044857
0.044862
0.044868
0.044873
0.044879
0.044884
0.044890
0.044895
0.044901
0.044906
0.044912
0.044917
0.044923
0.044928
0.044934
0.044939
0.044945
0.044950
0.044956
0.044962
0.044967
0.044973
0.044978
0.044984
0.044989
0.044995
0.045000
0.045006
0.045011
0.045017
0.045022
0.045028
0.045033
0.045039
0.045045
0.045050
0.045056
0.045061
0.045067
0.045072
0.045078
0.045083
0.045089
0.045094
0.045100
0.045105
0.045111
0.045117
0.045122
0.045128
0.045133
0.045139
0.045144
0.045150
0.045155
0.045161
0.045167
0.045172
0.045178
0.045183
0.045189
0.045194
0.045200
0.045205
0.045211
0.045217
0.045222
0.045228
0.045233
0.045239
0.045244
0.045250
0.045255
0.045261
0.045267
0.045272
0.045278
0.045283
0.045289
0.045294
0.045300
0.045306
0.045311
0.045317
0.045322
0.045328
0.045333
0.045339
0.045345
0.045350
0.045356
0.045361
0.045367
0.045372
0.045378
0.045384
0.045389
0.045395
0.045400
0.045406
0.045412
0.045417
0.045423
0.045428
0.045434
0.045439
0.045445
0.045451
0.045456
0.045462
0.045467
0.045473
0.045479
0.045484
0.045490
0.045495
0.045501
0.045507
0.045512
0.045518
0.045523
0.045529
0.045535
0.045540
0.045546
0.045551
0.045557
0.045563
0.045568
0.045574
0.045579
0.045585
0.045591
0.045596
0.045602
0.045607
0.045613
0.045619
0.045624
0.045630
0.045635
0.045641
0.045647
0.045652
0.045658
0.045663
0.045669
0.045675
0.045680
0.045686
0.045692
0.045697
0.045703
0.045708
0.045714
0.045720
0.045725
0.045731
0.045737
0.045742
0.045748
0.045753
0.045759
0.045765
0.045770
0.045776
0.045782
0.045787
0.045793
0.045798
0.045804
0.045810
0.045815
0.045821
0.045827
0.045832
0.045838
0.045844
0.045849
0.045855
0.045860
0.045866
0.045872
0.045877
0.045883
0.045889
0.045894
0.045900
0.045906
0.045911
0.045917
0.045922
0.045928
0.045934
0.045939
0.045945
0.045951
0.045956
0.045962
0.045968
0.045973
0.045979
0.045985
0.045990
0.045996
0.046002
0.046007
0.046013
0.046019
0.046024
0.046030
0.046036
0.046041
0.046047
0.046053
0.046058
0.046064
0.046070
0.046075
0.046081
0.046087
0.046092
0.046098
0.046104
0.046109
0.046115
0.046121
0.046126
0.046132
0.046138
0.046143
0.046149
0.046155
0.046160
0.046166
0.046172
0.046177
0.046183
0.046189
0.046194
0.046200
0.046206
0.046211
0.046217
0.046223
0.046228
0.046234
0.046240
0.046245
0.046251
0.046257
0.046263
0.046268
0.046274
0.046280
0.046285
0.046291
0.046297
0.046302
0.046308
0.046314
0.046319
0.046325
0.046331
0.046337
0.046342
0.046348
0.046354
0.046359
0.046365
0.046371
0.046376
0.046382
0.046388
0.046394
0.046399
0.046405
0.046411
0.046416
0.046422
0.046428
0.046434
0.046439
0.046445
0.046451
0.046456
0.046462
0.046468
0.046474
0.046479
0.046485
0.046491
0.046496
0.046502
0.046508
0.046514
0.046519
0.046525
0.046531
0.046536
0.046542
0.046548
0.046554
0.046559
0.046565
0.046571
0.046576
0.046582
0.046588
0.046594
0.046599
0.046605
0.046611
0.046617
0.046622
0.046628
0.046634
0.046640
0.046645
0.046651
0.046657
0.046662
0.046668
0.046674
0.046680
0.046685
0.046691
0.046697
0.046703
0.046708
0.046714
0.046720
0.046726
0.046731
0.046737
0.046743
0.046749
0.046754
0.046760
0.046766
0.046772
0.046777
0.046783
0.046789
0.046795
0.046800
0.046806
0.046812
0.046818
0.046823
0.046829
0.046835
0.046841
0.046846
0.046852
0.046858
0.046864
0.046869
0.046875
0.046881
0.046887
0.046893
0.046898
0.046904
0.046910
0.046916
0.046921
0.046927
0.046933
0.046939
0.046944
0.046950
0.046956
0.046962
0.046968
0.046973
0.046979
0.046985
0.046991
0.046996
0.047002
0.047008
0.047014
0.047020
0.047025
0.047031
0.047037
0.047043
0.047048
0.047054
0.047060
0.047066
0.047072
0.047077
0.047083
0.047089
0.047095
0.047101
0.047106
0.047112
0.047118
0.047124
0.047130
0.047135
0.047141
0.047147
0.047153
0.047159
0.047164
0.047170
0.047176
0.047182
0.047188
0.047193
0.047199
0.047205
0.047211
0.047217
0.047222
0.047228
0.047234
0.047240
0.047246
0.047251
0.047257
0.047263
0.047269
0.047275
0.047280
0.047286
0.047292
0.047298
0.047304
0.047310
0.047315
0.047321
0.047327
0.047333
0.047339
0.047344
0.047350
0.047356
0.047362
0.047368
0.047374
0.047379
0.047385
0.047391
0.047397
0.047403
0.047409
0.047414
0.047420
0.047426
0.047432
0.047438
0.047444
0.047449
0.047455
0.047461
0.047467
0.047473
0.047479
0.047484
0.047490
0.047496
0.047502
0.047508
0.047514
0.047519
0.047525
0.047531
0.047537
0.047543
0.047549
0.047555
0.047560
0.047566
0.047572
0.047578
0.047584
0.047590
0.047596
0.047601
0.047607
0.047613
0.047619
0.047625
0.047631
0.047637
0.047642
0.047648
0.047654
0.047660
0.047666
0.047672
0.047678
0.047683
0.047689
0.047695
0.047701
0.047707
0.047713
0.047719
0.047724
0.047730
0.047736
0.047742
0.047748
0.047754
0.047760
0.047766
0.047771
0.047777
0.047783
0.047789
0.047795
0.047801
0.047807
0.047813
0.047818
0.047824
0.047830
0.047836
0.047842
0.047848
0.047854
0.047860
0.047866
0.047871
0.047877
0.047883
0.047889
0.047895
0.047901
0.047907
0.047913
0.047919
0.047924
0.047930
0.047936
0.047942
0.047948
0.047954
0.047960
0.047966
0.047972
0.047978
0.047983
0.047989
0.047995
0.048001
0.048007
0.048013
0.048019
0.048025
0.048031
0.048037
0.048042
0.048048
0.048054
0.048060
0.048066
0.048072
0.048078
0.048084
0.048090
0.048096
0.048102
0.048108
0.048113
0.048119
0.048125
0.048131
0.048137
0.048143
0.048149
0.048155
0.048161
0.048167
0.048173
0.048179
0.048184
0.048190
0.048196
0.048202
0.048208
0.048214
0.048220
0.048226
0.048232
0.048238
0.048244
0.048250
0.048256
0.048262
0.048268
0.048273
0.048279
0.048285
0.048291
0.048297
0.048303
0.048309
0.048315
0.048321
0.048327
0.048333
0.048339
0.048345
0.048351
0.048357
0.048363
0.048369
0.048374
0.048380
0.048386
0.048392
0.048398
0.048404
0.048410
0.048416
0.048422
0.048428
0.048434
0.048440
0.048446
0.048452
0.048458
0.048464
0.048470
0.048476
0.048482
0.048488
0.048494
0.048500
0.048506
0.048512
0.048517
0.048523
0.048529
0.048535
0.048541
0.048547
0.048553
0.048559
0.048565
0.048571
0.048577
0.048583
0.048589
0.048595
0.048601
0.048607
0.048613
0.048619
0.048625
0.048631
0.048637
0.048643
0.048649
0.048655
0.048661
0.048667
0.048673
0.048679
0.048685
0.048691
0.048697
0.048703
0.048709
0.048715
0.048721
0.048727
0.048733
0.048739
0.048745
0.048751
0.048757
0.048763
0.048769
0.048775
0.048781
0.048787
0.048793
0.048799
0.048805
0.048811
0.048817
0.048823
0.048829
0.048835
0.048841
0.048847
0.048853
0.048859
0.048865
0.048871
0.048877
0.048883
0.048889
0.048895
0.048901
0.048907
0.048913
0.048919
0.048925
0.048931
0.048937
0.048943
0.048949
0.048955
0.048961
0.048967
0.048973
0.048979
0.048985
0.048991
0.048997
0.049003
0.049009
0.049015
0.049021
0.049027
0.049033
0.049039
0.049045
0.049051
0.049057
0.049064
0.049070
0.049076
0.049082
0.049088
0.049094
0.049100
0.049106
0.049112
0.049118
0.049124
0.049130
0.049136
0.049142
0.049148
0.049154
0.049160
0.049166
0.049172
0.049178
0.049184
0.049190
0.049196
0.049203
0.049209
0.049215
0.049221
0.049227
0.049233
0.049239
0.049245
0.049251
0.049257
0.049263
0.049269
0.049275
0.049281
0.049287
0.049293
0.049299
0.049306
0.049312
0.049318
0.049324
0.049330
0.049336
0.049342
0.049348
0.049354
0.049360
0.049366
0.049372
0.049378
0.049384
0.049390
0.049397
0.049403
0.049409
0.049415
0.049421
0.049427
0.049433
0.049439
0.049445
0.049451
0.049457
0.049463
0.049470
0.049476
0.049482
0.049488
0.049494
0.049500
0.049506
0.049512
0.049518
0.049524
0.049530
0.049536
0.049543
0.049549
0.049555
0.049561
0.049567
0.049573
0.049579
0.049585
0.049591
0.049597
0.049604
0.049610
0.049616
0.049622
0.049628
0.049634
0.049640
0.049646
0.049652
0.049659
0.049665
0.049671
0.049677
0.049683
0.049689
0.049695
0.049701
0.049707
0.049714
0.049720
0.049726
0.049732
0.049738
0.049744
0.049750
0.049756
0.049762
0.049769
0.049775
0.049781
0.049787
0.049793
0.049799
0.049805
0.049811
0.049818
0.049824
0.049830
0.049836
0.049842
0.049848
0.049854
0.049860
0.049867
0.049873
0.049879
0.049885
0.049891
0.049897
0.049903
0.049910
0.049916
0.049922
0.049928
0.049934
0.049940
0.049946
0.049953
0.049959
0.049965
0.049971
0.049977
0.049983
0.049989
0.049996
0.050002
0.050008
0.050014
0.050020
0.050026
0.050032
0.050039
0.050045
0.050051
0.050057
0.050063
0.050069
0.050076
0.050082
0.050088
0.050094
0.050100
0.050106
0.050113
0.050119
0.050125
0.050131
0.050137
0.050143
0.050150
0.050156
0.050162
0.050168
0.050174
0.050180
0.050187
0.050193
0.050199
0.050205
0.050211
0.050217
0.050224
0.050230
0.050236
0.050242
0.050248
0.050255
0.050261
0.050267
0.050273
0.050279
0.050285
0.050292
0.050298
0.050304
0.050310
0.050316
0.050323
0.050329
0.050335
0.050341
0.050347
0.050354
0.050360
0.050366
0.050372
0.050378
0.050385
0.050391
0.050397
0.050403
0.050409
0.050416
0.050422
0.050428
0.050434
0.050440
0.050447
0.050453
0.050459
0.050465
0.050471
0.050478
0.050484
0.050490
0.050496
0.050502
0.050509
0.050515
0.050521
0.050527
0.050533
0.050540
0.050546
0.050552
0.050558
0.050565
0.050571
0.050577
0.050583
0.050589
0.050596
0.050602
0.050608
0.050614
0.050621
0.050627
0.050633
0.050639
0.050645
0.050652
0.050658
0.050664
0.050670
0.050677
0.050683
0.050689
0.050695
0.050702
0.050708
0.050714
0.050720
0.050727
0.050733
0.050739
0.050745
0.050751
0.050758
0.050764
0.050770
0.050776
0.050783
0.050789
0.050795
0.050801
0.050808
0.050814
0.050820
0.050826
0.050833
0.050839
0.050845
0.050851
0.050858
0.050864
0.050870
0.050877
0.050883
0.050889
0.050895
0.050902
0.050908
0.050914
0.050920
0.050927
0.050933
0.050939
0.050945
0.050952
0.050958
0.050964
0.050970
0.050977
0.050983
0.050989
0.050996
0.051002
0.051008
0.051014
0.051021
0.051027
0.051033
0.051040
0.051046
0.051052
0.051058
0.051065
0.051071
0.051077
0.051083
0.051090
0.051096
0.051102
0.051109
0.051115
0.051121
0.051127
0.051134
0.051140
0.051146
0.051153
0.051159
0.051165
0.051172
0.051178
0.051184
0.051190
0.051197
0.051203
0.051209
0.051216
0.051222
0.051228
0.051234
0.051241
0.051247
0.051253
0.051260
0.051266
0.051272
0.051279
0.051285
0.051291
0.051298
0.051304
0.051310
0.051316
0.051323
0.051329
0.051335
0.051342
0.051348
0.051354
0.051361
0.051367
0.051373
0.051380
0.051386
0.051392
0.051399
0.051405
0.051411
0.051418
0.051424
0.051430
0.051437
0.051443
0.051449
0.051456
0.051462
0.051468
0.051475
0.051481
0.051487
0.051494
0.051500
0.051506
0.051513
0.051519
0.051525
0.051532
0.051538
0.051544
0.051551
0.051557
0.051563
0.051570
0.051576
0.051582
0.051589
0.051595
0.051601
0.051608
0.051614
0.051620
0.051627
0.051633
0.051639
0.051646
0.051652
0.051659
0.051665
0.051671
0.051678
0.051684
0.051690
0.051697
0.051703
0.051709
0.051716
0.051722
0.051728
0.051735
0.051741
0.051748
0.051754
0.051760
0.051767
0.051773
0.051779
0.051786
0.051792
0.051799
0.051805
0.051811
0.051818
0.051824
0.051830
0.051837
0.051843
0.051849
0.051856
0.051862
0.051869
0.051875
0.051881
0.051888
0.051894
0.051901
0.051907
0.051913
0.051920
0.051926
0.051932
0.051939
0.051945
0.051952
0.051958
0.051964
0.051971
0.051977
0.051984
0.051990
0.051996
0.052003
0.052009
0.052016
0.052022
0.052028
0.052035
0.052041
0.052048
0.052054
0.052060
0.052067
0.052073
0.052080
0.052086
0.052092
0.052099
0.052105
0.052112
0.052118
0.052125
0.052131
0.052137
0.052144
0.052150
0.052157
0.052163
0.052169
0.052176
0.052182
0.052189
0.052195
0.052202
0.052208
0.052214
0.052221
0.052227
0.052234
0.052240
0.052246
0.052253
0.052259
0.052266
0.052272
0.052279
0.052285
0.052291
0.052298
0.052304
0.052311
0.052317
0.052324
0.052330
0.052337
0.052343
0.052349
0.052356
0.052362
0.052369
0.052375
0.052382
0.052388
0.052395
0.052401
0.052407
0.052414
0.052420
0.052427
0.052433
0.052440
0.052446
0.052453
0.052459
0.052465
0.052472
0.052478
0.052485
0.052491
0.052498
0.052504
0.052511
0.052517
0.052524
0.052530
0.052537
0.052543
0.052549
0.052556
0.052562
0.052569
0.052575
0.052582
0.052588
0.052595
0.052601
0.052608
0.052614
0.052621
0.052627
0.052634
0.052640
0.052646
0.052653
0.052659
0.052666
0.052672
0.052679
0.052685
0.052692
0.052698
0.052705
0.052711
0.052718
0.052724
0.052731
0.052737
0.052744
0.052750
0.052757
0.052763
0.052770
0.052776
0.052783
0.052789
0.052796
0.052802
0.052809
0.052815
0.052822
0.052828
0.052835
0.052841
0.052848
0.052854
0.052861
0.052867
0.052874
0.052880
0.052887
0.052893
0.052900
0.052906
0.052913
0.052919
0.052926
0.052932
0.052939
0.052945
0.052952
0.052958
0.052965
0.052971
0.052978
0.052984
0.052991
0.052997
0.053004
0.053010
0.053017
0.053023
0.053030
0.053037
0.053043
0.053050
0.053056
0.053063
0.053069
0.053076
0.053082
0.053089
0.053095
0.053102
0.053108
0.053115
0.053121
0.053128
0.053135
0.053141
0.053148
0.053154
0.053161
0.053167
0.053174
0.053180
0.053187
0.053193
0.053200
0.053206
0.053213
0.053220
0.053226
0.053233
0.053239
0.053246
0.053252
0.053259
0.053265
0.053272
0.053278
0.053285
0.053292
0.053298
0.053305
0.053311
0.053318
0.053324
0.053331
0.053338
0.053344
0.053351
0.053357
0.053364
0.053370
0.053377
0.053383
0.053390
0.053397
0.053403
0.053410
0.053416
0.053423
0.053429
0.053436
0.053443
0.053449
0.053456
0.053462
0.053469
0.053476
0.053482
0.053489
0.053495
0.053502
0.053508
0.053515
0.053522
0.053528
0.053535
0.053541
0.053548
0.053555
0.053561
0.053568
0.053574
0.053581
0.053587
0.053594
0.053601
0.053607
0.053614
0.053620
0.053627
0.053634
0.053640
0.053647
0.053653
0.053660
0.053667
0.053673
0.053680
0.053686
0.053693
0.053700
0.053706
0.053713
0.053719
0.053726
0.053733
0.053739
0.053746
0.053753
0.053759
0.053766
0.053772
0.053779
0.053786
0.053792
0.053799
0.053805
0.053812
0.053819
0.053825
0.053832
0.053839
0.053845
0.053852
0.053858
0.053865
0.053872
0.053878
0.053885
0.053892
0.053898
0.053905
0.053911
0.053918
0.053925
0.053931
0.053938
0.053945
0.053951
0.053958
0.053965
0.053971
0.053978
0.053984
0.053991
0.053998
0.054004
0.054011
0.054018
0.054024
0.054031
0.054038
0.054044
0.054051
0.054058
0.054064
0.054071
0.054078
0.054084
0.054091
0.054098
0.054104
0.054111
0.054118
0.054124
0.054131
0.054137
0.054144
0.054151
0.054157
0.054164
0.054171
0.054177
0.054184
0.054191
0.054197
0.054204
0.054211
0.054217
0.054224
0.054231
0.054237
0.054244
0.054251
0.054258
0.054264
0.054271
0.054278
0.054284
0.054291
0.054298
0.054304
0.054311
0.054318
0.054324
0.054331
0.054338
0.054344
0.054351
0.054358
0.054364
0.054371
0.054378
0.054384
0.054391
0.054398
0.054405
0.054411
0.054418
0.054425
0.054431
0.054438
0.054445
0.054451
0.054458
0.054465
0.054472
0.054478
0.054485
0.054492
0.054498
0.054505
0.054512
0.054518
0.054525
0.054532
0.054539
0.054545
0.054552
0.054559
0.054565
0.054572
0.054579
0.054586
0.054592
0.054599
0.054606
0.054612
0.054619
0.054626
0.054633
0.054639
0.054646
0.054653
0.054660
0.054666
0.054673
0.054680
0.054686
0.054693
0.054700
0.054707
0.054713
0.054720
0.054727
0.054734
0.054740
0.054747
0.054754
0.054760
0.054767
0.054774
0.054781
0.054787
0.054794
0.054801
0.054808
0.054814
0.054821
0.054828
0.054835
0.054841
0.054848
0.054855
0.054862
0.054868
0.054875
0.054882
0.054889
0.054895
0.054902
0.054909
0.054916
0.054922
0.054929
0.054936
0.054943
0.054949
0.054956
0.054963
0.054970
0.054976
0.054983
0.054990
0.054997
0.055004
0.055010
0.055017
0.055024
0.055031
0.055037
0.055044
0.055051
0.055058
0.055064
0.055071
0.055078
0.055085
0.055092
0.055098
0.055105
0.055112
0.055119
0.055125
0.055132
0.055139
0.055146
0.055153
0.055159
0.055166
0.055173
0.055180
0.055187
0.055193
0.055200
0.055207
0.055214
0.055221
0.055227
0.055234
0.055241
0.055248
0.055255
0.055261
0.055268
0.055275
0.055282
0.055289
0.055295
0.055302
0.055309
0.055316
0.055323
0.055329
0.055336
0.055343
0.055350
0.055357
0.055363
0.055370
0.055377
0.055384
0.055391
0.055397
0.055404
0.055411
0.055418
0.055425
0.055432
0.055438
0.055445
0.055452
0.055459
0.055466
0.055472
0.055479
0.055486
0.055493
0.055500
0.055507
0.055513
0.055520
0.055527
0.055534
0.055541
0.055548
0.055554
0.055561
0.055568
0.055575
0.055582
0.055589
0.055595
0.055602
0.055609
0.055616
0.055623
0.055630
0.055637
0.055643
0.055650
0.055657
0.055664
0.055671
0.055678
0.055684
0.055691
0.055698
0.055705
0.055712
0.055719
0.055726
0.055732
0.055739
0.055746
0.055753
0.055760
0.055767
0.055774
0.055781
0.055787
0.055794
0.055801
0.055808
0.055815
0.055822
0.055829
0.055835
0.055842
0.055849
0.055856
0.055863
0.055870
0.055877
0.055884
0.055890
0.055897
0.055904
0.055911
0.055918
0.055925
0.055932
0.055939
0.055945
0.055952
0.055959
0.055966
0.055973
0.055980
0.055987
0.055994
0.056001
0.056007
0.056014
0.056021
0.056028
0.056035
0.056042
0.056049
0.056056
0.056063
0.056069
0.056076
0.056083
0.056090
0.056097
0.056104
0.056111
0.056118
0.056125
0.056132
0.056139
0.056145
0.056152
0.056159
0.056166
0.056173
0.056180
0.056187
0.056194
0.056201
0.056208
0.056215
0.056221
0.056228
0.056235
0.056242
0.056249
0.056256
0.056263
0.056270
0.056277
0.056284
0.056291
0.056298
0.056305
0.056311
0.056318
0.056325
0.056332
0.056339
0.056346
0.056353
0.056360
0.056367
0.056374
0.056381
0.056388
0.056395
0.056402
0.056409
0.056415
0.056422
0.056429
0.056436
0.056443
0.056450
0.056457
0.056464
0.056471
0.056478
0.056485
0.056492
0.056499
0.056506
0.056513
0.056520
0.056527
0.056534
0.056541
0.056548
0.056554
0.056561
0.056568
0.056575
0.056582
0.056589
0.056596
0.056603
0.056610
0.056617
0.056624
0.056631
0.056638
0.056645
0.056652
0.056659
0.056666
0.056673
0.056680
0.056687
0.056694
0.056701
0.056708
0.056715
0.056722
0.056729
0.056736
0.056743
0.056750
0.056757
0.056764
0.056771
0.056778
0.056785
0.056792
0.056799
0.056806
0.056813
0.056820
0.056827
0.056834
0.056841
0.056848
0.056855
0.056861
0.056869
0.056876
0.056883
0.056890
0.056896
0.056904
0.056910
0.056918
0.056925
0.056932
0.056939
0.056946
0.056953
0.056960
0.056967
0.056974
0.056981
0.056988
0.056995
0.057002
0.057009
0.057016
0.057023
0.057030
0.057037
0.057044
0.057051
0.057058
0.057065
0.057072
0.057079
0.057086
0.057093
0.057100
0.057107
0.057114
0.057121
0.057128
0.057135
0.057142
0.057149
0.057156
0.057163
0.057170
0.057177
0.057184
0.057191
0.057198
0.057205
0.057212
0.057219
0.057226
0.057234
0.057241
0.057248
0.057255
0.057262
0.057269
0.057276
0.057283
0.057290
0.057297
0.057304
0.057311
0.057318
0.057325
0.057332
0.057339
0.057346
0.057353
0.057360
0.057367
0.057374
0.057381
0.057388
0.057395
0.057402
0.057409
0.057416
0.057423
0.057430
0.057437
0.057443
0.057450
0.057457
0.057464
0.057471
0.057478
0.057485
0.057492
0.057499
0.057506
0.057513
0.057520
0.057527
0.057534
0.057541
0.057548
0.057554
0.057561
0.057568
0.057575
0.057582
0.057589
0.057596
0.057603
0.057610
0.057617
0.057624
0.057631
0.057638
0.057645
0.057652
0.057659
0.057666
0.057673
0.057680
0.057687
0.057694
0.057701
0.057707
0.057714
0.057721
0.057728
0.057735
0.057742
0.057749
0.057756
0.057763
0.057770
0.057777
0.057784
0.057791
0.057798
0.057805
0.057812
0.057819
0.057826
0.057833
0.057840
0.057847
0.057854
0.057861
0.057868
0.057875
0.057882
0.057889
0.057896
0.057903
0.057910
0.057917
0.057924
0.057931
0.057938
0.057945
0.057952
0.057959
0.057966
0.057973
0.057980
0.057987
0.057994
0.058001
0.058008
0.058015
0.058022
0.058029
0.058036
0.058043
0.058050
0.058057
0.058064
0.058071
0.058078
0.058085
0.058092
0.058099
0.058106
0.058113
0.058120
0.058127
0.058134
0.058141
0.058148
0.058155
0.058162
0.058169
0.058176
0.058183
0.058190
0.058197
0.058204
0.058211
0.058218
0.058225
0.058233
0.058240
0.058247
0.058254
0.058261
0.058268
0.058275
0.058282
0.058289
0.058296
0.058303
0.058310
0.058317
0.058324
0.058331
0.058338
0.058345
0.058352
0.058359
0.058366
0.058373
0.058381
0.058388
0.058395
0.058402
0.058409
0.058416
0.058423
0.058430
0.058437
0.058444
0.058451
0.058458
0.058465
0.058472
0.058479
0.058486
0.058494
0.058501
0.058508
0.058515
0.058522
0.058529
0.058536
0.058543
0.058550
0.058557
0.058564
0.058571
0.058578
0.058585
0.058593
0.058600
0.058607
0.058614
0.058621
0.058628
0.058635
0.058642
0.058649
0.058656
0.058663
0.058671
0.058678
0.058685
0.058692
0.058699
0.058706
0.058713
0.058720
0.058727
0.058734
0.058741
0.058749
0.058756
0.058763
0.058770
0.058777
0.058784
0.058791
0.058798
0.058805
0.058813
0.058820
0.058827
0.058834
0.058841
0.058848
0.058855
0.058862
0.058869
0.058877
0.058884
0.058891
0.058898
0.058905
0.058912
0.058919
0.058926
0.058933
0.058941
0.058948
0.058955
0.058962
0.058969
0.058976
0.058983
0.058990
0.058998
0.059005
0.059012
0.059019
0.059026
0.059033
0.059040
0.059048
0.059055
0.059062
0.059069
0.059076
0.059083
0.059090
0.059098
0.059105
0.059112
0.059119
0.059126
0.059133
0.059140
0.059148
0.059155
0.059162
0.059169
0.059176
0.059183
0.059190
0.059198
0.059205
0.059212
0.059219
0.059226
0.059233
0.059241
0.059248
0.059255
0.059262
0.059269
0.059276
0.059284
0.059291
0.059298
0.059305
0.059312
0.059319
0.059327
0.059334
0.059341
0.059348
0.059355
0.059362
0.059370
0.059377
0.059384
0.059391
0.059398
0.059405
0.059413
0.059420
0.059427
0.059434
0.059441
0.059449
0.059456
0.059463
0.059470
0.059477
0.059484
0.059492
0.059499
0.059506
0.059513
0.059520
0.059528
0.059535
0.059542
0.059549
0.059556
0.059564
0.059571
0.059578
0.059585
0.059592
0.059600
0.059607
0.059614
0.059621
0.059628
0.059636
0.059643
0.059650
0.059657
0.059664
0.059672
0.059679
0.059686
0.059693
0.059701
0.059708
0.059715
0.059722
0.059729
0.059737
0.059744
0.059751
0.059758
0.059765
0.059773
0.059780
0.059787
0.059794
0.059802
0.059809
0.059816
0.059823
0.059831
0.059838
0.059845
0.059852
0.059859
0.059867
0.059874
0.059881
0.059888
0.059896
0.059903
0.059910
0.059917
0.059925
0.059932
0.059939
0.059946
0.059954
0.059961
0.059968
0.059975
0.059983
0.059990
0.059997
0.060004
0.060012
0.060019
0.060026
0.060033
0.060041
0.060048
0.060055
0.060062
0.060070
0.060077
0.060084
0.060091
0.060099
0.060106
0.060113
0.060120
0.060128
0.060135
0.060142
0.060150
0.060157
0.060164
0.060171
0.060179
0.060186
0.060193
0.060200
0.060208
0.060215
0.060222
0.060230
0.060237
0.060244
0.060251
0.060259
0.060266
0.060273
0.060281
0.060288
0.060295
0.060302
0.060310
0.060317
0.060324
0.060332
0.060339
0.060346
0.060353
0.060361
0.060368
0.060375
0.060383
0.060390
0.060397
0.060404
0.060412
0.060419
0.060426
0.060434
0.060441
0.060448
0.060456
0.060463
0.060470
0.060478
0.060485
0.060492
0.060499
0.060507
0.060514
0.060521
0.060529
0.060536
0.060543
0.060551
0.060558
0.060565
0.060573
0.060580
0.060587
0.060595
0.060602
0.060609
0.060617
0.060624
0.060631
0.060638
0.060646
0.060653
0.060660
0.060668
0.060675
0.060682
0.060690
0.060697
0.060704
0.060712
0.060719
0.060727
0.060734
0.060741
0.060749
0.060756
0.060763
0.060771
0.060778
0.060785
0.060793
0.060800
0.060807
0.060815
0.060822
0.060829
0.060837
0.060844
0.060851
0.060859
0.060866
0.060873
0.060881
0.060888
0.060896
0.060903
0.060910
0.060918
0.060925
0.060932
0.060940
0.060947
0.060954
0.060962
0.060969
0.060977
0.060984
0.060991
0.060999
0.061006
0.061013
0.061021
0.061028
0.061035
0.061043
0.061050
0.061058
0.061065
0.061072
0.061080
0.061087
0.061095
0.061102
0.061109
0.061117
0.061124
0.061131
0.061139
0.061146
0.061154
0.061161
0.061168
0.061176
0.061183
0.061191
0.061198
0.061205
0.061213
0.061220
0.061228
0.061235
0.061242
0.061250
0.061257
0.061265
0.061272
0.061279
0.061287
0.061294
0.061302
0.061309
0.061316
0.061324
0.061331
0.061339
0.061346
0.061353
0.061361
0.061368
0.061376
0.061383
0.061391
0.061398
0.061405
0.061413
0.061420
0.061428
0.061435
0.061442
0.061450
0.061457
0.061465
0.061472
0.061480
0.061487
0.061494
0.061502
0.061509
0.061517
0.061524
0.061532
0.061539
0.061547
0.061554
0.061561
0.061569
0.061576
0.061584
0.061591
0.061599
0.061606
0.061613
0.061621
0.061628
0.061636
0.061643
0.061651
0.061658
0.061666
0.061673
0.061681
0.061688
0.061695
0.061703
0.061710
0.061718
0.061725
0.061733
0.061740
0.061748
0.061755
0.061763
0.061770
0.061777
0.061785
0.061792
0.061800
0.061807
0.061815
0.061822
0.061830
0.061837
0.061845
0.061852
0.061860
0.061867
0.061875
0.061882
0.061890
0.061897
0.061905
0.061912
0.061919
0.061927
0.061934
0.061942
0.061949
0.061957
0.061964
0.061972
0.061979
0.061987
0.061994
0.062002
0.062009
0.062017
0.062024
0.062032
0.062039
0.062047
0.062054
0.062062
0.062069
0.062077
0.062084
0.062092
0.062099
0.062107
0.062114
0.062122
0.062129
0.062137
0.062144
0.062152
0.062159
0.062167
0.062174
0.062182
0.062189
0.062197
0.062204
0.062212
0.062219
0.062227
0.062234
0.062242
0.062250
0.062257
0.062265
0.062272
0.062280
0.062287
0.062295
0.062302
0.062310
0.062317
0.062325
0.062332
0.062340
0.062347
0.062355
0.062362
0.062370
0.062378
0.062385
0.062393
0.062400
0.062408
0.062415
0.062423
0.062430
0.062438
0.062445
0.062453
0.062460
0.062468
0.062476
0.062483
0.062491
0.062498
0.062506
0.062513
0.062521
0.062528
0.062536
0.062544
0.062551
0.062559
0.062566
0.062574
0.062581
0.062589
0.062596
0.062604
0.062612
0.062619
0.062627
0.062634
0.062642
0.062649
0.062657
0.062665
0.062672
0.062680
0.062687
0.062695
0.062702
0.062710
0.062718
0.062725
0.062733
0.062740
0.062748
0.062755
0.062763
0.062771
0.062778
0.062786
0.062793
0.062801
0.062809
0.062816
0.062824
0.062831
0.062839
0.062847
0.062854
0.062862
0.062869
0.062877
0.062885
0.062892
0.062900
0.062907
0.062915
0.062922
0.062930
0.062938
0.062945
0.062953
0.062961
0.062968
0.062976
0.062983
0.062991
0.062999
0.063006
0.063014
0.063021
0.063029
0.063037
0.063044
0.063052
0.063059
0.063067
0.063075
0.063082
0.063090
0.063098
0.063105
0.063113
0.063120
0.063128
0.063136
0.063143
0.063151
0.063159
0.063166
0.063174
0.063182
0.063189
0.063197
0.063204
0.063212
0.063220
0.063227
0.063235
0.063243
0.063250
0.063258
0.063266
0.063273
0.063281
0.063288
0.063296
0.063304
0.063311
0.063319
0.063327
0.063334
0.063342
0.063350
0.063357
0.063365
0.063373
0.063380
0.063388
0.063396
0.063403
0.063411
0.063419
0.063426
0.063434
0.063442
0.063449
0.063457
0.063465
0.063472
0.063480
0.063488
0.063495
0.063503
0.063511
0.063518
0.063526
0.063534
0.063541
0.063549
0.063557
0.063564
0.063572
0.063580
0.063587
0.063595
0.063603
0.063610
0.063618
0.063626
0.063633
0.063641
0.063649
0.063657
0.063664
0.063672
0.063680
0.063687
0.063695
0.063703
0.063710
0.063718
0.063726
0.063733
0.063741
0.063749
0.063757
0.063764
0.063772
0.063780
0.063787
0.063795
0.063803
0.063811
0.063818
0.063826
0.063834
0.063841
0.063849
0.063857
0.063864
0.063872
0.063880
0.063888
0.063895
0.063903
0.063911
0.063919
0.063926
0.063934
0.063942
0.063949
0.063957
0.063965
0.063973
0.063980
0.063988
0.063996
0.064004
0.064011
0.064019
0.064027
0.064034
0.064042
0.064050
0.064058
0.064065
0.064073
0.064081
0.064089
0.064096
0.064104
0.064112
0.064120
0.064127
0.064135
0.064143
0.064151
0.064158
0.064166
0.064174
0.064182
0.064189
0.064197
0.064205
0.064213
0.064220
0.064228
0.064236
0.064244
0.064251
0.064259
0.064267
0.064275
0.064282
0.064290
0.064298
0.064306
0.064314
0.064321
0.064329
0.064337
0.064345
0.064352
0.064360
0.064368
0.064376
0.064383
0.064391
0.064399
0.064407
0.064415
0.064422
0.064430
0.064438
0.064446
0.064454
0.064461
0.064469
0.064477
0.064485
0.064492
0.064500
0.064508
0.064516
0.064524
0.064531
0.064539
0.064547
0.064555
0.064563
0.064570
0.064578
0.064586
0.064594
0.064602
0.064609
0.064617
0.064625
0.064633
0.064641
0.064648
0.064656
0.064664
0.064672
0.064680
0.064688
0.064695
0.064703
0.064711
0.064719
0.064727
0.064734
0.064742
0.064750
0.064758
0.064766
0.064774
0.064781
0.064789
0.064797
0.064805
0.064813
0.064820
0.064828
0.064836
0.064844
0.064852
0.064860
0.064867
0.064875
0.064883
0.064891
0.064899
0.064907
0.064915
0.064922
0.064930
0.064938
0.064946
0.064954
0.064962
0.064969
0.064977
0.064985
0.064993
0.065001
0.065009
0.065017
0.065024
0.065032
0.065040
0.065048
0.065056
0.065064
0.065072
0.065079
0.065087
0.065095
0.065103
0.065111
0.065119
0.065127
0.065134
0.065142
0.065150
0.065158
0.065166
0.065174
0.065182
0.065190
0.065197
0.065205
0.065213
0.065221
0.065229
0.065237
0.065245
0.065253
0.065260
0.065268
0.065276
0.065284
0.065292
0.065300
0.065308
0.065316
0.065324
0.065331
0.065339
0.065347
0.065355
0.065363
0.065371
0.065379
0.065387
0.065395
0.065402
0.065410
0.065418
0.065426
0.065434
0.065442
0.065450
0.065458
0.065466
0.065474
0.065482
0.065489
0.065497
0.065505
0.065513
0.065521
0.065529
0.065537
0.065545
0.065553
0.065561
0.065569
0.065576
0.065584
0.065592
0.065600
0.065608
0.065616
0.065624
0.065632
0.065640
0.065648
0.065656
0.065664
0.065672
0.065680
0.065687
0.065695
0.065703
0.065711
0.065719
0.065727
0.065735
0.065743
0.065751
0.065759
0.065767
0.065775
0.065783
0.065791
0.065799
0.065807
0.065815
0.065823
0.065830
0.065838
0.065846
0.065854
0.065862
0.065870
0.065878
0.065886
0.065894
0.065902
0.065910
0.065918
0.065926
0.065934
0.065942
0.065950
0.065958
0.065966
0.065974
0.065982
0.065990
0.065998
0.066006
0.066014
0.066022
0.066030
0.066038
0.066045
0.066053
0.066061
0.066069
0.066077
0.066085
0.066093
0.066101
0.066109
0.066117
0.066125
0.066133
0.066141
0.066149
0.066157
0.066165
0.066173
0.066181
0.066189
0.066197
0.066205
0.066213
0.066221
0.066229
0.066237
0.066245
0.066253
0.066261
0.066269
0.066277
0.066285
0.066293
0.066301
0.066309
0.066317
0.066325
0.066333
0.066341
0.066349
0.066357
0.066365
0.066373
0.066381
0.066389
0.066397
0.066405
0.066413
0.066421
0.066429
0.066437
0.066446
0.066454
0.066462
0.066470
0.066478
0.066486
0.066494
0.066502
0.066510
0.066518
0.066526
0.066534
0.066542
0.066550
0.066558
0.066566
0.066574
0.066582
0.066590
0.066598
0.066606
0.066614
0.066622
0.066630
0.066638
0.066646
0.066655
0.066663
0.066671
0.066679
0.066687
0.066695
0.066703
0.066711
0.066719
0.066727
0.066735
0.066743
0.066751
0.066759
0.066767
0.066775
0.066783
0.066791
0.066800
0.066808
0.066816
0.066824
0.066832
0.066840
0.066848
0.066856
0.066864
0.066872
0.066880
0.066888
0.066896
0.066905
0.066913
0.066921
0.066929
0.066937
0.066945
0.066953
0.066961
0.066969
0.066977
0.066985
0.066993
0.067002
0.067010
0.067018
0.067026
0.067034
0.067042
0.067050
0.067058
0.067066
0.067074
0.067083
0.067091
0.067099
0.067107
0.067115
0.067123
0.067131
0.067139
0.067147
0.067155
0.067164
0.067172
0.067180
0.067188
0.067196
0.067204
0.067212
0.067220
0.067228
0.067237
0.067245
0.067253
0.067261
0.067269
0.067277
0.067285
0.067293
0.067302
0.067310
0.067318
0.067326
0.067334
0.067342
0.067350
0.067358
0.067367
0.067375
0.067383
0.067391
0.067399
0.067407
0.067415
0.067424
0.067432
0.067440
0.067448
0.067456
0.067464
0.067472
0.067481
0.067489
0.067497
0.067505
0.067513
0.067521
0.067530
0.067538
0.067546
0.067554
0.067562
0.067570
0.067578
0.067587
0.067595
0.067603
0.067611
0.067619
0.067627
0.067636
0.067644
0.067652
0.067660
0.067668
0.067676
0.067685
0.067693
0.067701
0.067709
0.067717
0.067726
0.067734
0.067742
0.067750
0.067758
0.067766
0.067775
0.067783
0.067791
0.067799
0.067807
0.067816
0.067824
0.067832
0.067840
0.067848
0.067856
0.067865
0.067873
0.067881
0.067889
0.067897
0.067906
0.067914
0.067922
0.067930
0.067939
0.067947
0.067955
0.067963
0.067971
0.067980
0.067988
0.067996
0.068004
0.068012
0.068021
0.068029
0.068037
0.068045
0.068053
0.068062
0.068070
0.068078
0.068086
0.068095
0.068103
0.068111
0.068119
0.068127
0.068136
0.068144
0.068152
0.068160
0.068169
0.068177
0.068185
0.068193
0.068202
0.068210
0.068218
0.068226
0.068234
0.068243
0.068251
0.068259
0.068267
0.068276
0.068284
0.068292
0.068300
0.068309
0.068317
0.068325
0.068333
0.068342
0.068350
0.068358
0.068366
0.068375
0.068383
0.068391
0.068399
0.068408
0.068416
0.068424
0.068432
0.068441
0.068449
0.068457
0.068466
0.068474
0.068482
0.068490
0.068499
0.068507
0.068515
0.068523
0.068532
0.068540
0.068548
0.068557
0.068565
0.068573
0.068581
0.068590
0.068598
0.068606
0.068615
0.068623
0.068631
0.068639
0.068648
0.068656
0.068664
0.068673
0.068681
0.068689
0.068697
0.068706
0.068714
0.068722
0.068731
0.068739
0.068747
0.068756
0.068764
0.068772
0.068780
0.068789
0.068797
0.068805
0.068814
0.068822
0.068830
0.068839
0.068847
0.068855
0.068864
0.068872
0.068880
0.068888
0.068897
0.068905
0.068913
0.068922
0.068930
0.068938
0.068947
0.068955
0.068963
0.068972
0.068980
0.068988
0.068997
0.069005
0.069013
0.069022
0.069030
0.069038
0.069047
0.069055
0.069063
0.069072
0.069080
0.069088
0.069097
0.069105
0.069113
0.069122
0.069130
0.069138
0.069147
0.069155
0.069163
0.069172
0.069180
0.069189
0.069197
0.069205
0.069214
0.069222
0.069230
0.069239
0.069247
0.069255
0.069264
0.069272
0.069281
0.069289
0.069297
0.069306
0.069314
0.069322
0.069331
0.069339
0.069347
0.069356
0.069364
0.069373
0.069381
0.069389
0.069398
0.069406
0.069414
0.069423
0.069431
0.069440
0.069448
0.069456
0.069465
0.069473
0.069482
0.069490
0.069498
0.069507
0.069515
0.069524
0.069532
0.069540
0.069549
0.069557
0.069565
0.069574
0.069582
0.069591
0.069599
0.069607
0.069616
0.069624
0.069633
0.069641
0.069650
0.069658
0.069666
0.069675
0.069683
0.069692
0.069700
0.069708
0.069717
0.069725
0.069734
0.069742
0.069750
0.069759
0.069767
0.069776
0.069784
0.069793
0.069801
0.069809
0.069818
0.069826
0.069835
0.069843
0.069852
0.069860
0.069868
0.069877
0.069885
0.069894
0.069902
0.069911
0.069919
0.069928
0.069936
0.069944
0.069953
0.069961
0.069970
0.069978
0.069987
0.069995
0.070004
0.070012
0.070020
0.070029
0.070037
0.070046
0.070054
0.070063
0.070071
0.070080
0.070088
0.070097
0.070105
0.070114
0.070122
0.070130
0.070139
0.070147
0.070156
0.070164
0.070173
0.070181
0.070190
0.070198
0.070207
0.070215
0.070224
0.070232
0.070241
0.070249
0.070258
0.070266
0.070275
0.070283
0.070292
0.070300
0.070308
0.070317
0.070325
0.070334
0.070342
0.070351
0.070359
0.070368
0.070376
0.070385
0.070393
0.070402
0.070410
0.070419
0.070427
0.070436
0.070444
0.070453
0.070461
0.070470
0.070478
0.070487
0.070495
0.070504
0.070512
0.070521
0.070529
0.070538
0.070547
0.070555
0.070564
0.070572
0.070581
0.070589
0.070598
0.070606
0.070615
0.070623
0.070632
0.070640
0.070649
0.070657
0.070666
0.070674
0.070683
0.070691
0.070700
0.070709
0.070717
0.070726
0.070734
0.070743
0.070751
0.070760
0.070768
0.070777
0.070785
0.070794
0.070802
0.070811
0.070820
0.070828
0.070837
0.070845
0.070854
0.070862
0.070871
0.070879
0.070888
0.070897
0.070905
0.070914
0.070922
0.070931
0.070939
0.070948
0.070956
0.070965
0.070974
0.070982
0.070991
0.070999
0.071008
0.071016
0.071025
0.071034
0.071042
0.071051
0.071059
0.071068
0.071077
0.071085
0.071094
0.071102
0.071111
0.071119
0.071128
0.071137
0.071145
0.071154
0.071162
0.071171
0.071180
0.071188
0.071197
0.071205
0.071214
0.071223
0.071231
0.071240
0.071248
0.071257
0.071265
0.071274
0.071283
0.071291
0.071300
0.071309
0.071317
0.071326
0.071334
0.071343
0.071352
0.071360
0.071369
0.071377
0.071386
0.071395
0.071403
0.071412
0.071421
0.071429
0.071438
0.071446
0.071455
0.071464
0.071472
0.071481
0.071490
0.071498
0.071507
0.071515
0.071524
0.071533
0.071541
0.071550
0.071559
0.071567
0.071576
0.071584
0.071593
0.071602
0.071610
0.071619
0.071628
0.071636
0.071645
0.071654
0.071662
0.071671
0.071680
0.071688
0.071697
0.071706
0.071714
0.071723
0.071732
0.071740
0.071749
0.071758
0.071766
0.071775
0.071784
0.071792
0.071801
0.071810
0.071818
0.071827
0.071836
0.071844
0.071853
0.071862
0.071870
0.071879
0.071888
0.071896
0.071905
0.071914
0.071922
0.071931
0.071940
0.071948
0.071957
0.071966
0.071974
0.071983
0.071992
0.072000
0.072009
0.072018
0.072027
0.072035
0.072044
0.072053
0.072061
0.072070
0.072079
0.072087
0.072096
0.072105
0.072114
0.072122
0.072131
0.072140
0.072148
0.072157
0.072166
0.072174
0.072183
0.072192
0.072201
0.072209
0.072218
0.072227
0.072235
0.072244
0.072253
0.072262
0.072270
0.072279
0.072288
0.072297
0.072305
0.072314
0.072323
0.072331
0.072340
0.072349
0.072358
0.072366
0.072375
0.072384
0.072393
0.072401
0.072410
0.072419
0.072428
0.072436
0.072445
0.072454
0.072462
0.072471
0.072480
0.072489
0.072497
0.072506
0.072515
0.072524
0.072532
0.072541
0.072550
0.072559
0.072568
0.072576
0.072585
0.072594
0.072603
0.072611
0.072620
0.072629
0.072638
0.072646
0.072655
0.072664
0.072673
0.072681
0.072690
0.072699
0.072708
0.072717
0.072725
0.072734
0.072743
0.072752
0.072760
0.072769
0.072778
0.072787
0.072796
0.072804
0.072813
0.072822
0.072831
0.072840
0.072848
0.072857
0.072866
0.072875
0.072883
0.072892
0.072901
0.072910
0.072919
0.072927
0.072936
0.072945
0.072954
0.072963
0.072972
0.072980
0.072989
0.072998
0.073007
0.073016
0.073024
0.073033
0.073042
0.073051
0.073060
0.073068
0.073077
0.073086
0.073095
0.073104
0.073113
0.073121
0.073130
0.073139
0.073148
0.073157
0.073166
0.073174
0.073183
0.073192
0.073201
0.073210
0.073219
0.073228
0.073236
0.073245
0.073254
0.073263
0.073272
0.073281
0.073290
0.073298
0.073307
0.073316
0.073325
0.073334
0.073343
0.073352
0.073360
0.073369
0.073378
0.073387
0.073396
0.073405
0.073414
0.073423
0.073431
0.073440
0.073449
0.073458
0.073467
0.073476
0.073485
0.073494
0.073502
0.073511
0.073520
0.073529
0.073538
0.073547
0.073556
0.073565
0.073573
0.073582
0.073591
0.073600
0.073609
0.073618
0.073627
0.073636
0.073645
0.073654
0.073662
0.073671
0.073680
0.073689
0.073698
0.073707
0.073716
0.073725
0.073734
0.073743
0.073752
0.073760
0.073769
0.073778
0.073787
0.073796
0.073805
0.073814
0.073823
0.073832
0.073841
0.073850
0.073859
0.073867
0.073876
0.073885
0.073894
0.073903
0.073912
0.073921
0.073930
0.073939
0.073948
0.073957
0.073966
0.073975
0.073984
0.073993
0.074001
0.074010
0.074019
0.074028
0.074037
0.074046
0.074055
0.074064
0.074073
0.074082
0.074091
0.074100
0.074109
0.074118
0.074127
0.074136
0.074145
0.074154
0.074163
0.074172
0.074181
0.074189
0.074198
0.074207
0.074216
0.074225
0.074234
0.074243
0.074252
0.074261
0.074270
0.074279
0.074288
0.074297
0.074306
0.074315
0.074324
0.074333
0.074342
0.074351
0.074360
0.074369
0.074378
0.074387
0.074396
0.074405
0.074414
0.074423
0.074432
0.074441
0.074450
0.074459
0.074468
0.074477
0.074486
0.074495
0.074504
0.074513
0.074522
0.074531
0.074540
0.074549
0.074558
0.074567
0.074576
0.074585
0.074594
0.074603
0.074612
0.074621
0.074630
0.074639
0.074648
0.074657
0.074666
0.074675
0.074684
0.074693
0.074702
0.074711
0.074720
0.074729
0.074738
0.074747
0.074756
0.074765
0.074774
0.074783
0.074792
0.074802
0.074811
0.074820
0.074829
0.074838
0.074847
0.074856
0.074865
0.074874
0.074883
0.074892
0.074901
0.074910
0.074919
0.074928
0.074937
0.074946
0.074955
0.074964
0.074973
0.074982
0.074992
0.075001
0.075010
0.075019
0.075028
0.075037
0.075046
0.075055
0.075064
0.075073
0.075082
0.075091
0.075100
0.075109
0.075118
0.075128
0.075137
0.075146
0.075155
0.075164
0.075173
0.075182
0.075191
0.075200
0.075209
0.075218
0.075227
0.075237
0.075246
0.075255
0.075264
0.075273
0.075282
0.075291
0.075300
0.075309
0.075318
0.075327
0.075337
0.075346
0.075355
0.075364
0.075373
0.075382
0.075391
0.075400
0.075409
0.075419
0.075428
0.075437
0.075446
0.075455
0.075464
0.075473
0.075482
0.075491
0.075501
0.075510
0.075519
0.075528
0.075537
0.075546
0.075555
0.075564
0.075574
0.075583
0.075592
0.075601
0.075610
0.075619
0.075628
0.075638
0.075647
0.075656
0.075665
0.075674
0.075683
0.075692
0.075701
0.075711
0.075720
0.075729
0.075738
0.075747
0.075756
0.075766
0.075775
0.075784
0.075793
0.075802
0.075811
0.075820
0.075830
0.075839
0.075848
0.075857
0.075866
0.075875
0.075885
0.075894
0.075903
0.075912
0.075921
0.075930
0.075940
0.075949
0.075958
0.075967
0.075976
0.075986
0.075995
0.076004
0.076013
0.076022
0.076031
0.076041
0.076050
0.076059
0.076068
0.076077
0.076087
0.076096
0.076105
0.076114
0.076123
0.076133
0.076142
0.076151
0.076160
0.076169
0.076179
0.076188
0.076197
0.076206
0.076215
0.076225
0.076234
0.076243
0.076252
0.076261
0.076271
0.076280
0.076289
0.076298
0.076307
0.076317
0.076326
0.076335
0.076344
0.076354
0.076363
0.076372
0.076381
0.076390
0.076400
0.076409
0.076418
0.076427
0.076437
0.076446
0.076455
0.076464
0.076474
0.076483
0.076492
0.076501
0.076511
0.076520
0.076529
0.076538
0.076547
0.076557
0.076566
0.076575
0.076585
0.076594
0.076603
0.076612
0.076622
0.076631
0.076640
0.076649
0.076659
0.076668
0.076677
0.076686
0.076696
0.076705
0.076714
0.076723
0.076733
0.076742
0.076751
0.076760
0.076770
0.076779
0.076788
0.076798
0.076807
0.076816
0.076825
0.076835
0.076844
0.076853
0.076863
0.076872
0.076881
0.076890
0.076900
0.076909
0.076918
0.076928
0.076937
0.076946
0.076955
0.076965
0.076974
0.076983
0.076993
0.077002
0.077011
0.077020
0.077030
0.077039
0.077048
0.077058
0.077067
0.077076
0.077086
0.077095
0.077104
0.077114
0.077123
0.077132
0.077142
0.077151
0.077160
0.077169
0.077179
0.077188
0.077197
0.077207
0.077216
0.077225
0.077235
0.077244
0.077253
0.077263
0.077272
0.077281
0.077291
0.077300
0.077309
0.077319
0.077328
0.077337
0.077347
0.077356
0.077365
0.077375
0.077384
0.077393
0.077403
0.077412
0.077422
0.077431
0.077440
0.077450
0.077459
0.077468
0.077478
0.077487
0.077496
0.077506
0.077515
0.077524
0.077534
0.077543
0.077553
0.077562
0.077571
0.077581
0.077590
0.077599
0.077609
0.077618
0.077628
0.077637
0.077646
0.077656
0.077665
0.077674
0.077684
0.077693
0.077703
0.077712
0.077721
0.077731
0.077740
0.077749
0.077759
0.077768
0.077778
0.077787
0.077796
0.077806
0.077815
0.077825
0.077834
0.077843
0.077853
0.077862
0.077872
0.077881
0.077890
0.077900
0.077909
0.077919
0.077928
0.077938
0.077947
0.077956
0.077966
0.077975
0.077985
0.077994
0.078003
0.078013
0.078022
0.078032
0.078041
0.078051
0.078060
0.078069
0.078079
0.078088
0.078098
0.078107
0.078117
0.078126
0.078135
0.078145
0.078154
0.078164
0.078173
0.078183
0.078192
0.078202
0.078211
0.078220
0.078230
0.078239
0.078249
0.078258
0.078268
0.078277
0.078287
0.078296
0.078305
0.078315
0.078324
0.078334
0.078343
0.078353
0.078362
0.078372
0.078381
0.078391
0.078400
0.078410
0.078419
0.078428
0.078438
0.078447
0.078457
0.078466
0.078476
0.078485
0.078495
0.078504
0.078514
0.078523
0.078533
0.078542
0.078552
0.078561
0.078571
0.078580
0.078590
0.078599
0.078609
0.078618
0.078628
0.078637
0.078647
0.078656
0.078666
0.078675
0.078685
0.078694
0.078704
0.078713
0.078723
0.078732
0.078742
0.078751
0.078761
0.078770
0.078780
0.078789
0.078799
0.078808
0.078818
0.078827
0.078837
0.078846
0.078856
0.078865
0.078875
0.078884
0.078894
0.078903
0.078913
0.078923
0.078932
0.078942
0.078951
0.078961
0.078970
0.078980
0.078989
0.078999
0.079008
0.079018
0.079027
0.079037
0.079046
0.079056
0.079066
0.079075
0.079085
0.079094
0.079104
0.079113
0.079123
0.079132
0.079142
0.079152
0.079161
0.079171
0.079180
0.079190
0.079199
0.079209
0.079219
0.079228
0.079238
0.079247
0.079257
0.079266
0.079276
0.079285
0.079295
0.079305
0.079314
0.079324
0.079333
0.079343
0.079353
0.079362
0.079372
0.079381
0.079391
0.079400
0.079410
0.079420
0.079429
0.079439
0.079448
0.079458
0.079468
0.079477
0.079487
0.079496
0.079506
0.079516
0.079525
0.079535
0.079544
0.079554
0.079564
0.079573
0.079583
0.079592
0.079602
0.079612
0.079621
0.079631
0.079640
0.079650
0.079660
0.079669
0.079679
0.079689
0.079698
0.079708
0.079717
0.079727
0.079737
0.079746
0.079756
0.079766
0.079775
0.079785
0.079794
0.079804
0.079814
0.079823
0.079833
0.079843
0.079852
0.079862
0.079872
0.079881
0.079891
0.079901
0.079910
0.079920
0.079929
0.079939
0.079949
0.079958
0.079968
0.079978
0.079987
0.079997
0.080007
0.080016
0.080026
0.080036
0.080045
0.080055
0.080065
0.080074
0.080084
0.080094
0.080103
0.080113
0.080123
0.080132
0.080142
0.080152
0.080161
0.080171
0.080181
0.080190
0.080200
0.080210
0.080220
0.080229
0.080239
0.080249
0.080258
0.080268
0.080278
0.080287
0.080297
0.080307
0.080316
0.080326
0.080336
0.080346
0.080355
0.080365
0.080375
0.080384
0.080394
0.080404
0.080413
0.080423
0.080433
0.080443
0.080452
0.080462
0.080472
0.080481
0.080491
0.080501
0.080511
0.080520
0.080530
0.080540
0.080549
0.080559
0.080569
0.080579
0.080588
0.080598
0.080608
0.080618
0.080627
0.080637
0.080647
0.080657
0.080666
0.080676
0.080686
0.080695
0.080705
0.080715
0.080725
0.080734
0.080744
0.080754
0.080764
0.080773
0.080783
0.080793
0.080803
0.080812
0.080822
0.080832
0.080842
0.080851
0.080861
0.080871
0.080881
0.080891
0.080900
0.080910
0.080920
0.080930
0.080939
0.080949
0.080959
0.080969
0.080978
0.080988
0.080998
0.081008
0.081018
0.081027
0.081037
0.081047
0.081057
0.081067
0.081076
0.081086
0.081096
0.081106
0.081115
0.081125
0.081135
0.081145
0.081155
0.081164
0.081174
0.081184
0.081194
0.081204
0.081213
0.081223
0.081233
0.081243
0.081253
0.081262
0.081272
0.081282
0.081292
0.081302
0.081312
0.081321
0.081331
0.081341
0.081351
0.081361
0.081370
0.081380
0.081390
0.081400
0.081410
0.081420
0.081429
0.081439
0.081449
0.081459
0.081469
0.081479
0.081488
0.081498
0.081508
0.081518
0.081528
0.081538
0.081547
0.081557
0.081567
0.081577
0.081587
0.081597
0.081607
0.081616
0.081626
0.081636
0.081646
0.081656
0.081666
0.081675
0.081685
0.081695
0.081705
0.081715
0.081725
0.081735
0.081745
0.081754
0.081764
0.081774
0.081784
0.081794
0.081804
0.081814
0.081824
0.081833
0.081843
0.081853
0.081863
0.081873
0.081883
0.081893
0.081903
0.081912
0.081922
0.081932
0.081942
0.081952
0.081962
0.081972
0.081982
0.081992
0.082001
0.082011
0.082021
0.082031
0.082041
0.082051
0.082061
0.082071
0.082081
0.082091
0.082101
0.082110
0.082120
0.082130
0.082140
0.082150
0.082160
0.082170
0.082180
0.082190
0.082200
0.082210
0.082220
0.082229
0.082239
0.082249
0.082259
0.082269
0.082279
0.082289
0.082299
0.082309
0.082319
0.082329
0.082339
0.082349
0.082359
0.082369
0.082378
0.082388
0.082398
0.082408
0.082418
0.082428
0.082438
0.082448
0.082458
0.082468
0.082478
0.082488
0.082498
0.082508
0.082518
0.082528
0.082538
0.082548
0.082558
0.082568
0.082578
0.082588
0.082597
0.082607
0.082617
0.082627
0.082637
0.082647
0.082657
0.082667
0.082677
0.082687
0.082697
0.082707
0.082717
0.082727
0.082737
0.082747
0.082757
0.082767
0.082777
0.082787
0.082797
0.082807
0.082817
0.082827
0.082837
0.082847
0.082857
0.082867
0.082877
0.082887
0.082897
0.082907
0.082917
0.082927
0.082937
0.082947
0.082957
0.082967
0.082977
0.082987
0.082997
0.083007
0.083017
0.083027
0.083037
0.083047
0.083057
0.083067
0.083077
0.083087
0.083097
0.083107
0.083117
0.083128
0.083138
0.083148
0.083158
0.083168
0.083178
0.083188
0.083198
0.083208
0.083218
0.083228
0.083238
0.083248
0.083258
0.083268
0.083278
0.083288
0.083298
0.083308
0.083318
0.083328
0.083338
0.083349
0.083359
0.083369
0.083379
0.083389
0.083399
0.083409
0.083419
0.083429
0.083439
0.083449
0.083459
0.083469
0.083479
0.083489
0.083500
0.083510
0.083520
0.083530
0.083540
0.083550
0.083560
0.083570
0.083580
0.083590
0.083600
0.083610
0.083621
0.083631
0.083641
0.083651
0.083661
0.083671
0.083681
0.083691
0.083701
0.083711
0.083721
0.083732
0.083742
0.083752
0.083762
0.083772
0.083782
0.083792
0.083802
0.083812
0.083823
0.083833
0.083843
0.083853
0.083863
0.083873
0.083883
0.083893
0.083904
0.083914
0.083924
0.083934
0.083944
0.083954
0.083964
0.083974
0.083985
0.083995
0.084005
0.084015
0.084025
0.084035
0.084045
0.084056
0.084066
0.084076
0.084086
0.084096
0.084106
0.084116
0.084127
0.084137
0.084147
0.084157
0.084167
0.084177
0.084187
0.084198
0.084208
0.084218
0.084228
0.084238
0.084248
0.084259
0.084269
0.084279
0.084289
0.084299
0.084310
0.084320
0.084330
0.084340
0.084350
0.084360
0.084371
0.084381
0.084391
0.084401
0.084411
0.084421
0.084432
0.084442
0.084452
0.084462
0.084472
0.084483
0.084493
0.084503
0.084513
0.084523
0.084534
0.084544
0.084554
0.084564
0.084574
0.084585
0.084595
0.084605
0.084615
0.084625
0.084636
0.084646
0.084656
0.084666
0.084677
0.084687
0.084697
0.084707
0.084717
0.084728
0.084738
0.084748
0.084758
0.084768
0.084779
0.084789
0.084799
0.084809
0.084820
0.084830
0.084840
0.084850
0.084861
0.084871
0.084881
0.084891
0.084902
0.084912
0.084922
0.084932
0.084943
0.084953
0.084963
0.084973
0.084984
0.084994
0.085004
0.085014
0.085025
0.085035
0.085045
0.085055
0.085066
0.085076
0.085086
0.085096
0.085107
0.085117
0.085127
0.085138
0.085148
0.085158
0.085168
0.085179
0.085189
0.085199
0.085209
0.085220
0.085230
0.085240
0.085251
0.085261
0.085271
0.085281
0.085292
0.085302
0.085312
0.085323
0.085333
0.085343
0.085353
0.085364
0.085374
0.085384
0.085395
0.085405
0.085415
0.085426
0.085436
0.085446
0.085457
0.085467
0.085477
0.085487
0.085498
0.085508
0.085518
0.085529
0.085539
0.085549
0.085560
0.085570
0.085580
0.085591
0.085601
0.085611
0.085622
0.085632
0.085642
0.085653
0.085663
0.085673
0.085684
0.085694
0.085704
0.085715
0.085725
0.085735
0.085746
0.085756
0.085766
0.085777
0.085787
0.085797
0.085808
0.085818
0.085828
0.085839
0.085849
0.085860
0.085870
0.085880
0.085891
0.085901
0.085911
0.085922
0.085932
0.085942
0.085953
0.085963
0.085974
0.085984
0.085994
0.086005
0.086015
0.086025
0.086036
0.086046
0.086057
0.086067
0.086077
0.086088
0.086098
0.086108
0.086119
0.086129
0.086140
0.086150
0.086160
0.086171
0.086181
0.086192
0.086202
0.086212
0.086223
0.086233
0.086244
0.086254
0.086264
0.086275
0.086285
0.086296
0.086306
0.086316
0.086327
0.086337
0.086348
0.086358
0.086369
0.086379
0.086389
0.086400
0.086410
0.086421
0.086431
0.086442
0.086452
0.086462
0.086473
0.086483
0.086494
0.086504
0.086515
0.086525
0.086535
0.086546
0.086556
0.086567
0.086577
0.086588
0.086598
0.086609
0.086619
0.086629
0.086640
0.086650
0.086661
0.086671
0.086682
0.086692
0.086703
0.086713
0.086723
0.086734
0.086744
0.086755
0.086765
0.086776
0.086786
0.086797
0.086807
0.086818
0.086828
0.086839
0.086849
0.086860
0.086870
0.086881
0.086891
0.086902
0.086912
0.086923
0.086933
0.086943
0.086954
0.086964
0.086975
0.086985
0.086996
0.087006
0.087017
0.087027
0.087038
0.087048
0.087059
0.087069
0.087080
0.087090
0.087101
0.087111
0.087122
0.087132
0.087143
0.087153
0.087164
0.087174
0.087185
0.087196
0.087206
0.087217
0.087227
0.087238
0.087248
0.087259
0.087269
0.087280
0.087290
0.087301
0.087311
0.087322
0.087332
0.087343
0.087353
0.087364
0.087374
0.087385
0.087396
0.087406
0.087417
0.087427
0.087438
0.087448
0.087459
0.087469
0.087480
0.087490
0.087501
0.087512
0.087522
0.087533
0.087543
0.087554
0.087564
0.087575
0.087586
0.087596
0.087607
0.087617
0.087628
0.087638
0.087649
0.087659
0.087670
0.087681
0.087691
0.087702
0.087712
0.087723
0.087734
0.087744
0.087755
0.087765
0.087776
0.087786
0.087797
0.087808
0.087818
0.087829
0.087839
0.087850
0.087861
0.087871
0.087882
0.087892
0.087903
0.087914
0.087924
0.087935
0.087945
0.087956
0.087967
0.087977
0.087988
0.087998
0.088009
0.088020
0.088030
0.088041
0.088052
0.088062
0.088073
0.088083
0.088094
0.088105
0.088115
0.088126
0.088136
0.088147
0.088158
0.088168
0.088179
0.088190
0.088200
0.088211
0.088222
0.088232
0.088243
0.088253
0.088264
0.088275
0.088285
0.088296
0.088307
0.088317
0.088328
0.088339
0.088349
0.088360
0.088371
0.088381
0.088392
0.088403
0.088413
0.088424
0.088435
0.088445
0.088456
0.088467
0.088477
0.088488
0.088499
0.088509
0.088520
0.088531
0.088541
0.088552
0.088563
0.088573
0.088584
0.088595
0.088605
0.088616
0.088627
0.088637
0.088648
0.088659
0.088670
0.088680
0.088691
0.088702
0.088712
0.088723
0.088734
0.088744
0.088755
0.088766
0.088777
0.088787
0.088798
0.088809
0.088819
0.088830
0.088841
0.088852
0.088862
0.088873
0.088884
0.088894
0.088905
0.088916
0.088927
0.088937
0.088948
0.088959
0.088969
0.088980
0.088991
0.089002
0.089012
0.089023
0.089034
0.089045
0.089055
0.089066
0.089077
0.089088
0.089098
0.089109
0.089120
0.089130
0.089141
0.089152
0.089163
0.089173
0.089184
0.089195
0.089206
0.089217
0.089227
0.089238
0.089249
0.089260
0.089270
0.089281
0.089292
0.089303
0.089313
0.089324
0.089335
0.089346
0.089356
0.089367
0.089378
0.089389
0.089400
0.089410
0.089421
0.089432
0.089443
0.089453
0.089464
0.089475
0.089486
0.089497
0.089507
0.089518
0.089529
0.089540
0.089551
0.089561
0.089572
0.089583
0.089594
0.089605
0.089615
0.089626
0.089637
0.089648
0.089659
0.089669
0.089680
0.089691
0.089702
0.089713
0.089724
0.089734
0.089745
0.089756
0.089767
0.089778
0.089788
0.089799
0.089810
0.089821
0.089832
0.089843
0.089853
0.089864
0.089875
0.089886
0.089897
0.089908
0.089918
0.089929
0.089940
0.089951
0.089962
0.089973
0.089984
0.089994
0.090005
0.090016
0.090027
0.090038
0.090049
0.090060
0.090070
0.090081
0.090092
0.090103
0.090114
0.090125
0.090136
0.090146
0.090157
0.090168
0.090179
0.090190
0.090201
0.090212
0.090223
0.090233
0.090244
0.090255
0.090266
0.090277
0.090288
0.090299
0.090310
0.090320
0.090331
0.090342
0.090353
0.090364
0.090375
0.090386
0.090397
0.090408
0.090419
0.090429
0.090440
0.090451
0.090462
0.090473
0.090484
0.090495
0.090506
0.090517
0.090528
0.090538
0.090549
0.090560
0.090571
0.090582
0.090593
0.090604
0.090615
0.090626
0.090637
0.090648
0.090659
0.090670
0.090681
0.090691
0.090702
0.090713
0.090724
0.090735
0.090746
0.090757
0.090768
0.090779
0.090790
0.090801
0.090812
0.090823
0.090834
0.090845
0.090856
0.090867
0.090877
0.090888
0.090899
0.090910
0.090921
0.090932
0.090943
0.090954
0.090965
0.090976
0.090987
0.090998
0.091009
0.091020
0.091031
0.091042
0.091053
0.091064
0.091075
0.091086
0.091097
0.091108
0.091119
0.091130
0.091141
0.091152
0.091163
0.091174
0.091185
0.091196
0.091207
0.091218
0.091229
0.091240
0.091251
0.091262
0.091273
0.091284
0.091295
0.091306
0.091317
0.091328
0.091339
0.091350
0.091361
0.091372
0.091383
0.091394
0.091405
0.091416
0.091427
0.091438
0.091449
0.091460
0.091471
0.091482
0.091493
0.091504
0.091515
0.091526
0.091537
0.091548
0.091559
0.091570
0.091581
0.091592
0.091603
0.091614
0.091625
0.091636
0.091648
0.091659
0.091670
0.091681
0.091692
0.091703
0.091714
0.091725
0.091736
0.091747
0.091758
0.091769
0.091780
0.091791
0.091802
0.091813
0.091824
0.091836
0.091847
0.091858
0.091869
0.091880
0.091891
0.091902
0.091913
0.091924
0.091935
0.091946
0.091957
0.091968
0.091980
0.091991
0.092002
0.092013
0.092024
0.092035
0.092046
0.092057
0.092068
0.092079
0.092090
0.092102
0.092113
0.092124
0.092135
0.092146
0.092157
0.092168
0.092179
0.092190
0.092202
0.092213
0.092224
0.092235
0.092246
0.092257
0.092268
0.092279
0.092290
0.092302
0.092313
0.092324
0.092335
0.092346
0.092357
0.092368
0.092380
0.092391
0.092402
0.092413
0.092424
0.092435
0.092446
0.092457
0.092469
0.092480
0.092491
0.092502
0.092513
0.092524
0.092535
0.092547
0.092558
0.092569
0.092580
0.092591
0.092602
0.092614
0.092625
0.092636
0.092647
0.092658
0.092669
0.092681
0.092692
0.092703
0.092714
0.092725
0.092736
0.092748
0.092759
0.092770
0.092781
0.092792
0.092804
0.092815
0.092826
0.092837
0.092848
0.092859
0.092871
0.092882
0.092893
0.092904
0.092915
0.092927
0.092938
0.092949
0.092960
0.092971
0.092983
0.092994
0.093005
0.093016
0.093027
0.093039
0.093050
0.093061
0.093072
0.093084
0.093095
0.093106
0.093117
0.093128
0.093140
0.093151
0.093162
0.093173
0.093185
0.093196
0.093207
0.093218
0.093229
0.093241
0.093252
0.093263
0.093274
0.093286
0.093297
0.093308
0.093319
0.093331
0.093342
0.093353
0.093364
0.093376
0.093387
0.093398
0.093409
0.093421
0.093432
0.093443
0.093454
0.093466
0.093477
0.093488
0.093500
0.093511
0.093522
0.093533
0.093545
0.093556
0.093567
0.093578
0.093590
0.093601
0.093612
0.093624
0.093635
0.093646
0.093657
0.093669
0.093680
0.093691
0.093703
0.093714
0.093725
0.093736
0.093748
0.093759
0.093770
0.093782
0.093793
0.093804
0.093815
0.093827
0.093838
0.093849
0.093861
0.093872
0.093883
0.093895
0.093906
0.093917
0.093929
0.093940
0.093951
0.093963
0.093974
0.093985
0.093997
0.094008
0.094019
0.094031
0.094042
0.094053
0.094065
0.094076
0.094087
0.094099
0.094110
0.094121
0.094133
0.094144
0.094155
0.094167
0.094178
0.094189
0.094201
0.094212
0.094223
0.094235
0.094246
0.094257
0.094269
0.094280
0.094291
0.094303
0.094314
0.094326
0.094337
0.094348
0.094360
0.094371
0.094382
0.094394
0.094405
0.094417
0.094428
0.094439
0.094451
0.094462
0.094473
0.094485
0.094496
0.094508
0.094519
0.094530
0.094542
0.094553
0.094565
0.094576
0.094587
0.094599
0.094610
0.094621
0.094633
0.094644
0.094656
0.094667
0.094679
0.094690
0.094701
0.094713
0.094724
0.094736
0.094747
0.094758
0.094770
0.094781
0.094793
0.094804
0.094815
0.094827
0.094838
0.094850
0.094861
0.094873
0.094884
0.094895
0.094907
0.094918
0.094930
0.094941
0.094953
0.094964
0.094976
0.094987
0.094998
0.095010
0.095021
0.095033
0.095044
0.095056
0.095067
0.095079
0.095090
0.095102
0.095113
0.095124
0.095136
0.095147
0.095159
0.095170
0.095182
0.095193
0.095205
0.095216
0.095228
0.095239
0.095251
0.095262
0.095274
0.095285
0.095296
0.095308
0.095319
0.095331
0.095342
0.095354
0.095365
0.095377
0.095388
0.095400
0.095411
0.095423
0.095434
0.095446
0.095457
0.095469
0.095480
0.095492
0.095503
0.095515
0.095526
0.095538
0.095549
0.095561
0.095572
0.095584
0.095595
0.095607
0.095618
0.095630
0.095641
0.095653
0.095665
0.095676
0.095688
0.095699
0.095711
0.095722
0.095734
0.095745
0.095757
0.095768
0.095780
0.095791
0.095803
0.095814
0.095826
0.095838
0.095849
0.095861
0.095872
0.095884
0.095895
0.095907
0.095918
0.095930
0.095941
0.095953
0.095965
0.095976
0.095988
0.095999
0.096011
0.096022
0.096034
0.096046
0.096057
0.096069
0.096080
0.096092
0.096103
0.096115
0.096126
0.096138
0.096149
0.096161
0.096172
0.096184
0.096195
0.096207
0.096218
0.096230
0.096241
0.096253
0.096264
0.096276
0.096287
0.096299
0.096310
0.096322
0.096333
0.096345
0.096356
0.096368
0.096379
0.096391
0.096402
0.096414
0.096425
0.096437
0.096448
0.096460
0.096471
0.096483
0.096495
0.096506
0.096518
0.096529
0.096541
0.096552
0.096564
0.096575
0.096587
0.096598
0.096610
0.096621
0.096633
0.096644
0.096656
0.096667
0.096679
0.096691
0.096702
0.096714
0.096725
0.096737
0.096748
0.096760
0.096771
0.096783
0.096795
0.096806
0.096818
0.096829
0.096841
0.096852
0.096864
0.096875
0.096887
0.096899
0.096910
0.096922
0.096933
0.096945
0.096956
0.096968
0.096980
0.096991
0.097003
0.097014
0.097026
0.097038
0.097049
0.097061
0.097072
0.097084
0.097095
0.097107
0.097119
0.097130
0.097142
0.097153
0.097165
0.097177
0.097188
0.097200
0.097211
0.097223
0.097235
0.097246
0.097258
0.097270
0.097281
0.097293
0.097304
0.097316
0.097328
0.097339
0.097351
0.097362
0.097374
0.097386
0.097397
0.097409
0.097421
0.097432
0.097444
0.097456
0.097467
0.097479
0.097490
0.097502
0.097514
0.097525
0.097537
0.097549
0.097560
0.097572
0.097584
0.097595
0.097607
0.097619
0.097630
0.097642
0.097654
0.097665
0.097677
0.097689
0.097700
0.097712
0.097724
0.097735
0.097747
0.097759
0.097770
0.097782
0.097794
0.097805
0.097817
0.097829
0.097840
0.097852
0.097864
0.097875
0.097887
0.097899
0.097910
0.097922
0.097934
0.097945
0.097957
0.097969
0.097980
0.097992
0.098004
0.098016
0.098027
0.098039
0.098051
0.098062
0.098074
0.098086
0.098098
0.098109
0.098121
0.098133
0.098144
0.098156
0.098168
0.098180
0.098191
0.098203
0.098215
0.098226
0.098238
0.098250
0.098262
0.098273
0.098285
0.098297
0.098309
0.098320
0.098332
0.098344
0.098355
0.098367
0.098379
0.098391
0.098402
0.098414
0.098426
0.098438
0.098449
0.098461
0.098473
0.098485
0.098496
0.098508
0.098520
0.098532
0.098544
0.098555
0.098567
0.098579
0.098591
0.098602
0.098614
0.098626
0.098638
0.098649
0.098661
0.098673
0.098685
0.098697
0.098708
0.098720
0.098732
0.098744
0.098755
0.098767
0.098779
0.098791
0.098803
0.098814
0.098826
0.098838
0.098850
0.098862
0.098873
0.098885
0.098897
0.098909
0.098921
0.098932
0.098944
0.098956
0.098968
0.098980
0.098991
0.099003
0.099015
0.099027
0.099039
0.099051
0.099062
0.099074
0.099086
0.099098
0.099110
0.099122
0.099133
0.099145
0.099157
0.099169
0.099181
0.099193
0.099204
0.099216
0.099228
0.099240
0.099252
0.099264
0.099275
0.099287
0.099299
0.099311
0.099323
0.099335
0.099347
0.099358
0.099370
0.099382
0.099394
0.099406
0.099418
0.099430
0.099441
0.099453
0.099465
0.099477
0.099489
0.099501
0.099513
0.099525
0.099536
0.099548
0.099560
0.099572
0.099584
0.099596
0.099608
0.099620
0.099632
0.099643
0.099655
0.099667
0.099679
0.099691
0.099703
0.099715
0.099727
0.099739
0.099751
0.099762
0.099774
0.099786
0.099798
0.099810
0.099822
0.099834
0.099846
0.099858
0.099870
0.099882
0.099893
0.099905
0.099917
0.099929
0.099941
0.099953
0.099965
0.099977
0.099989
0.100001
0.100013
0.100025
0.100037
0.100049
0.100060
0.100072
0.100084
0.100096
0.100108
0.100120
0.100132
0.100144
0.100156
0.100168
0.100180
0.100192
0.100204
0.100216
0.100228
0.100240
0.100252
0.100264
0.100276
0.100288
0.100300
0.100312
0.100324
0.100336
0.100347
0.100359
0.100371
0.100383
0.100395
0.100407
0.100419
0.100431
0.100443
0.100455
0.100467
0.100479
0.100491
0.100503
0.100515
0.100527
0.100539
0.100551
0.100563
0.100575
0.100587
0.100599
0.100611
0.100623
0.100635
0.100647
0.100659
0.100671
0.100683
0.100695
0.100707
0.100719
0.100731
0.100743
0.100755
0.100767
0.100779
0.100791
0.100804
0.100816
0.100828
0.100840
0.100852
0.100864
0.100876
0.100888
0.100900
0.100912
0.100924
0.100936
0.100948
0.100960
0.100972
0.100984
0.100996
0.101008
0.101020
0.101032
0.101044
0.101056
0.101068
0.101081
0.101093
0.101105
0.101117
0.101129
0.101141
0.101153
0.101165
0.101177
0.101189
0.101201
0.101213
0.101225
0.101237
0.101249
0.101262
0.101274
0.101286
0.101298
0.101310
0.101322
0.101334
0.101346
0.101358
0.101370
0.101382
0.101395
0.101407
0.101419
0.101431
0.101443
0.101455
0.101467
0.101479
0.101491
0.101503
0.101516
0.101528
0.101540
0.101552
0.101564
0.101576
0.101588
0.101600
0.101613
0.101625
0.101637
0.101649
0.101661
0.101673
0.101685
0.101697
0.101710
0.101722
0.101734
0.101746
0.101758
0.101770
0.101782
0.101794
0.101807
0.101819
0.101831
0.101843
0.101855
0.101867
0.101880
0.101892
0.101904
0.101916
0.101928
0.101940
0.101952
0.101965
0.101977
0.101989
0.102001
0.102013
0.102026
0.102038
0.102050
0.102062
0.102074
0.102086
0.102099
0.102111
0.102123
0.102135
0.102147
0.102159
0.102172
0.102184
0.102196
0.102208
0.102220
0.102233
0.102245
0.102257
0.102269
0.102281
0.102294
0.102306
0.102318
0.102330
0.102342
0.102355
0.102367
0.102379
0.102391
0.102403
0.102416
0.102428
0.102440
0.102452
0.102465
0.102477
0.102489
0.102501
0.102513
0.102526
0.102538
0.102550
0.102562
0.102575
0.102587
0.102599
0.102611
0.102624
0.102636
0.102648
0.102660
0.102673
0.102685
0.102697
0.102709
0.102722
0.102734
0.102746
0.102758
0.102771
0.102783
0.102795
0.102807
0.102820
0.102832
0.102844
0.102856
0.102869
0.102881
0.102893
0.102905
0.102918
0.102930
0.102942
0.102955
0.102967
0.102979
0.102991
0.103004
0.103016
0.103028
0.103041
0.103053
0.103065
0.103077
0.103090
0.103102
0.103114
0.103127
0.103139
0.103151
0.103164
0.103176
0.103188
0.103200
0.103213
0.103225
0.103237
0.103250
0.103262
0.103274
0.103287
0.103299
0.103311
0.103324
0.103336
0.103348
0.103361
0.103373
0.103385
0.103398
0.103410
0.103422
0.103435
0.103447
0.103459
0.103472
0.103484
0.103496
0.103509
0.103521
0.103533
0.103546
0.103558
0.103570
0.103583
0.103595
0.103607
0.103620
0.103632
0.103645
0.103657
0.103669
0.103682
0.103694
0.103706
0.103719
0.103731
0.103743
0.103756
0.103768
0.103781
0.103793
0.103805
0.103818
0.103830
0.103842
0.103855
0.103867
0.103880
0.103892
0.103904
0.103917
0.103929
0.103942
0.103954
0.103966
0.103979
0.103991
0.104004
0.104016
0.104028
0.104041
0.104053
0.104066
0.104078
0.104090
0.104103
0.104115
0.104128
0.104140
0.104152
0.104165
0.104177
0.104190
0.104202
0.104215
0.104227
0.104239
0.104252
0.104264
0.104277
0.104289
0.104302
0.104314
0.104327
0.104339
0.104351
0.104364
0.104376
0.104389
0.104401
0.104414
0.104426
0.104438
0.104451
0.104463
0.104476
0.104488
0.104501
0.104513
0.104526
0.104538
0.104551
0.104563
0.104576
0.104588
0.104601
0.104613
0.104625
0.104638
0.104650
0.104663
0.104675
0.104688
0.104700
0.104713
0.104725
0.104738
0.104750
0.104763
0.104775
0.104788
0.104800
0.104813
0.104825
0.104838
0.104850
0.104863
0.104875
0.104888
0.104900
0.104913
0.104925
0.104938
0.104950
0.104963
0.104975
0.104988
0.105000
0.105013
0.105025
0.105038
0.105050
0.105063
0.105076
0.105088
0.105101
0.105113
0.105126
0.105138
0.105151
0.105163
0.105176
0.105188
0.105201
0.105213
0.105226
0.105238
0.105251
0.105264
0.105276
0.105289
0.105301
0.105314
0.105326
0.105339
0.105351
0.105364
0.105377
0.105389
0.105402
0.105414
0.105427
0.105439
0.105452
0.105465
0.105477
0.105490
0.105502
0.105515
0.105527
0.105540
0.105553
0.105565
0.105578
0.105590
0.105603
0.105616
0.105628
0.105641
0.105653
0.105666
0.105679
0.105691
0.105704
0.105716
0.105729
0.105742
0.105754
0.105767
0.105779
0.105792
0.105805
0.105817
0.105830
0.105842
0.105855
0.105868
0.105880
0.105893
0.105906
0.105918
0.105931
0.105943
0.105956
0.105969
0.105981
0.105994
0.106007
0.106019
0.106032
0.106044
0.106057
0.106070
0.106082
0.106095
0.106108
0.106120
0.106133
0.106146
0.106158
0.106171
0.106184
0.106196
0.106209
0.106222
0.106234
0.106247
0.106260
0.106272
0.106285
0.106298
0.106310
0.106323
0.106336
0.106348
0.106361
0.106374
0.106386
0.106399
0.106412
0.106424
0.106437
0.106450
0.106462
0.106475
0.106488
0.106501
0.106513
0.106526
0.106539
0.106551
0.106564
0.106577
0.106589
0.106602
0.106615
0.106628
0.106640
0.106653
0.106666
0.106678
0.106691
0.106704
0.106717
0.106729
0.106742
0.106755
0.106767
0.106780
0.106793
0.106806
0.106818
0.106831
0.106844
0.106857
0.106869
0.106882
0.106895
0.106907
0.106920
0.106933
0.106946
0.106958
0.106971
0.106984
0.106997
0.107009
0.107022
0.107035
0.107048
0.107060
0.107073
0.107086
0.107099
0.107112
0.107124
0.107137
0.107150
0.107163
0.107175
0.107188
0.107201
0.107214
0.107226
0.107239
0.107252
0.107265
0.107278
0.107290
0.107303
0.107316
0.107329
0.107342
0.107354
0.107367
0.107380
0.107393
0.107406
0.107418
0.107431
0.107444
0.107457
0.107470
0.107482
0.107495
0.107508
0.107521
0.107534
0.107546
0.107559
0.107572
0.107585
0.107598
0.107611
0.107623
0.107636
0.107649
0.107662
0.107675
0.107687
0.107700
0.107713
0.107726
0.107739
0.107752
0.107765
0.107777
0.107790
0.107803
0.107816
0.107829
0.107842
0.107854
0.107867
0.107880
0.107893
0.107906
0.107919
0.107932
0.107944
0.107957
0.107970
0.107983
0.107996
0.108009
0.108022
0.108035
0.108047
0.108060
0.108073
0.108086
0.108099
0.108112
0.108125
0.108138
0.108150
0.108163
0.108176
0.108189
0.108202
0.108215
0.108228
0.108241
0.108254
0.108266
0.108279
0.108292
0.108305
0.108318
0.108331
0.108344
0.108357
0.108370
0.108383
0.108396
0.108408
0.108421
0.108434
0.108447
0.108460
0.108473
0.108486
0.108499
0.108512
0.108525
0.108538
0.108551
0.108564
0.108577
0.108589
0.108602
0.108615
0.108628
0.108641
0.108654
0.108667
0.108680
0.108693
0.108706
0.108719
0.108732
0.108745
0.108758
0.108771
0.108784
0.108797
0.108810
0.108823
0.108836
0.108848
0.108861
0.108874
0.108887
0.108900
0.108913
0.108926
0.108939
0.108952
0.108965
0.108978
0.108991
0.109004
0.109017
0.109030
0.109043
0.109056
0.109069
0.109082
0.109095
0.109108
0.109121
0.109134
0.109147
0.109160
0.109173
0.109186
0.109199
0.109212
0.109225
0.109238
0.109251
0.109264
0.109277
0.109290
0.109303
0.109316
0.109329
0.109342
0.109355
0.109368
0.109381
0.109394
0.109408
0.109421
0.109434
0.109447
0.109460
0.109473
0.109486
0.109499
0.109512
0.109525
0.109538
0.109551
0.109564
0.109577
0.109590
0.109603
0.109616
0.109629
0.109642
0.109655
0.109669
0.109682
0.109695
0.109708
0.109721
0.109734
0.109747
0.109760
0.109773
0.109786
0.109799
0.109812
0.109825
0.109838
0.109852
0.109865
0.109878
0.109891
0.109904
0.109917
0.109930
0.109943
0.109956
0.109969
0.109982
0.109996
0.110009
0.110022
0.110035
0.110048
0.110061
0.110074
0.110087
0.110100
0.110114
0.110127
0.110140
0.110153
0.110166
0.110179
0.110192
0.110205
0.110219
0.110232
0.110245
0.110258
0.110271
0.110284
0.110297
0.110310
0.110324
0.110337
0.110350
0.110363
0.110376
0.110389
0.110402
0.110416
0.110429
0.110442
0.110455
0.110468
0.110482
0.110495
0.110508
0.110521
0.110535
0.110548
0.110561
0.110574
0.110588
0.110601
0.110614
0.110627
0.110641
0.110654
0.110667
0.110680
0.110694
0.110707
0.110720
0.110733
0.110747
0.110760
0.110773
0.110786
0.110800
0.110813
0.110826
0.110839
0.110853
0.110866
0.110879
0.110893
0.110906
0.110919
0.110932
0.110946
0.110959
0.110972
0.110986
0.110999
0.111012
0.111025
0.111039
0.111052
0.111065
0.111079
0.111092
0.111105
0.111118
0.111132
0.111145
0.111158
0.111172
0.111185
0.111198
0.111212
0.111225
0.111238
0.111252
0.111265
0.111278
0.111292
0.111305
0.111318
0.111332
0.111345
0.111358
0.111372
0.111385
0.111398
0.111412
0.111425
0.111438
0.111452
0.111465
0.111478
0.111492
0.111505
0.111518
0.111532
0.111545
0.111558
0.111572
0.111585
0.111598
0.111612
0.111625
0.111638
0.111652
0.111665
0.111679
0.111692
0.111705
0.111719
0.111732
0.111745
0.111759
0.111772
0.111786
0.111799
0.111812
0.111826
0.111839
0.111853
0.111866
0.111879
0.111893
0.111906
0.111919
0.111933
0.111946
0.111960
0.111973
0.111986
0.112000
0.112013
0.112027
0.112040
0.112054
0.112067
0.112080
0.112094
0.112107
0.112121
0.112134
0.112147
0.112161
0.112174
0.112188
0.112201
0.112215
0.112228
0.112241
0.112255
0.112268
0.112282
0.112295
0.112309
0.112322
0.112336
0.112349
0.112362
0.112376
0.112389
0.112403
0.112416
0.112430
0.112443
0.112457
0.112470
0.112484
0.112497
0.112510
0.112524
0.112537
0.112551
0.112564
0.112578
0.112591
0.112605
0.112618
0.112632
0.112645
0.112659
0.112672
0.112686
0.112699
0.112713
0.112726
0.112740
0.112753
0.112767
0.112780
0.112794
0.112807
0.112821
0.112834
0.112848
0.112861
0.112875
0.112888
0.112902
0.112915
0.112929
0.112942
0.112956
0.112969
0.112983
0.112996
0.113010
0.113023
0.113037
0.113050
0.113064
0.113077
0.113091
0.113105
0.113118
0.113132
0.113145
0.113159
0.113172
0.113186
0.113199
0.113213
0.113226
0.113240
0.113254
0.113267
0.113281
0.113294
0.113308
0.113321
0.113335
0.113348
0.113362
0.113376
0.113389
0.113403
0.113416
0.113430
0.113443
0.113457
0.113471
0.113484
0.113498
0.113511
0.113525
0.113538
0.113552
0.113566
0.113579
0.113593
0.113606
0.113620
0.113634
0.113647
0.113661
0.113674
0.113688
0.113702
0.113715
0.113729
0.113742
0.113756
0.113770
0.113783
0.113797
0.113811
0.113824
0.113838
0.113851
0.113865
0.113879
0.113892
0.113906
0.113920
0.113933
0.113947
0.113960
0.113974
0.113988
0.114001
0.114015
0.114029
0.114042
0.114056
0.114070
0.114083
0.114097
0.114111
0.114124
0.114138
0.114151
0.114165
0.114179
0.114192
0.114206
0.114220
0.114233
0.114247
0.114261
0.114274
0.114288
0.114302
0.114316
0.114329
0.114343
0.114357
0.114370
0.114384
0.114398
0.114411
0.114425
0.114439
0.114452
0.114466
0.114480
0.114493
0.114507
0.114521
0.114535
0.114548
0.114562
0.114576
0.114589
0.114603
0.114617
0.114631
0.114644
0.114658
0.114672
0.114685
0.114699
0.114713
0.114727
0.114740
0.114754
0.114768
0.114781
0.114795
0.114809
0.114823
0.114836
0.114850
0.114864
0.114878
0.114891
0.114905
0.114919
0.114933
0.114946
0.114960
0.114974
0.114988
0.115001
0.115015
0.115029
0.115043
0.115056
0.115070
0.115084
0.115098
0.115111
0.115125
0.115139
0.115153
0.115167
0.115180
0.115194
0.115208
0.115222
0.115235
0.115249
0.115263
0.115277
0.115291
0.115304
0.115318
0.115332
0.115346
0.115360
0.115373
0.115387
0.115401
0.115415
0.115429
0.115442
0.115456
0.115470
0.115484
0.115498
0.115511
0.115525
0.115539
0.115553
0.115567
0.115581
0.115594
0.115608
0.115622
0.115636
0.115650
0.115664
0.115677
0.115691
0.115705
0.115719
0.115733
0.115747
0.115760
0.115774
0.115788
0.115802
0.115816
0.115830
0.115844
0.115857
0.115871
0.115885
0.115899
0.115913
0.115927
0.115941
0.115954
0.115968
0.115982
0.115996
0.116010
0.116024
0.116038
0.116052
0.116065
0.116079
0.116093
0.116107
0.116121
0.116135
0.116149
0.116163
0.116177
0.116190
0.116204
0.116218
0.116232
0.116246
0.116260
0.116274
0.116288
0.116302
0.116316
0.116329
0.116343
0.116357
0.116371
0.116385
0.116399
0.116413
0.116427
0.116441
0.116455
0.116469
0.116483
0.116497
0.116510
0.116524
0.116538
0.116552
0.116566
0.116580
0.116594
0.116608
0.116622
0.116636
0.116650
0.116664
0.116678
0.116692
0.116706
0.116720
0.116734
0.116748
0.116762
0.116776
0.116789
0.116803
0.116817
0.116831
0.116845
0.116859
0.116873
0.116887
0.116901
0.116915
0.116929
0.116943
0.116957
0.116971
0.116985
0.116999
0.117013
0.117027
0.117041
0.117055
0.117069
0.117083
0.117097
0.117111
0.117125
0.117139
0.117153
0.117167
0.117181
0.117195
0.117209
0.117223
0.117237
0.117251
0.117265
0.117279
0.117293
0.117307
0.117321
0.117335
0.117349
0.117363
0.117378
0.117392
0.117406
0.117420
0.117434
0.117448
0.117462
0.117476
0.117490
0.117504
0.117518
0.117532
0.117546
0.117560
0.117574
0.117588
0.117602
0.117616
0.117630
0.117644
0.117659
0.117673
0.117687
0.117701
0.117715
0.117729
0.117743
0.117757
0.117771
0.117785
0.117799
0.117813
0.117827
0.117842
0.117856
0.117870
0.117884
0.117898
0.117912
0.117926
0.117940
0.117954
0.117968
0.117982
0.117997
0.118011
0.118025
0.118039
0.118053
0.118067
0.118081
0.118095
0.118110
0.118124
0.118138
0.118152
0.118166
0.118180
0.118194
0.118208
0.118223
0.118237
0.118251
0.118265
0.118279
0.118293
0.118307
0.118321
0.118336
0.118350
0.118364
0.118378
0.118392
0.118406
0.118421
0.118435
0.118449
0.118463
0.118477
0.118491
0.118505
0.118520
0.118534
0.118548
0.118562
0.118576
0.118591
0.118605
0.118619
0.118633
0.118647
0.118661
0.118676
0.118690
0.118704
0.118718
0.118732
0.118747
0.118761
0.118775
0.118789
0.118803
0.118818
0.118832
0.118846
0.118860
0.118874
0.118889
0.118903
0.118917
0.118931
0.118945
0.118960
0.118974
0.118988
0.119002
0.119017
0.119031
0.119045
0.119059
0.119073
0.119088
0.119102
0.119116
0.119130
0.119145
0.119159
0.119173
0.119187
0.119202
0.119216
0.119230
0.119244
0.119259
0.119273
0.119287
0.119301
0.119316
0.119330
0.119344
0.119358
0.119373
0.119387
0.119401
0.119416
0.119430
0.119444
0.119458
0.119473
0.119487
0.119501
0.119515
0.119530
0.119544
0.119558
0.119573
0.119587
0.119601
0.119616
0.119630
0.119644
0.119658
0.119673
0.119687
0.119701
0.119716
0.119730
0.119744
0.119759
0.119773
0.119787
0.119801
0.119816
0.119830
0.119844
0.119859
0.119873
0.119887
0.119902
0.119916
0.119930
0.119945
0.119959
0.119973
0.119988
0.120002
0.120016
0.120031
0.120045
0.120059
0.120074
0.120088
0.120103
0.120117
0.120131
0.120146
0.120160
0.120174
0.120189
0.120203
0.120217
0.120232
0.120246
0.120260
0.120275
0.120289
0.120304
0.120318
0.120332
0.120347
0.120361
0.120376
0.120390
0.120404
0.120419
0.120433
0.120447
0.120462
0.120476
0.120491
0.120505
0.120519
0.120534
0.120548
0.120563
0.120577
0.120591
0.120606
0.120620
0.120635
0.120649
0.120664
0.120678
0.120692
0.120707
0.120721
0.120736
0.120750
0.120764
0.120779
0.120793
0.120808
0.120822
0.120837
0.120851
0.120866
0.120880
0.120894
0.120909
0.120923
0.120938
0.120952
0.120967
0.120981
0.120996
0.121010
0.121024
0.121039
0.121053
0.121068
0.121082
0.121097
0.121111
0.121126
0.121140
0.121155
0.121169
0.121184
0.121198
0.121213
0.121227
0.121242
0.121256
0.121271
0.121285
0.121299
0.121314
0.121329
0.121343
0.121358
0.121372
0.121387
0.121401
0.121416
0.121430
0.121445
0.121459
0.121474
0.121488
0.121503
0.121517
0.121532
0.121546
0.121561
0.121575
0.121590
0.121604
0.121619
0.121633
0.121648
0.121662
0.121677
0.121691
0.121706
0.121720
0.121735
0.121750
0.121764
0.121779
0.121793
0.121808
0.121822
0.121837
0.121851
0.121866
0.121881
0.121895
0.121910
0.121924
0.121939
0.121953
0.121968
0.121982
0.121997
0.122012
0.122026
0.122041
0.122055
0.122070
0.122085
0.122099
0.122114
0.122128
0.122143
0.122157
0.122172
0.122187
0.122201
0.122216
0.122230
0.122245
0.122260
0.122274
0.122289
0.122303
0.122318
0.122333
0.122347
0.122362
0.122377
0.122391
0.122406
0.122421
0.122435
0.122450
0.122465
0.122479
0.122494
0.122509
0.122524
0.122538
0.122553
0.122568
0.122582
0.122597
0.122612
0.122626
0.122641
0.122656
0.122671
0.122685
0.122700
0.122715
0.122730
0.122744
0.122759
0.122774
0.122788
0.122803
0.122818
0.122833
0.122847
0.122862
0.122877
0.122892
0.122906
0.122921
0.122936
0.122951
0.122965
0.122980
0.122995
0.123010
0.123024
0.123039
0.123054
0.123069
0.123083
0.123098
0.123113
0.123128
0.123142
0.123157
0.123172
0.123187
0.123202
0.123216
0.123231
0.123246
0.123261
0.123275
0.123290
0.123305
0.123320
0.123335
0.123349
0.123364
0.123379
0.123394
0.123409
0.123423
0.123438
0.123453
0.123468
0.123483
0.123498
0.123512
0.123527
0.123542
0.123557
0.123572
0.123586
0.123601
0.123616
0.123631
0.123646
0.123661
0.123675
0.123690
0.123705
0.123720
0.123735
0.123750
0.123764
0.123779
0.123794
0.123809
0.123824
0.123839
0.123854
0.123868
0.123883
0.123898
0.123913
0.123928
0.123943
0.123958
0.123972
0.123987
0.124002
0.124017
0.124032
0.124047
0.124062
0.124077
0.124091
0.124106
0.124121
0.124136
0.124151
0.124166
0.124181
0.124196
0.124211
0.124225
0.124240
0.124255
0.124270
0.124285
0.124300
0.124315
0.124330
0.124345
0.124360
0.124375
0.124389
0.124404
0.124419
0.124434
0.124449
0.124464
0.124479
0.124494
0.124509
0.124524
0.124539
0.124554
0.124569
0.124584
0.124598
0.124613
0.124628
0.124643
0.124658
0.124673
0.124688
0.124703
0.124718
0.124733
0.124748
0.124763
0.124778
0.124793
0.124808
0.124823
0.124838
0.124853
0.124868
0.124883
0.124898
0.124913
0.124928
0.124943
0.124958
0.124973
0.124988
0.125003
0.125018
0.125033
0.125048
0.125063
0.125078
0.125093
0.125108
0.125123
0.125138
0.125153
0.125168
0.125183
0.125198
0.125213
0.125228
0.125243
0.125258
0.125273
0.125288
0.125303
0.125318
0.125333
0.125348
0.125363
0.125378
0.125393
0.125408
0.125423
0.125438
0.125453
0.125468
0.125483
0.125498
0.125513
0.125528
0.125543
0.125558
0.125573
0.125589
0.125604
0.125619
0.125634
0.125649
0.125664
0.125679
0.125694
0.125709
0.125724
0.125739
0.125754
0.125769
0.125784
0.125800
0.125815
0.125830
0.125845
0.125860
0.125875
0.125890
0.125905
0.125920
0.125935
0.125950
0.125966
0.125981
0.125996
0.126011
0.126026
0.126041
0.126056
0.126071
0.126086
0.126102
0.126117
0.126132
0.126147
0.126162
0.126177
0.126192
0.126207
0.126223
0.126238
0.126253
0.126268
0.126283
0.126298
0.126313
0.126329
0.126344
0.126359
0.126374
0.126389
0.126404
0.126419
0.126435
0.126450
0.126465
0.126480
0.126495
0.126510
0.126526
0.126541
0.126556
0.126571
0.126586
0.126601
0.126617
0.126632
0.126647
0.126662
0.126677
0.126692
0.126708
0.126723
0.126738
0.126753
0.126768
0.126784
0.126799
0.126814
0.126829
0.126844
0.126860
0.126875
0.126890
0.126905
0.126920
0.126936
0.126951
0.126966
0.126981
0.126997
0.127012
0.127027
0.127042
0.127057
0.127073
0.127088
0.127103
0.127118
0.127134
0.127149
0.127164
0.127179
0.127195
0.127210
0.127225
0.127240
0.127256
0.127271
0.127286
0.127301
0.127317
0.127332
0.127347
0.127362
0.127378
0.127393
0.127408
0.127424
0.127439
0.127454
0.127469
0.127485
0.127500
0.127515
0.127530
0.127546
0.127561
0.127576
0.127592
0.127607
0.127622
0.127638
0.127653
0.127668
0.127683
0.127699
0.127714
0.127729
0.127745
0.127760
0.127775
0.127791
0.127806
0.127821
0.127837
0.127852
0.127867
0.127883
0.127898
0.127913
0.127928
0.127944
0.127959
0.127975
0.127990
0.128005
0.128020
0.128036
0.128051
0.128067
0.128082
0.128097
0.128113
0.128128
0.128143
0.128159
0.128174
0.128189
0.128205
0.128220
0.128235
0.128251
0.128266
0.128282
0.128297
0.128312
0.128328
0.128343
0.128358
0.128374
0.128389
0.128405
0.128420
0.128435
0.128451
0.128466
0.128482
0.128497
0.128512
0.128528
0.128543
0.128559
0.128574
0.128589
0.128605
0.128620
0.128636
0.128651
0.128666
0.128682
0.128697
0.128713
0.128728
0.128744
0.128759
0.128774
0.128790
0.128805
0.128821
0.128836
0.128852
0.128867
0.128882
0.128898
0.128913
0.128929
0.128944
0.128960
0.128975
0.128991
0.129006
0.129022
0.129037
0.129052
0.129068
0.129083
0.129099
0.129114
0.129130
0.129145
0.129161
0.129176
0.129192
0.129207
0.129223
0.129238
0.129254
0.129269
0.129285
0.129300
0.129316
0.129331
0.129347
0.129362
0.129378
0.129393
0.129409
0.129424
0.129440
0.129455
0.129471
0.129486
0.129502
0.129517
0.129533
0.129548
0.129564
0.129579
0.129595
0.129610
0.129626
0.129641
0.129657
0.129672
0.129688
0.129703
0.129719
0.129735
0.129750
0.129766
0.129781
0.129797
0.129812
0.129828
0.129843
0.129859
0.129875
0.129890
0.129906
0.129921
0.129937
0.129952
0.129968
0.129983
0.129999
0.130015
0.130030
0.130046
0.130061
0.130077
0.130092
0.130108
0.130124
0.130139
0.130155
0.130170
0.130186
0.130202
0.130217
0.130233
0.130248
0.130264
0.130280
0.130295
0.130311
0.130326
0.130342
0.130358
0.130373
0.130389
0.130405
0.130420
0.130436
0.130451
0.130467
0.130483
0.130498
0.130514
0.130530
0.130545
0.130561
0.130576
0.130592
0.130608
0.130623
0.130639
0.130655
0.130670
0.130686
0.130702
0.130717
0.130733
0.130749
0.130764
0.130780
0.130796
0.130811
0.130827
0.130843
0.130858
0.130874
0.130890
0.130905
0.130921
0.130937
0.130952
0.130968
0.130984
0.130999
0.131015
0.131031
0.131046
0.131062
0.131078
0.131094
0.131109
0.131125
0.131141
0.131156
0.131172
0.131188
0.131204
0.131219
0.131235
0.131251
0.131266
0.131282
0.131298
0.131314
0.131329
0.131345
0.131361
0.131376
0.131392
0.131408
0.131424
0.131439
0.131455
0.131471
0.131487
0.131502
0.131518
0.131534
0.131550
0.131565
0.131581
0.131597
0.131613
0.131628
0.131644
0.131660
0.131676
0.131692
0.131707
0.131723
0.131739
0.131755
0.131770
0.131786
0.131802
0.131818
0.131834
0.131849
0.131865
0.131881
0.131897
0.131912
0.131928
0.131944
0.131960
0.131976
0.131991
0.132007
0.132023
0.132039
0.132055
0.132070
0.132086
0.132102
0.132118
0.132134
0.132150
0.132165
0.132181
0.132197
0.132213
0.132229
0.132245
0.132260
0.132276
0.132292
0.132308
0.132324
0.132340
0.132355
0.132371
0.132387
0.132403
0.132419
0.132435
0.132451
0.132466
0.132482
0.132498
0.132514
0.132530
0.132546
0.132562
0.132577
0.132593
0.132609
0.132625
0.132641
0.132657
0.132673
0.132689
0.132705
0.132720
0.132736
0.132752
0.132768
0.132784
0.132800
0.132816
0.132832
0.132848
0.132863
0.132879
0.132895
0.132911
0.132927
0.132943
0.132959
0.132975
0.132991
0.133007
0.133023
0.133039
0.133055
0.133070
0.133086
0.133102
0.133118
0.133134
0.133150
0.133166
0.133182
0.133198
0.133214
0.133230
0.133246
0.133262
0.133278
0.133294
0.133310
0.133326
0.133341
0.133357
0.133373
0.133389
0.133405
0.133421
0.133437
0.133453
0.133469
0.133485
0.133501
0.133517
0.133533
0.133549
0.133565
0.133581
0.133597
0.133613
0.133629
0.133645
0.133661
0.133677
0.133693
0.133709
0.133725
0.133741
0.133757
0.133773
0.133789
0.133805
0.133821
0.133837
0.133853
0.133869
0.133885
0.133901
0.133917
0.133933
0.133949
0.133965
0.133981
0.133998
0.134014
0.134030
0.134046
0.134062
0.134078
0.134094
0.134110
0.134126
0.134142
0.134158
0.134174
0.134190
0.134206
0.134222
0.134238
0.134254
0.134270
0.134286
0.134303
0.134319
0.134335
0.134351
0.134367
0.134383
0.134399
0.134415
0.134431
0.134447
0.134463
0.134479
0.134496
0.134512
0.134528
0.134544
0.134560
0.134576
0.134592
0.134608
0.134624
0.134641
0.134657
0.134673
0.134689
0.134705
0.134721
0.134737
0.134753
0.134769
0.134786
0.134802
0.134818
0.134834
0.134850
0.134866
0.134882
0.134899
0.134915
0.134931
0.134947
0.134963
0.134979
0.134995
0.135012
0.135028
0.135044
0.135060
0.135076
0.135092
0.135109
0.135125
0.135141
0.135157
0.135173
0.135189
0.135206
0.135222
0.135238
0.135254
0.135270
0.135286
0.135303
0.135319
0.135335
0.135351
0.135367
0.135384
0.135400
0.135416
0.135432
0.135449
0.135465
0.135481
0.135497
0.135513
0.135530
0.135546
0.135562
0.135578
0.135594
0.135611
0.135627
0.135643
0.135659
0.135676
0.135692
0.135708
0.135724
0.135741
0.135757
0.135773
0.135789
0.135805
0.135822
0.135838
0.135854
0.135871
0.135887
0.135903
0.135919
0.135936
0.135952
0.135968
0.135984
0.136001
0.136017
0.136033
0.136049
0.136066
0.136082
0.136098
0.136115
0.136131
0.136147
0.136163
0.136180
0.136196
0.136212
0.136229
0.136245
0.136261
0.136277
0.136294
0.136310
0.136326
0.136343
0.136359
0.136375
0.136392
0.136408
0.136424
0.136441
0.136457
0.136473
0.136490
0.136506
0.136522
0.136539
0.136555
0.136571
0.136588
0.136604
0.136620
0.136637
0.136653
0.136669
0.136686
0.136702
0.136718
0.136735
0.136751
0.136767
0.136784
0.136800
0.136817
0.136833
0.136849
0.136866
0.136882
0.136898
0.136915
0.136931
0.136947
0.136964
0.136980
0.136997
0.137013
0.137029
0.137046
0.137062
0.137079
0.137095
0.137111
0.137128
0.137144
0.137161
0.137177
0.137193
0.137210
0.137226
0.137243
0.137259
0.137275
0.137292
0.137308
0.137325
0.137341
0.137358
0.137374
0.137390
0.137407
0.137423
0.137440
0.137456
0.137473
0.137489
0.137505
0.137522
0.137538
0.137555
0.137571
0.137588
0.137604
0.137621
0.137637
0.137654
0.137670
0.137686
0.137703
0.137719
0.137736
0.137752
0.137769
0.137785
0.137802
0.137818
0.137835
0.137851
0.137868
0.137884
0.137901
0.137917
0.137934
0.137950
0.137967
0.137983
0.138000
0.138016
0.138033
0.138049
0.138066
0.138082
0.138099
0.138115
0.138132
0.138148
0.138165
0.138181
0.138198
0.138214
0.138231
0.138247
0.138264
0.138281
0.138297
0.138314
0.138330
0.138347
0.138363
0.138380
0.138396
0.138413
0.138429
0.138446
0.138463
0.138479
0.138496
0.138512
0.138529
0.138545
0.138562
0.138579
0.138595
0.138612
0.138628
0.138645
0.138661
0.138678
0.138695
0.138711
0.138728
0.138744
0.138761
0.138777
0.138794
0.138811
0.138827
0.138844
0.138860
0.138877
0.138894
0.138910
0.138927
0.138944
0.138960
0.138977
0.138993
0.139010
0.139027
0.139043
0.139060
0.139076
0.139093
0.139110
0.139126
0.139143
0.139160
0.139176
0.139193
0.139210
0.139226
0.139243
0.139259
0.139276
0.139293
0.139309
0.139326
0.139343
0.139359
0.139376
0.139393
0.139409
0.139426
0.139443
0.139459
0.139476
0.139493
0.139509
0.139526
0.139543
0.139559
0.139576
0.139593
0.139610
0.139626
0.139643
0.139660
0.139676
0.139693
0.139710
0.139726
0.139743
0.139760
0.139777
0.139793
0.139810
0.139827
0.139843
0.139860
0.139877
0.139894
0.139910
0.139927
0.139944
0.139960
0.139977
0.139994
0.140011
0.140027
0.140044
0.140061
0.140078
0.140094
0.140111
0.140128
0.140145
0.140161
0.140178
0.140195
0.140212
0.140228
0.140245
0.140262
0.140279
0.140295
0.140312
0.140329
0.140346
0.140363
0.140379
0.140396
0.140413
0.140430
0.140446
0.140463
0.140480
0.140497
0.140514
0.140530
0.140547
0.140564
0.140581
0.140598
0.140614
0.140631
0.140648
0.140665
0.140682
0.140698
0.140715
0.140732
0.140749
0.140766
0.140783
0.140799
0.140816
0.140833
0.140850
0.140867
0.140884
0.140900
0.140917
0.140934
0.140951
0.140968
0.140985
0.141001
0.141018
0.141035
0.141052
0.141069
0.141086
0.141103
0.141119
0.141136
0.141153
0.141170
0.141187
0.141204
0.141221
0.141238
0.141254
0.141271
0.141288
0.141305
0.141322
0.141339
0.141356
0.141373
0.141390
0.141406
0.141423
0.141440
0.141457
0.141474
0.141491
0.141508
0.141525
0.141542
0.141559
0.141575
0.141592
0.141609
0.141626
0.141643
0.141660
0.141677
0.141694
0.141711
0.141728
0.141745
0.141762
0.141779
0.141796
0.141813
0.141829
0.141846
0.141863
0.141880
0.141897
0.141914
0.141931
0.141948
0.141965
0.141982
0.141999
0.142016
0.142033
0.142050
0.142067
0.142084
0.142101
0.142118
0.142135
0.142152
0.142169
0.142186
0.142203
0.142220
0.142237
0.142254
0.142271
0.142288
0.142305
0.142322
0.142339
0.142356
0.142373
0.142390
0.142407
0.142424
0.142441
0.142458
0.142475
0.142492
0.142509
0.142526
0.142543
0.142560
0.142577
0.142594
0.142611
0.142628
0.142645
0.142662
0.142679
0.142696
0.142713
0.142730
0.142747
0.142764
0.142782
0.142799
0.142816
0.142833
0.142850
0.142867
0.142884
0.142901
0.142918
0.142935
0.142952
0.142969
0.142986
0.143003
0.143021
0.143038
0.143055
0.143072
0.143089
0.143106
0.143123
0.143140
0.143157
0.143174
0.143191
0.143209
0.143226
0.143243
0.143260
0.143277
0.143294
0.143311
0.143328
0.143346
0.143363
0.143380
0.143397
0.143414
0.143431
0.143448
0.143465
0.143483
0.143500
0.143517
0.143534
0.143551
0.143568
0.143585
0.143603
0.143620
0.143637
0.143654
0.143671
0.143688
0.143705
0.143723
0.143740
0.143757
0.143774
0.143791
0.143809
0.143826
0.143843
0.143860
0.143877
0.143894
0.143912
0.143929
0.143946
0.143963
0.143980
0.143998
0.144015
0.144032
0.144049
0.144066
0.144084
0.144101
0.144118
0.144135
0.144152
0.144170
0.144187
0.144204
0.144221
0.144239
0.144256
0.144273
0.144290
0.144307
0.144325
0.144342
0.144359
0.144376
0.144394
0.144411
0.144428
0.144445
0.144463
0.144480
0.144497
0.144514
0.144532
0.144549
0.144566
0.144583
0.144601
0.144618
0.144635
0.144653
0.144670
0.144687
0.144704
0.144722
0.144739
0.144756
0.144773
0.144791
0.144808
0.144825
0.144843
0.144860
0.144877
0.144895
0.144912
0.144929
0.144946
0.144964
0.144981
0.144998
0.145016
0.145033
0.145050
0.145068
0.145085
0.145102
0.145120
0.145137
0.145154
0.145172
0.145189
0.145206
0.145224
0.145241
0.145258
0.145276
0.145293
0.145310
0.145328
0.145345
0.145362
0.145380
0.145397
0.145414
0.145432
0.145449
0.145467
0.145484
0.145501
0.145519
0.145536
0.145553
0.145571
0.145588
0.145606
0.145623
0.145640
0.145658
0.145675
0.145693
0.145710
0.145727
0.145745
0.145762
0.145780
0.145797
0.145814
0.145832
0.145849
0.145867
0.145884
0.145901
0.145919
0.145936
0.145954
0.145971
0.145988
0.146006
0.146023
0.146041
0.146058
0.146076
0.146093
0.146111
0.146128
0.146145
0.146163
0.146180
0.146198
0.146215
0.146233
0.146250
0.146268
0.146285
0.146303
0.146320
0.146337
0.146355
0.146372
0.146390
0.146407
0.146425
0.146442
0.146460
0.146477
0.146495
0.146512
0.146530
0.146547
0.146565
0.146582
0.146600
0.146617
0.146635
0.146652
0.146670
0.146687
0.146705
0.146722
0.146740
0.146757
0.146775
0.146792
0.146810
0.146827
0.146845
0.146862
0.146880
0.146897
0.146915
0.146933
0.146950
0.146968
0.146985
0.147003
0.147020
0.147038
0.147055
0.147073
0.147090
0.147108
0.147126
0.147143
0.147161
0.147178
0.147196
0.147213
0.147231
0.147248
0.147266
0.147284
0.147301
0.147319
0.147336
0.147354
0.147372
0.147389
0.147407
0.147424
0.147442
0.147460
0.147477
0.147495
0.147512
0.147530
0.147548
0.147565
0.147583
0.147600
0.147618
0.147636
0.147653
0.147671
0.147688
0.147706
0.147724
0.147741
0.147759
0.147777
0.147794
0.147812
0.147830
0.147847
0.147865
0.147882
0.147900
0.147918
0.147935
0.147953
0.147971
0.147988
0.148006
0.148024
0.148041
0.148059
0.148077
0.148094
0.148112
0.148130
0.148147
0.148165
0.148183
0.148200
0.148218
0.148236
0.148253
0.148271
0.148289
0.148307
0.148324
0.148342
0.148360
0.148377
0.148395
0.148413
0.148430
0.148448
0.148466
0.148484
0.148501
0.148519
0.148537
0.148555
0.148572
0.148590
0.148608
0.148625
0.148643
0.148661
0.148679
0.148696
0.148714
0.148732
0.148750
0.148767
0.148785
0.148803
0.148821
0.148838
0.148856
0.148874
0.148892
0.148909
0.148927
0.148945
0.148963
0.148981
0.148998
0.149016
0.149034
0.149052
0.149069
0.149087
0.149105
0.149123
0.149141
0.149158
0.149176
0.149194
0.149212
0.149229
0.149247
0.149265
0.149283
0.149301
0.149319
0.149336
0.149354
0.149372
0.149390
0.149408
0.149425
0.149443
0.149461
0.149479
0.149497
0.149515
0.149532
0.149550
0.149568
0.149586
0.149604
0.149622
0.149639
0.149657
0.149675
0.149693
0.149711
0.149729
0.149747
0.149764
0.149782
0.149800
0.149818
0.149836
0.149854
0.149872
0.149890
0.149907
0.149925
0.149943
0.149961
0.149979
0.149997
0.150015
0.150033
0.150051
0.150068
0.150086
0.150104
0.150122
0.150140
0.150158
0.150176
0.150194
0.150212
0.150230
0.150248
0.150265
0.150283
0.150301
0.150319
0.150337
0.150355
0.150373
0.150391
0.150409
0.150427
0.150445
0.150463
0.150481
0.150499
0.150517
0.150535
0.150552
0.150570
0.150588
0.150606
0.150624
0.150642
0.150660
0.150678
0.150696
0.150714
0.150732
0.150750
0.150768
0.150786
0.150804
0.150822
0.150840
0.150858
0.150876
0.150894
0.150912
0.150930
0.150948
0.150966
0.150984
0.151002
0.151020
0.151038
0.151056
0.151074
0.151092
0.151110
0.151128
0.151146
0.151164
0.151182
0.151200
0.151218
0.151236
0.151254
0.151272
0.151290
0.151308
0.151326
0.151344
0.151362
0.151381
0.151399
0.151417
0.151435
0.151453
0.151471
0.151489
0.151507
0.151525
0.151543
0.151561
0.151579
0.151597
0.151615
0.151633
0.151652
0.151670
0.151688
0.151706
0.151724
0.151742
0.151760
0.151778
0.151796
0.151814
0.151832
0.151851
0.151869
0.151887
0.151905
0.151923
0.151941
0.151959
0.151977
0.151995
0.152014
0.152032
0.152050
0.152068
0.152086
0.152104
0.152122
0.152140
0.152159
0.152177
0.152195
0.152213
0.152231
0.152249
0.152267
0.152286
0.152304
0.152322
0.152340
0.152358
0.152376
0.152395
0.152413
0.152431
0.152449
0.152467
0.152485
0.152504
0.152522
0.152540
0.152558
0.152576
0.152595
0.152613
0.152631
0.152649
0.152667
0.152686
0.152704
0.152722
0.152740
0.152758
0.152777
0.152795
0.152813
0.152831
0.152849
0.152868
0.152886
0.152904
0.152922
0.152941
0.152959
0.152977
0.152995
0.153013
0.153032
0.153050
0.153068
0.153086
0.153105
0.153123
0.153141
0.153159
0.153178
0.153196
0.153214
0.153232
0.153251
0.153269
0.153287
0.153306
0.153324
0.153342
0.153360
0.153379
0.153397
0.153415
0.153433
0.153452
0.153470
0.153488
0.153507
0.153525
0.153543
0.153562
0.153580
0.153598
0.153617
0.153635
0.153653
0.153671
0.153690
0.153708
0.153726
0.153745
0.153763
0.153781
0.153800
0.153818
0.153836
0.153855
0.153873
0.153891
0.153910
0.153928
0.153946
0.153965
0.153983
0.154001
0.154020
0.154038
0.154056
0.154075
0.154093
0.154112
0.154130
0.154148
0.154167
0.154185
0.154203
0.154222
0.154240
0.154259
0.154277
0.154295
0.154314
0.154332
0.154350
0.154369
0.154387
0.154406
0.154424
0.154442
0.154461
0.154479
0.154498
0.154516
0.154535
0.154553
0.154571
0.154590
0.154608
0.154627
0.154645
0.154663
0.154682
0.154700
0.154719
0.154737
0.154756
0.154774
0.154792
0.154811
0.154829
0.154848
0.154866
0.154885
0.154903
0.154922
0.154940
0.154959
0.154977
0.154995
0.155014
0.155032
0.155051
0.155069
0.155088
0.155106
0.155125
0.155143
0.155162
0.155180
0.155199
0.155217
0.155236
0.155254
0.155273
0.155291
0.155310
0.155328
0.155347
0.155365
0.155384
0.155402
0.155421
0.155439
0.155458
0.155476
0.155495
0.155513
0.155532
0.155550
0.155569
0.155587
0.155606
0.155625
0.155643
0.155662
0.155680
0.155699
0.155717
0.155736
0.155754
0.155773
0.155791
0.155810
0.155829
0.155847
0.155866
0.155884
0.155903
0.155921
0.155940
0.155959
0.155977
0.155996
0.156014
0.156033
0.156051
0.156070
0.156089
0.156107
0.156126
0.156144
0.156163
0.156182
0.156200
0.156219
0.156237
0.156256
0.156275
0.156293
0.156312
0.156331
0.156349
0.156368
0.156386
0.156405
0.156424
0.156442
0.156461
0.156480
0.156498
0.156517
0.156536
0.156554
0.156573
0.156591
0.156610
0.156629
0.156647
0.156666
0.156685
0.156703
0.156722
0.156741
0.156759
0.156778
0.156797
0.156815
0.156834
0.156853
0.156871
0.156890
0.156909
0.156928
0.156946
0.156965
0.156984
0.157002
0.157021
0.157040
0.157058
0.157077
0.157096
0.157115
0.157133
0.157152
0.157171
0.157189
0.157208
0.157227
0.157246
0.157264
0.157283
0.157302
0.157321
0.157339
0.157358
0.157377
0.157395
0.157414
0.157433
0.157452
0.157470
0.157489
0.157508
0.157527
0.157546
0.157564
0.157583
0.157602
0.157621
0.157639
0.157658
0.157677
0.157696
0.157714
0.157733
0.157752
0.157771
0.157790
0.157808
0.157827
0.157846
0.157865
0.157884
0.157902
0.157921
0.157940
0.157959
0.157978
0.157996
0.158015
0.158034
0.158053
0.158072
0.158091
0.158109
0.158128
0.158147
0.158166
0.158185
0.158203
0.158222
0.158241
0.158260
0.158279
0.158298
0.158317
0.158335
0.158354
0.158373
0.158392
0.158411
0.158430
0.158449
0.158467
0.158486
0.158505
0.158524
0.158543
0.158562
0.158581
0.158600
0.158618
0.158637
0.158656
0.158675
0.158694
0.158713
0.158732
0.158751
0.158770
0.158788
0.158807
0.158826
0.158845
0.158864
0.158883
0.158902
0.158921
0.158940
0.158959
0.158978
0.158997
0.159015
0.159034
0.159053
0.159072
0.159091
0.159110
0.159129
0.159148
0.159167
0.159186
0.159205
0.159224
0.159243
0.159262
0.159281
0.159300
0.159319
0.159338
0.159357
0.159376
0.159395
0.159414
0.159433
0.159452
0.159471
0.159490
0.159510
0.159529
0.159548
0.159567
0.159586
0.159605
0.159625
0.159644
0.159663
0.159682
0.159701
0.159721
0.159740
0.159759
0.159778
0.159797
0.159817
0.159836
0.159855
0.159874
0.159893
0.159913
0.159932
0.159951
0.159970
0.159990
0.160009
0.160028
0.160047
0.160067
0.160086
0.160105
0.160124
0.160143
0.160163
0.160182
0.160201
0.160221
0.160240
0.160259
0.160278
0.160298
0.160317
0.160336
0.160355
0.160375
0.160394
0.160413
0.160432
0.160452
0.160471
0.160490
0.160510
0.160529
0.160548
0.160567
0.160587
0.160606
0.160625
0.160645
0.160664
0.160683
0.160702
0.160722
0.160741
0.160760
0.160780
0.160799
0.160818
0.160838
0.160857
0.160876
0.160896
0.160915
0.160934
0.160954
0.160973
0.160992
0.161012
0.161031
0.161050
0.161070
0.161089
0.161109
0.161128
0.161147
0.161167
0.161186
0.161205
0.161225
0.161244
0.161263
0.161283
0.161302
0.161322
0.161341
0.161360
0.161380
0.161399
0.161419
0.161438
0.161457
0.161477
0.161496
0.161516
0.161535
0.161554
0.161574
0.161593
0.161613
0.161632
0.161651
0.161671
0.161690
0.161710
0.161729
0.161749
0.161768
0.161787
0.161807
0.161826
0.161846
0.161865
0.161885
0.161904
0.161924
0.161943
0.161962
0.161982
0.162001
0.162021
0.162040
0.162060
0.162079
0.162099
0.162118
0.162138
0.162157
0.162177
0.162196
0.162216
0.162235
0.162255
0.162274
0.162293
0.162313
0.162332
0.162352
0.162371
0.162391
0.162410
0.162430
0.162449
0.162469
0.162488
0.162508
0.162528
0.162547
0.162567
0.162586
0.162606
0.162625
0.162645
0.162664
0.162684
0.162703
0.162723
0.162742
0.162762
0.162782
0.162801
0.162821
0.162840
0.162860
0.162879
0.162899
0.162918
0.162938
0.162958
0.162977
0.162997
0.163016
0.163036
0.163055
0.163075
0.163095
0.163114
0.163134
0.163153
0.163173
0.163193
0.163212
0.163232
0.163251
0.163271
0.163291
0.163310
0.163330
0.163349
0.163369
0.163389
0.163408
0.163428
0.163448
0.163467
0.163487
0.163506
0.163526
0.163546
0.163565
0.163585
0.163605
0.163624
0.163644
0.163664
0.163683
0.163703
0.163723
0.163742
0.163762
0.163782
0.163801
0.163821
0.163841
0.163860
0.163880
0.163900
0.163919
0.163939
0.163959
0.163978
0.163998
0.164018
0.164037
0.164057
0.164077
0.164096
0.164116
0.164136
0.164156
0.164175
0.164195
0.164215
0.164234
0.164254
0.164274
0.164294
0.164313
0.164333
0.164353
0.164373
0.164392
0.164412
0.164432
0.164452
0.164471
0.164491
0.164511
0.164531
0.164550
0.164570
0.164590
0.164610
0.164629
0.164649
0.164669
0.164689
0.164708
0.164728
0.164748
0.164768
0.164787
0.164807
0.164827
0.164847
0.164867
0.164886
0.164906
0.164926
0.164946
0.164966
0.164985
0.165005
0.165025
0.165045
0.165065
0.165084
0.165104
0.165124
0.165144
0.165164
0.165184
0.165203
0.165223
0.165243
0.165263
0.165283
0.165303
0.165322
0.165342
0.165362
0.165382
0.165402
0.165422
0.165442
0.165461
0.165481
0.165501
0.165521
0.165541
0.165561
0.165581
0.165600
0.165620
0.165640
0.165660
0.165680
0.165700
0.165720
0.165740
0.165760
0.165779
0.165799
0.165819
0.165839
0.165859
0.165879
0.165899
0.165919
0.165939
0.165959
0.165979
0.165998
0.166018
0.166038
0.166058
0.166078
0.166098
0.166118
0.166138
0.166158
0.166178
0.166198
0.166218
0.166238
0.166258
0.166278
0.166298
0.166318
0.166337
0.166357
0.166377
0.166397
0.166417
0.166437
0.166457
0.166477
0.166497
0.166517
0.166537
0.166557
0.166577
0.166597
0.166617
0.166637
0.166657
0.166677
0.166697
0.166717
0.166737
0.166757
0.166777
0.166797
0.166817
0.166837
0.166857
0.166877
0.166897
0.166917
0.166937
0.166957
0.166977
0.166997
0.167018
0.167038
0.167058
0.167078
0.167098
0.167118
0.167138
0.167158
0.167178
0.167198
0.167218
0.167238
0.167258
0.167278
0.167298
0.167318
0.167338
0.167359
0.167379
0.167399
0.167419
0.167439
0.167459
0.167479
0.167499
0.167519
0.167539
0.167559
0.167580
0.167600
0.167620
0.167640
0.167660
0.167680
0.167700
0.167720
0.167740
0.167761
0.167781
0.167801
0.167821
0.167841
0.167861
0.167881
0.167902
0.167922
0.167942
0.167962
0.167982
0.168002
0.168022
0.168043
0.168063
0.168083
0.168103
0.168123
0.168143
0.168164
0.168184
0.168204
0.168224
0.168244
0.168264
0.168285
0.168305
0.168325
0.168345
0.168365
0.168386
0.168406
0.168426
0.168446
0.168466
0.168487
0.168507
0.168527
0.168547
0.168567
0.168588
0.168608
0.168628
0.168648
0.168669
0.168689
0.168709
0.168729
0.168750
0.168770
0.168790
0.168810
0.168831
0.168851
0.168871
0.168891
0.168912
0.168932
0.168952
0.168972
0.168993
0.169013
0.169033
0.169053
0.169074
0.169094
0.169114
0.169135
0.169155
0.169175
0.169195
0.169216
0.169236
0.169256
0.169277
0.169297
0.169317
0.169337
0.169358
0.169378
0.169398
0.169419
0.169439
0.169459
0.169480
0.169500
0.169520
0.169541
0.169561
0.169581
0.169602
0.169622
0.169642
0.169663
0.169683
0.169703
0.169724
0.169744
0.169764
0.169785
0.169805
0.169826
0.169846
0.169866
0.169887
0.169907
0.169927
0.169948
0.169968
0.169989
0.170009
0.170029
0.170050
0.170070
0.170090
0.170111
0.170131
0.170152
0.170172
0.170192
0.170213
0.170233
0.170254
0.170274
0.170295
0.170315
0.170335
0.170356
0.170376
0.170397
0.170417
0.170438
0.170458
0.170478
0.170499
0.170519
0.170540
0.170560
0.170581
0.170601
0.170622
0.170642
0.170662
0.170683
0.170703
0.170724
0.170744
0.170765
0.170785
0.170806
0.170826
0.170847
0.170867
0.170888
0.170908
0.170929
0.170949
0.170970
0.170990
0.171011
0.171031
0.171052
0.171072
0.171093
0.171113
0.171134
0.171154
0.171175
0.171195
0.171216
0.171236
0.171257
0.171277
0.171298
0.171318
0.171339
0.171359
0.171380
0.171401
0.171421
0.171442
0.171462
0.171483
0.171503
0.171524
0.171544
0.171565
0.171586
0.171606
0.171627
0.171647
0.171668
0.171688
0.171709
0.171730
0.171750
0.171771
0.171791
0.171812
0.171833
0.171853
0.171874
0.171894
0.171915
0.171936
0.171956
0.171977
0.171997
0.172018
0.172039
0.172059
0.172080
0.172100
0.172121
0.172142
0.172162
0.172183
0.172204
0.172224
0.172245
0.172266
0.172286
0.172307
0.172327
0.172348
0.172369
0.172389
0.172410
0.172431
0.172451
0.172472
0.172493
0.172513
0.172534
0.172555
0.172575
0.172596
0.172617
0.172637
0.172658
0.172679
0.172700
0.172720
0.172741
0.172762
0.172782
0.172803
0.172824
0.172845
0.172865
0.172886
0.172907
0.172927
0.172948
0.172969
0.172990
0.173010
0.173031
0.173052
0.173073
0.173093
0.173114
0.173135
0.173155
0.173176
0.173197
0.173218
0.173238
0.173259
0.173280
0.173301
0.173321
0.173342
0.173363
0.173384
0.173405
0.173425
0.173446
0.173467
0.173488
0.173508
0.173529
0.173550
0.173571
0.173592
0.173612
0.173633
0.173654
0.173675
0.173696
0.173717
0.173737
0.173758
0.173779
0.173800
0.173821
0.173841
0.173862
0.173883
0.173904
0.173925
0.173946
0.173966
0.173987
0.174008
0.174029
0.174050
0.174071
0.174091
0.174112
0.174133
0.174154
0.174175
0.174196
0.174217
0.174238
0.174258
0.174279
0.174300
0.174321
0.174342
0.174363
0.174384
0.174405
0.174425
0.174446
0.174467
0.174488
0.174509
0.174530
0.174551
0.174572
0.174593
0.174614
0.174635
0.174655
0.174676
0.174697
0.174718
0.174739
0.174760
0.174781
0.174802
0.174823
0.174844
0.174865
0.174886
0.174907
0.174928
0.174949
0.174970
0.174991
0.175011
0.175032
0.175053
0.175074
0.175095
0.175116
0.175137
0.175158
0.175179
0.175200
0.175221
0.175242
0.175263
0.175284
0.175305
0.175326
0.175347
0.175368
0.175389
0.175410
0.175431
0.175452
0.175473
0.175494
0.175515
0.175536
0.175557
0.175578
0.175599
0.175620
0.175641
0.175662
0.175683
0.175704
0.175726
0.175747
0.175768
0.175789
0.175810
0.175831
0.175852
0.175873
0.175894
0.175915
0.175936
0.175957
0.175978
0.175999
0.176020
0.176041
0.176062
0.176084
0.176105
0.176126
0.176147
0.176168
0.176189
0.176210
0.176231
0.176252
0.176273
0.176295
0.176316
0.176337
0.176358
0.176379
0.176400
0.176421
0.176442
0.176464
0.176485
0.176506
0.176527
0.176548
0.176569
0.176590
0.176611
0.176633
0.176654
0.176675
0.176696
0.176717
0.176738
0.176759
0.176781
0.176802
0.176823
0.176844
0.176865
0.176887
0.176908
0.176929
0.176950
0.176971
0.176992
0.177014
0.177035
0.177056
0.177077
0.177098
0.177120
0.177141
0.177162
0.177183
0.177204
0.177226
0.177247
0.177268
0.177289
0.177311
0.177332
0.177353
0.177374
0.177395
0.177417
0.177438
0.177459
0.177480
0.177502
0.177523
0.177544
0.177565
0.177587
0.177608
0.177629
0.177650
0.177672
0.177693
0.177714
0.177736
0.177757
0.177778
0.177799
0.177821
0.177842
0.177863
0.177885
0.177906
0.177927
0.177948
0.177970
0.177991
0.178012
0.178034
0.178055
0.178076
0.178098
0.178119
0.178140
0.178162
0.178183
0.178204
0.178226
0.178247
0.178268
0.178290
0.178311
0.178332
0.178354
0.178375
0.178396
0.178418
0.178439
0.178460
0.178482
0.178503
0.178524
0.178546
0.178567
0.178588
0.178610
0.178631
0.178653
0.178674
0.178695
0.178717
0.178738
0.178760
0.178781
0.178802
0.178824
0.178845
0.178866
0.178888
0.178909
0.178931
0.178952
0.178974
0.178995
0.179016
0.179038
0.179059
0.179081
0.179102
0.179124
0.179145
0.179166
0.179188
0.179209
0.179231
0.179252
0.179274
0.179295
0.179317
0.179338
0.179359
0.179381
0.179402
0.179424
0.179445
0.179467
0.179488
0.179510
0.179531
0.179553
0.179574
0.179596
0.179617
0.179639
0.179660
0.179682
0.179703
0.179725
0.179746
0.179768
0.179789
0.179811
0.179832
0.179854
0.179875
0.179897
0.179918
0.179940
0.179961
0.179983
0.180004
0.180026
0.180047
0.180069
0.180090
0.180112
0.180134
0.180155
0.180177
0.180198
0.180220
0.180241
0.180263
0.180284
0.180306
0.180328
0.180349
0.180371
0.180392
0.180414
0.180436
0.180457
0.180479
0.180500
0.180522
0.180543
0.180565
0.180587
0.180608
0.180630
0.180652
0.180673
0.180695
0.180716
0.180738
0.180760
0.180781
0.180803
0.180824
0.180846
0.180868
0.180889
0.180911
0.180933
0.180954
0.180976
0.180998
0.181019
0.181041
0.181062
0.181084
0.181106
0.181127
0.181149
0.181171
0.181192
0.181214
0.181236
0.181257
0.181279
0.181301
0.181322
0.181344
0.181366
0.181388
0.181409
0.181431
0.181453
0.181474
0.181496
0.181518
0.181539
0.181561
0.181583
0.181605
0.181626
0.181648
0.181670
0.181692
0.181713
0.181735
0.181757
0.181778
0.181800
0.181822
0.181844
0.181865
0.181887
0.181909
0.181931
0.181952
0.181974
0.181996
0.182018
0.182039
0.182061
0.182083
0.182105
0.182127
0.182148
0.182170
0.182192
0.182214
0.182235
0.182257
0.182279
0.182301
0.182323
0.182344
0.182366
0.182388
0.182410
0.182432
0.182454
0.182475
0.182497
0.182519
0.182541
0.182563
0.182584
0.182606
0.182628
0.182650
0.182672
0.182694
0.182715
0.182737
0.182759
0.182781
0.182803
0.182825
0.182847
0.182868
0.182890
0.182912
0.182934
0.182956
0.182978
0.183000
0.183022
0.183043
0.183065
0.183087
0.183109
0.183131
0.183153
0.183175
0.183197
0.183219
0.183240
0.183262
0.183284
0.183306
0.183328
0.183350
0.183372
0.183394
0.183416
0.183438
0.183460
0.183482
0.183504
0.183525
0.183547
0.183569
0.183591
0.183613
0.183635
0.183657
0.183679
0.183701
0.183723
0.183745
0.183767
0.183789
0.183811
0.183833
0.183855
0.183877
0.183899
0.183921
0.183943
0.183965
0.183987
0.184009
0.184031
0.184053
0.184075
0.184097
0.184119
0.184141
0.184163
0.184185
0.184207
0.184229
0.184251
0.184273
0.184295
0.184317
0.184339
0.184361
0.184383
0.184405
0.184427
0.184449
0.184471
0.184493
0.184515
0.184537
0.184559
0.184581
0.184603
0.184625
0.184648
0.184670
0.184692
0.184714
0.184736
0.184758
0.184780
0.184802
0.184824
0.184846
0.184868
0.184890
0.184913
0.184935
0.184957
0.184979
0.185001
0.185023
0.185045
0.185067
0.185089
0.185111
0.185134
0.185156
0.185178
0.185200
0.185222
0.185244
0.185266
0.185288
0.185311
0.185333
0.185355
0.185377
0.185399
0.185421
0.185444
0.185466
0.185488
0.185510
0.185532
0.185554
0.185577
0.185599
0.185621
0.185643
0.185665
0.185687
0.185710
0.185732
0.185754
0.185776
0.185798
0.185821
0.185843
0.185865
0.185887
0.185909
0.185932
0.185954
0.185976
0.185998
0.186020
0.186043
0.186065
0.186087
0.186109
0.186132
0.186154
0.186176
0.186198
0.186221
0.186243
0.186265
0.186287
0.186310
0.186332
0.186354
0.186376
0.186399
0.186421
0.186443
0.186465
0.186488
0.186510
0.186532
0.186555
0.186577
0.186599
0.186621
0.186644
0.186666
0.186688
0.186711
0.186733
0.186755
0.186777
0.186800
0.186822
0.186844
0.186867
0.186889
0.186911
0.186934
0.186956
0.186978
0.187001
0.187023
0.187045
0.187068
0.187090
0.187112
0.187135
0.187157
0.187179
0.187202
0.187224
0.187247
0.187269
0.187291
0.187314
0.187336
0.187358
0.187381
0.187403
0.187426
0.187448
0.187470
0.187493
0.187515
0.187537
0.187560
0.187582
0.187605
0.187627
0.187650
0.187672
0.187694
0.187717
0.187739
0.187762
0.187784
0.187806
0.187829
0.187851
0.187874
0.187896
0.187919
0.187941
0.187963
0.187986
0.188008
0.188031
0.188053
0.188076
0.188098
0.188121
0.188143
0.188166
0.188188
0.188210
0.188233
0.188255
0.188278
0.188300
0.188323
0.188345
0.188368
0.188390
0.188413
0.188435
0.188458
0.188480
0.188503
0.188525
0.188548
0.188570
0.188593
0.188615
0.188638
0.188660
0.188683
0.188706
0.188728
0.188751
0.188773
0.188796
0.188818
0.188841
0.188863
0.188886
0.188908
0.188931
0.188954
0.188976
0.188999
0.189021
0.189044
0.189066
0.189089
0.189111
0.189134
0.189157
0.189179
0.189202
0.189224
0.189247
0.189270
0.189292
0.189315
0.189337
0.189360
0.189383
0.189405
0.189428
0.189450
0.189473
0.189496
0.189518
0.189541
0.189564
0.189586
0.189609
0.189631
0.189654
0.189677
0.189699
0.189722
0.189745
0.189767
0.189790
0.189813
0.189835
0.189858
0.189881
0.189903
0.189926
0.189949
0.189971
0.189994
0.190017
0.190039
0.190062
0.190085
0.190107
0.190130
0.190153
0.190175
0.190198
0.190221
0.190243
0.190266
0.190289
0.190312
0.190334
0.190357
0.190380
0.190402
0.190425
0.190448
0.190471
0.190493
0.190516
0.190539
0.190562
0.190584
0.190607
0.190630
0.190653
0.190675
0.190698
0.190721
0.190744
0.190766
0.190789
0.190812
0.190835
0.190857
0.190880
0.190903
0.190926
0.190949
0.190971
0.190994
0.191017
0.191040
0.191063
0.191085
0.191108
0.191131
0.191154
0.191177
0.191199
0.191222
0.191245
0.191268
0.191291
0.191313
0.191336
0.191359
0.191382
0.191405
0.191428
0.191450
0.191473
0.191496
0.191519
0.191542
0.191565
0.191588
0.191610
0.191633
0.191656
0.191679
0.191702
0.191725
0.191748
0.191771
0.191793
0.191816
0.191839
0.191862
0.191885
0.191908
0.191931
0.191954
0.191977
0.191999
0.192022
0.192045
0.192068
0.192091
0.192114
0.192137
0.192160
0.192183
0.192206
0.192229
0.192252
0.192275
0.192297
0.192320
0.192343
0.192366
0.192389
0.192412
0.192435
0.192458
0.192481
0.192504
0.192527
0.192550
0.192573
0.192596
0.192619
0.192642
0.192665
0.192688
0.192711
0.192734
0.192757
0.192780
0.192803
0.192826
0.192849
0.192872
0.192895
0.192918
0.192941
0.192964
0.192987
0.193010
0.193033
0.193056
0.193079
0.193102
0.193125
0.193148
0.193171
0.193194
0.193217
0.193240
0.193263
0.193286
0.193309
0.193332
0.193355
0.193378
0.193401
0.193425
0.193448
0.193471
0.193494
0.193517
0.193540
0.193563
0.193586
0.193609
0.193632
0.193655
0.193678
0.193702
0.193725
0.193748
0.193771
0.193794
0.193817
0.193840
0.193863
0.193886
0.193910
0.193933
0.193956
0.193979
0.194002
0.194025
0.194048
0.194071
0.194095
0.194118
0.194141
0.194164
0.194187
0.194210
0.194234
0.194257
0.194280
0.194303
0.194326
0.194349
0.194373
0.194396
0.194419
0.194442
0.194465
0.194488
0.194512
0.194535
0.194558
0.194581
0.194604
0.194628
0.194651
0.194674
0.194697
0.194720
0.194744
0.194767
0.194790
0.194813
0.194837
0.194860
0.194883
0.194906
0.194929
0.194953
0.194976
0.194999
0.195022
0.195046
0.195069
0.195092
0.195116
0.195139
0.195162
0.195185
0.195209
0.195232
0.195255
0.195278
0.195302
0.195325
0.195348
0.195372
0.195395
0.195418
0.195441
0.195465
0.195488
0.195511
0.195535
0.195558
0.195581
0.195605
0.195628
0.195651
0.195675
0.195698
0.195721
0.195744
0.195768
0.195791
0.195814
0.195838
0.195861
0.195885
0.195908
0.195931
0.195955
0.195978
0.196001
0.196025
0.196048
0.196071
0.196095
0.196118
0.196142
0.196165
0.196188
0.196212
0.196235
0.196258
0.196282
0.196305
0.196329
0.196352
0.196375
0.196399
0.196422
0.196446
0.196469
0.196492
0.196516
0.196539
0.196563
0.196586
0.196610
0.196633
0.196656
0.196680
0.196703
0.196727
0.196750
0.196774
0.196797
0.196820
0.196844
0.196867
0.196891
0.196914
0.196938
0.196961
0.196985
0.197008
0.197032
0.197055
0.197079
0.197102
0.197126
0.197149
0.197173
0.197196
0.197220
0.197243
0.197267
0.197290
0.197313
0.197335
0.197358
0.197380
0.197402
0.197424
0.197447
0.197469
0.197491
0.197514
0.197536
0.197558
0.197580
0.197603
0.197625
0.197647
0.197670
0.197692
0.197714
0.197737
0.197759
0.197781
0.197803
0.197826
0.197848
0.197870
0.197893
0.197915
0.197937
0.197960
0.197982
0.198004
0.198027
0.198049
0.198071
0.198094
0.198116
0.198138
0.198161
0.198183
0.198206
0.198228
0.198250
0.198273
0.198295
0.198317
0.198340
0.198362
0.198385
0.198407
0.198429
0.198452
0.198474
0.198496
0.198519
0.198541
0.198564
0.198586
0.198608
0.198631
0.198653
0.198676
0.198698
0.198720
0.198743
0.198765
0.198788
0.198810
0.198833
0.198855
0.198877
0.198900
0.198922
0.198945
0.198967
0.198990
0.199012
0.199035
0.199057
0.199079
0.199102
0.199124
0.199147
0.199169
0.199192
0.199214
0.199237
0.199259
0.199282
0.199304
0.199327
0.199349
0.199372
0.199394
0.199417
0.199439
0.199462
0.199484
0.199507
0.199529
0.199552
0.199574
0.199597
0.199619
0.199642
0.199664
0.199687
0.199709
0.199732
0.199754
0.199777
0.199799
0.199822
0.199844
0.199867
0.199889
0.199912
0.199935
0.199957
0.199980
0.200002
0.200025
0.200047
0.200070
0.200092
0.200115
0.200138
0.200160
0.200183
0.200205
0.200228
0.200251
0.200273
0.200296
0.200318
0.200341
0.200364
0.200386
0.200409
0.200431
0.200454
0.200477
0.200499
0.200522
0.200544
0.200567
0.200590
0.200612
0.200635
0.200657
0.200680
0.200703
0.200725
0.200748
0.200771
0.200793
0.200816
0.200839
0.200861
0.200884
0.200907
0.200929
0.200952
0.200975
0.200997
0.201020
0.201043
0.201065
0.201088
0.201111
0.201133
0.201156
0.201179
0.201201
0.201224
0.201247
0.201269
0.201292
0.201315
0.201338
0.201360
0.201383
0.201406
0.201428
0.201451
0.201474
0.201497
0.201519
0.201542
0.201565
0.201587
0.201610
0.201633
0.201656
0.201678
0.201701
0.201724
0.201747
0.201769
0.201792
0.201815
0.201838
0.201860
0.201883
0.201906
0.201929
0.201951
0.201974
0.201997
0.202020
0.202043
0.202065
0.202088
0.202111
0.202134
0.202157
0.202179
0.202202
0.202225
0.202248
0.202271
0.202293
0.202316
0.202339
0.202362
0.202385
0.202407
0.202430
0.202453
0.202476
0.202499
0.202522
0.202544
0.202567
0.202590
0.202613
0.202636
0.202659
0.202681
0.202704
0.202727
0.202750
0.202773
0.202796
0.202819
0.202841
0.202864
0.202887
0.202910
0.202933
0.202956
0.202979
0.203002
0.203024
0.203047
0.203070
0.203093
0.203116
0.203139
0.203162
0.203185
0.203207
0.203230
0.203253
0.203276
0.203299
0.203322
0.203345
0.203368
0.203391
0.203414
0.203436
0.203459
0.203482
0.203505
0.203528
0.203551
0.203574
0.203597
0.203620
0.203643
0.203666
0.203689
0.203711
0.203734
0.203757
0.203780
0.203803
0.203826
0.203849
0.203872
0.203895
0.203918
0.203941
0.203964
0.203987
0.204010
0.204033
0.204056
0.204079
0.204102
0.204125
0.204148
0.204171
0.204194
0.204217
0.204240
0.204263
0.204286
0.204309
0.204332
0.204355
0.204378
0.204401
0.204424
0.204447
0.204470
0.204493
0.204516
0.204539
0.204562
0.204585
0.204608
0.204631
0.204654
0.204677
0.204700
0.204723
0.204746
0.204769
0.204792
0.204815
0.204839
0.204862
0.204885
0.204908
0.204931
0.204954
0.204977
0.205000
0.205023
0.205046
0.205069
0.205092
0.205116
0.205139
0.205162
0.205185
0.205208
0.205231
0.205254
0.205277
0.205300
0.205323
0.205347
0.205370
0.205393
0.205416
0.205439
0.205462
0.205485
0.205508
0.205532
0.205555
0.205578
0.205601
0.205624
0.205647
0.205670
0.205694
0.205717
0.205740
0.205763
0.205786
0.205809
0.205833
0.205856
0.205879
0.205902
0.205925
0.205949
0.205972
0.205995
0.206018
0.206041
0.206064
0.206088
0.206111
0.206134
0.206157
0.206180
0.206204
0.206227
0.206250
0.206273
0.206297
0.206320
0.206343
0.206366
0.206389
0.206413
0.206436
0.206459
0.206482
0.206506
0.206529
0.206552
0.206575
0.206599
0.206622
0.206645
0.206668
0.206692
0.206715
0.206738
0.206762
0.206785
0.206808
0.206831
0.206855
0.206878
0.206901
0.206924
0.206948
0.206971
0.206994
0.207018
0.207041
0.207064
0.207088
0.207111
0.207134
0.207158
0.207181
0.207204
0.207228
0.207251
0.207274
0.207297
0.207321
0.207344
0.207367
0.207391
0.207414
0.207438
0.207461
0.207484
0.207508
0.207531
0.207554
0.207578
0.207601
0.207624
0.207648
0.207671
0.207694
0.207718
0.207741
0.207765
0.207788
0.207811
0.207835
0.207858
0.207882
0.207905
0.207928
0.207952
0.207975
0.207999
0.208022
0.208045
0.208069
0.208092
0.208116
0.208139
0.208163
0.208186
0.208209
0.208233
0.208256
0.208280
0.208303
0.208327
0.208350
0.208373
0.208397
0.208420
0.208444
0.208467
0.208491
0.208514
0.208538
0.208561
0.208585
0.208608
0.208632
0.208655
0.208679
0.208702
0.208726
0.208749
0.208772
0.208796
0.208820
0.208843
0.208867
0.208890
0.208914
0.208937
0.208961
0.208984
0.209008
0.209031
0.209055
0.209078
0.209102
0.209125
0.209149
0.209172
0.209196
0.209219
0.209243
0.209266
0.209290
0.209314
0.209337
0.209361
0.209384
0.209408
0.209431
0.209455
0.209479
0.209502
0.209526
0.209549
0.209573
0.209596
0.209620
0.209644
0.209667
0.209691
0.209714
0.209738
0.209762
0.209785
0.209809
0.209832
0.209856
0.209880
0.209903
0.209927
0.209950
0.209974
0.209998
0.210021
0.210045
0.210069
0.210092
0.210116
0.210139
0.210163
0.210187
0.210210
0.210234
0.210258
0.210281
0.210305
0.210329
0.210352
0.210376
0.210400
0.210423
0.210447
0.210471
0.210494
0.210518
0.210542
0.210565
0.210589
0.210613
0.210637
0.210660
0.210684
0.210708
0.210731
0.210755
0.210779
0.210802
0.210826
0.210850
0.210874
0.210897
0.210921
0.210945
0.210969
0.210992
0.211016
0.211040
0.211064
0.211087
0.211111
0.211135
0.211159
0.211182
0.211206
0.211230
0.211254
0.211277
0.211301
0.211325
0.211349
0.211372
0.211396
0.211420
0.211444
0.211468
0.211491
0.211515
0.211539
0.211563
0.211587
0.211610
0.211634
0.211658
0.211682
0.211706
0.211730
0.211753
0.211777
0.211801
0.211825
0.211849
0.211872
0.211896
0.211920
0.211944
0.211968
0.211992
0.212015
0.212039
0.212063
0.212087
0.212111
0.212135
0.212159
0.212183
0.212206
0.212230
0.212254
0.212278
0.212302
0.212326
0.212350
0.212373
0.212397
0.212421
0.212445
0.212469
0.212493
0.212517
0.212541
0.212565
0.212589
0.212613
0.212636
0.212660
0.212684
0.212708
0.212732
0.212756
0.212780
0.212804
0.212828
0.212852
0.212876
0.212900
0.212924
0.212948
0.212972
0.212996
0.213020
0.213043
0.213067
0.213091
0.213115
0.213139
0.213163
0.213187
0.213211
0.213235
0.213259
0.213283
0.213307
0.213331
0.213355
0.213379
0.213403
0.213427
0.213451
0.213475
0.213499
0.213523
0.213547
0.213571
0.213595
0.213619
0.213643
0.213667
0.213691
0.213715
0.213739
0.213764
0.213788
0.213812
0.213836
0.213860
0.213884
0.213908
0.213932
0.213956
0.213980
0.214004
0.214028
0.214052
0.214076
0.214100
0.214124
0.214148
0.214173
0.214197
0.214221
0.214245
0.214269
0.214293
0.214317
0.214341
0.214365
0.214389
0.214414
0.214438
0.214462
0.214486
0.214510
0.214534
0.214558
0.214582
0.214607
0.214631
0.214655
0.214679
0.214703
0.214727
0.214751
0.214776
0.214800
0.214824
0.214848
0.214872
0.214896
0.214920
0.214945
0.214969
0.214993
0.215017
0.215041
0.215066
0.215090
0.215114
0.215138
0.215162
0.215187
0.215211
0.215235
0.215259
0.215283
0.215308
0.215332
0.215356
0.215380
0.215404
0.215429
0.215453
0.215477
0.215501
0.215526
0.215550
0.215574
0.215598
0.215622
0.215647
0.215671
0.215695
0.215719
0.215744
0.215768
0.215792
0.215816
0.215841
0.215865
0.215889
0.215914
0.215938
0.215962
0.215986
0.216011
0.216035
0.216059
0.216084
0.216108
0.216132
0.216157
0.216181
0.216205
0.216229
0.216254
0.216278
0.216302
0.216327
0.216351
0.216375
0.216400
0.216424
0.216448
0.216473
0.216497
0.216521
0.216546
0.216570
0.216594
0.216619
0.216643
0.216667
0.216692
0.216716
0.216741
0.216765
0.216789
0.216814
0.216838
0.216862
0.216887
0.216911
0.216936
0.216960
0.216984
0.217009
0.217033
0.217057
0.217082
0.217106
0.217131
0.217155
0.217180
0.217204
0.217228
0.217253
0.217277
0.217302
0.217326
0.217350
0.217375
0.217399
0.217424
0.217448
0.217473
0.217497
0.217522
0.217546
0.217570
0.217595
0.217619
0.217644
0.217668
0.217693
0.217717
0.217742
0.217766
0.217791
0.217815
0.217840
0.217864
0.217889
0.217913
0.217938
0.217962
0.217987
0.218011
0.218036
0.218060
0.218085
0.218109
0.218134
0.218158
0.218183
0.218207
0.218232
0.218256
0.218281
0.218305
0.218330
0.218354
0.218379
0.218404
0.218428
0.218453
0.218477
0.218502
0.218526
0.218551
0.218575
0.218600
0.218625
0.218649
0.218674
0.218698
0.218723
0.218747
0.218772
0.218797
0.218821
0.218846
0.218870
0.218895
0.218920
0.218944
0.218969
0.218993
0.219018
0.219043
0.219067
0.219092
0.219117
0.219141
0.219166
0.219190
0.219215
0.219240
0.219264
0.219289
0.219314
0.219338
0.219363
0.219388
0.219412
0.219437
0.219461
0.219486
0.219511
0.219536
0.219560
0.219585
0.219610
0.219634
0.219659
0.219684
0.219708
0.219733
0.219758
0.219782
0.219807
0.219832
0.219857
0.219881
0.219906
0.219931
0.219955
0.219980
0.220005
0.220030
0.220054
0.220079
0.220104
0.220128
0.220153
0.220178
0.220203
0.220227
0.220252
0.220277
0.220302
0.220326
0.220351
0.220376
0.220401
0.220425
0.220450
0.220475
0.220500
0.220525
0.220549
0.220574
0.220599
0.220624
0.220648
0.220673
0.220698
0.220723
0.220748
0.220772
0.220797
0.220822
0.220847
0.220872
0.220896
0.220921
0.220946
0.220971
0.220996
0.221021
0.221045
0.221070
0.221095
0.221120
0.221145
0.221170
0.221194
0.221219
0.221244
0.221269
0.221294
0.221319
0.221344
0.221368
0.221393
0.221418
0.221443
0.221468
0.221493
0.221518
0.221543
0.221568
0.221592
0.221617
0.221642
0.221667
0.221692
0.221717
0.221742
0.221767
0.221792
0.221817
0.221841
0.221866
0.221891
0.221916
0.221941
0.221966
0.221991
0.222016
0.222041
0.222066
0.222091
0.222116
0.222141
0.222166
0.222191
0.222216
0.222241
0.222266
0.222290
0.222316
0.222340
0.222365
0.222390
0.222415
0.222440
0.222465
0.222490
0.222515
0.222540
0.222565
0.222590
0.222615
0.222640
0.222665
0.222690
0.222715
0.222740
0.222765
0.222790
0.222816
0.222840
0.222866
0.222891
0.222916
0.222941
0.222966
0.222991
0.223016
0.223041
0.223066
0.223091
0.223116
0.223141
0.223166
0.223191
0.223216
0.223241
0.223266
0.223292
0.223317
0.223342
0.223367
0.223392
0.223417
0.223442
0.223467
0.223492
0.223517
0.223542
0.223568
0.223593
0.223618
0.223643
0.223668
0.223693
0.223718
0.223743
0.223768
0.223794
0.223819
0.223844
0.223869
0.223894
0.223919
0.223944
0.223970
0.223995
0.224020
0.224045
0.224070
0.224095
0.224121
0.224146
0.224171
0.224196
0.224221
0.224247
0.224272
0.224297
0.224322
0.224347
0.224372
0.224398
0.224423
0.224448
0.224473
0.224498
0.224524
0.224549
0.224574
0.224599
0.224625
0.224650
0.224675
0.224700
0.224725
0.224751
0.224776
0.224801
0.224826
0.224852
0.224877
0.224902
0.224927
0.224953
0.224978
0.225003
0.225028
0.225054
0.225079
0.225104
0.225130
0.225155
0.225180
0.225205
0.225231
0.225256
0.225281
0.225307
0.225332
0.225357
0.225382
0.225408
0.225433
0.225458
0.225484
0.225509
0.225534
0.225560
0.225585
0.225610
0.225636
0.225661
0.225686
0.225712
0.225737
0.225762
0.225788
0.225813
0.225838
0.225864
0.225889
0.225915
0.225940
0.225965
0.225991
0.226016
0.226041
0.226067
0.226092
0.226117
0.226143
0.226168
0.226194
0.226219
0.226244
0.226270
0.226295
0.226321
0.226346
0.226371
0.226397
0.226422
0.226448
0.226473
0.226499
0.226524
0.226549
0.226575
0.226600
0.226626
0.226651
0.226677
0.226702
0.226728
0.226753
0.226778
0.226804
0.226829
0.226855
0.226880
0.226906
0.226931
0.226957
0.226982
0.227008
0.227033
0.227059
0.227084
0.227110
0.227135
0.227161
0.227186
0.227212
0.227237
0.227263
0.227288
0.227314
0.227339
0.227365
0.227390
0.227416
0.227441
0.227467
0.227492
0.227518
0.227543
0.227569
0.227595
0.227620
0.227646
0.227671
0.227697
0.227722
0.227748
0.227773
0.227799
0.227824
0.227850
0.227876
0.227901
0.227927
0.227952
0.227978
0.228004
0.228029
0.228055
0.228080
0.228106
0.228132
0.228157
0.228183
0.228208
0.228234
0.228260
0.228285
0.228311
0.228336
0.228362
0.228388
0.228413
0.228439
0.228465
0.228490
0.228516
0.228542
0.228567
0.228593
0.228618
0.228644
0.228670
0.228696
0.228721
0.228747
0.228773
0.228798
0.228824
0.228850
0.228875
0.228901
0.228927
0.228952
0.228978
0.229004
0.229029
0.229055
0.229081
0.229107
0.229132
0.229158
0.229184
0.229209
0.229235
0.229261
0.229287
0.229312
0.229338
0.229364
0.229390
0.229415
0.229441
0.229467
0.229492
0.229518
0.229544
0.229570
0.229595
0.229621
0.229647
0.229673
0.229699
0.229724
0.229750
0.229776
0.229802
0.229827
0.229853
0.229879
0.229905
0.229931
0.229956
0.229982
0.230008
0.230034
0.230060
0.230085
0.230111
0.230137
0.230163
0.230189
0.230215
0.230240
0.230266
0.230292
0.230318
0.230344
0.230370
0.230395
0.230421
0.230447
0.230473
0.230499
0.230525
0.230551
0.230577
0.230602
0.230628
0.230654
0.230680
0.230706
0.230732
0.230758
0.230784
0.230809
0.230835
0.230861
0.230887
0.230913
0.230939
0.230965
0.230991
0.231017
0.231043
0.231069
0.231094
0.231120
0.231146
0.231172
0.231198
0.231224
0.231250
0.231276
0.231302
0.231328
0.231354
0.231380
0.231406
0.231432
0.231458
0.231484
0.231510
0.231536
0.231561
0.231588
0.231613
0.231639
0.231665
0.231691
0.231717
0.231743
0.231769
0.231795
0.231821
0.231847
0.231873
0.231899
0.231925
0.231952
0.231977
0.232004
0.232030
0.232056
0.232082
0.232108
0.232134
0.232160
0.232186
0.232212
0.232238
0.232264
0.232290
0.232316
0.232342
0.232368
0.232394
0.232420
0.232446
0.232472
0.232498
0.232524
0.232551
0.232577
0.232603
0.232629
0.232655
0.232681
0.232707
0.232733
0.232759
0.232785
0.232812
0.232838
0.232864
0.232890
0.232916
0.232942
0.232968
0.232994
0.233021
0.233047
0.233073
0.233099
0.233125
0.233151
0.233177
0.233204
0.233230
0.233256
0.233282
0.233308
0.233334
0.233361
0.233387
0.233413
0.233439
0.233465
0.233491
0.233518
0.233544
0.233570
0.233596
0.233622
0.233649
0.233675
0.233701
0.233727
0.233753
0.233780
0.233806
0.233832
0.233858
0.233885
0.233911
0.233937
0.233963
0.233989
0.234016
0.234042
0.234068
0.234094
0.234121
0.234147
0.234173
0.234199
0.234226
0.234252
0.234278
0.234304
0.234331
0.234357
0.234383
0.234410
0.234436
0.234462
0.234488
0.234515
0.234541
0.234567
0.234594
0.234620
0.234646
0.234673
0.234699
0.234725
0.234752
0.234778
0.234804
0.234830
0.234857
0.234883
0.234909
0.234936
0.234962
0.234989
0.235015
0.235041
0.235068
0.235094
0.235120
0.235147
0.235173
0.235199
0.235226
0.235252
0.235279
0.235305
0.235331
0.235358
0.235384
0.235410
0.235437
0.235463
0.235490
0.235516
0.235542
0.235569
0.235595
0.235622
0.235648
0.235674
0.235701
0.235727
0.235754
0.235780
0.235807
0.235833
0.235859
0.235886
0.235912
0.235939
0.235965
0.235992
0.236018
0.236045
0.236071
0.236098
0.236124
0.236151
0.236177
0.236203
0.236230
0.236256
0.236283
0.236309
0.236336
0.236362
0.236389
0.236415
0.236442
0.236468
0.236495
0.236521
0.236548
0.236574
0.236601
0.236627
0.236654
0.236680
0.236707
0.236734
0.236760
0.236787
0.236813
0.236840
0.236866
0.236893
0.236919
0.236946
0.236972
0.236999
0.237026
0.237052
0.237079
0.237105
0.237132
0.237158
0.237185
0.237212
0.237238
0.237265
0.237291
0.237318
0.237345
0.237371
0.237398
0.237424
0.237451
0.237478
0.237504
0.237531
0.237557
0.237584
0.237611
0.237637
0.237664
0.237691
0.237717
0.237744
0.237771
0.237797
0.237824
0.237850
0.237877
0.237904
0.237930
0.237957
0.237984
0.238011
0.238037
0.238064
0.238090
0.238117
0.238144
0.238171
0.238197
0.238224
0.238251
0.238277
0.238304
0.238331
0.238357
0.238384
0.238411
0.238438
0.238464
0.238491
0.238518
0.238545
0.238571
0.238598
0.238625
0.238651
0.238678
0.238705
0.238732
0.238758
0.238785
0.238812
0.238839
0.238865
0.238892
0.238919
0.238946
0.238972
0.238999
0.239026
0.239053
0.239080
0.239106
0.239133
0.239160
0.239187
0.239214
0.239240
0.239267
0.239294
0.239321
0.239348
0.239374
0.239401
0.239428
0.239455
0.239482
0.239509
0.239535
0.239562
0.239589
0.239616
0.239643
0.239670
0.239697
0.239723
0.239750
0.239777
0.239804
0.239831
0.239858
0.239885
0.239911
0.239938
0.239965
0.239992
0.240019
0.240046
0.240073
0.240100
0.240127
0.240153
0.240180
0.240207
0.240234
0.240261
0.240288
0.240315
0.240342
0.240369
0.240396
0.240423
0.240450
0.240477
0.240503
0.240530
0.240557
0.240584
0.240611
0.240638
0.240665
0.240692
0.240719
0.240746
0.240773
0.240800
0.240827
0.240854
0.240881
0.240908
0.240935
0.240962
0.240989
0.241016
0.241043
0.241070
0.241097
0.241124
0.241151
0.241178
0.241205
0.241232
0.241259
0.241286
0.241313
0.241340
0.241367
0.241394
0.241421
0.241448
0.241475
0.241502
0.241529
0.241556
0.241583
0.241610
0.241638
0.241665
0.241692
0.241719
0.241746
0.241773
0.241800
0.241827
0.241854
0.241881
0.241908
0.241935
0.241962
0.241990
0.242017
0.242044
0.242071
0.242098
0.242125
0.242152
0.242179
0.242207
0.242234
0.242261
0.242288
0.242315
0.242342
0.242369
0.242396
0.242424
0.242451
0.242478
0.242505
0.242532
0.242559
0.242586
0.242614
0.242641
0.242668
0.242695
0.242722
0.242750
0.242777
0.242804
0.242831
0.242858
0.242885
0.242913
0.242940
0.242967
0.242994
0.243022
0.243049
0.243076
0.243103
0.243130
0.243158
0.243185
0.243212
0.243239
0.243267
0.243294
0.243321
0.243348
0.243376
0.243403
0.243430
0.243457
0.243485
0.243512
0.243539
0.243566
0.243594
0.243621
0.243648
0.243675
0.243703
0.243730
0.243757
0.243785
0.243812
0.243839
0.243866
0.243894
0.243921
0.243948
0.243976
0.244003
0.244030
0.244058
0.244085
0.244112
0.244140
0.244167
0.244194
0.244222
0.244249
0.244276
0.244304
0.244331
0.244358
0.244386
0.244413
0.244440
0.244468
0.244495
0.244523
0.244550
0.244577
0.244605
0.244632
0.244660
0.244687
0.244714
0.244742
0.244769
0.244796
0.244824
0.244851
0.244879
0.244906
0.244933
0.244961
0.244988
0.245016
0.245043
0.245071
0.245098
0.245126
0.245153
0.245180
0.245208
0.245235
0.245263
0.245290
0.245318
0.245345
0.245373
0.245400
0.245427
0.245455
0.245482
0.245510
0.245537
0.245565
0.245592
0.245620
0.245647
0.245675
0.245702
0.245730
0.245757
0.245785
0.245812
0.245840
0.245867
0.245895
0.245922
0.245950
0.245977
0.246005
0.246033
0.246060
0.246088
0.246115
0.246143
0.246170
0.246198
0.246225
0.246253
0.246280
0.246308
0.246336
0.246363
0.246391
0.246418
0.246446
0.246474
0.246501
0.246529
0.246556
0.246584
0.246611
0.246639
0.246667
0.246694
0.246722
0.246749
0.246777
0.246805
0.246832
0.246860
0.246888
0.246915
0.246943
0.246970
0.246998
0.247026
0.247053
0.247081
0.247109
0.247136
0.247164
0.247192
0.247219
0.247247
0.247275
0.247302
0.247330
0.247358
0.247385
0.247413
0.247441
0.247468
0.247496
0.247524
0.247551
0.247579
0.247607
0.247635
0.247662
0.247690
0.247718
0.247745
0.247773
0.247801
0.247829
0.247856
0.247884
0.247912
0.247940
0.247967
0.247995
0.248023
0.248051
0.248078
0.248106
0.248134
0.248162
0.248189
0.248217
0.248245
0.248273
0.248300
0.248328
0.248356
0.248384
0.248412
0.248439
0.248467
0.248495
0.248523
0.248550
0.248578
0.248606
0.248633
0.248661
0.248688
0.248716
0.248743
0.248771
0.248798
0.248826
0.248854
0.248881
0.248909
0.248936
0.248964
0.248991
0.249019
0.249046
0.249074
0.249102
0.249129
0.249157
0.249184
0.249212
0.249240
0.249267
0.249295
0.249322
0.249350
0.249378
0.249405
0.249433
0.249460
0.249488
0.249516
0.249543
0.249571
0.249599
0.249626
0.249654
0.249682
0.249709
0.249737
0.249764
0.249792
0.249820
0.249847
0.249875
0.249903
0.249930
0.249958
0.249986
0.250013
0.250041
0.250069
0.250096
0.250124
0.250152
0.250179
0.250207
0.250235
0.250263
0.250290
0.250318
0.250346
0.250373
0.250401
0.250429
0.250457
0.250484
0.250512
0.250540
0.250568
0.250595
0.250623
0.250651
0.250678
0.250706
0.250734
0.250762
0.250789
0.250817
0.250845
0.250873
0.250901
0.250928
0.250956
0.250984
0.251012
0.251039
0.251067
0.251095
0.251123
0.251151
0.251178
0.251206
0.251234
0.251262
0.251290
0.251317
0.251345
0.251373
0.251401
0.251429
0.251457
0.251484
0.251512
0.251540
0.251568
0.251596
0.251624
0.251651
0.251679
0.251707
0.251735
0.251763
0.251791
0.251819
0.251846
0.251874
0.251902
0.251930
0.251958
0.251986
0.252014
0.252042
0.252069
0.252097
0.252125
0.252153
0.252181
0.252209
0.252237
0.252265
0.252293
0.252321
0.252349
0.252376
0.252404
0.252432
0.252460
0.252488
0.252516
0.252544
0.252572
0.252600
0.252628
0.252656
0.252684
0.252712
0.252740
0.252768
0.252796
0.252824
0.252852
0.252880
0.252908
0.252936
0.252964
0.252992
0.253020
0.253048
0.253076
0.253104
0.253132
0.253160
0.253188
0.253216
0.253244
0.253272
0.253300
0.253328
0.253356
0.253384
0.253412
0.253440
0.253468
0.253496
0.253524
0.253552
0.253580
0.253608
0.253636
0.253665
0.253693
0.253721
0.253749
0.253777
0.253805
0.253833
0.253862
0.253890
0.253918
0.253946
0.253974
0.254002
0.254031
0.254059
0.254087
0.254115
0.254143
0.254172
0.254200
0.254228
0.254256
0.254284
0.254313
0.254341
0.254369
0.254397
0.254425
0.254454
0.254482
0.254510
0.254538
0.254567
0.254595
0.254623
0.254651
0.254680
0.254708
0.254736
0.254764
0.254793
0.254821
0.254849
0.254878
0.254906
0.254934
0.254962
0.254991
0.255019
0.255047
0.255075
0.255104
0.255132
0.255160
0.255189
0.255217
0.255245
0.255274
0.255302
0.255330
0.255359
0.255387
0.255415
0.255444
0.255472
0.255500
0.255529
0.255557
0.255585
0.255614
0.255642
0.255670
0.255699
0.255727
0.255756
0.255784
0.255812
0.255841
0.255869
0.255898
0.255926
0.255954
0.255983
0.256011
0.256039
0.256068
0.256096
0.256125
0.256153
0.256182
0.256210
0.256238
0.256267
0.256295
0.256324
0.256352
0.256381
0.256409
0.256437
0.256466
0.256494
0.256523
0.256551
0.256580
0.256608
0.256637
0.256665
0.256694
0.256722
0.256751
0.256779
0.256808
0.256836
0.256864
0.256893
0.256921
0.256950
0.256978
0.257007
0.257035
0.257064
0.257093
0.257121
0.257150
0.257178
0.257207
0.257235
0.257264
0.257292
0.257321
0.257349
0.257378
0.257406
0.257435
0.257463
0.257492
0.257521
0.257549
0.257578
0.257606
0.257635
0.257663
0.257692
0.257721
0.257749
0.257778
0.257806
0.257835
0.257864
0.257892
0.257921
0.257949
0.257978
0.258007
0.258035
0.258064
0.258092
0.258121
0.258150
0.258178
0.258207
0.258236
0.258264
0.258293
0.258322
0.258350
0.258379
0.258407
0.258436
0.258465
0.258493
0.258522
0.258551
0.258579
0.258608
0.258636
0.258664
0.258692
0.258720
0.258748
0.258775
0.258803
0.258831
0.258859
0.258887
0.258915
0.258943
0.258971
0.258999
0.259027
0.259055
0.259083
0.259111
0.259139
0.259167
0.259195
0.259223
0.259251
0.259279
0.259307
0.259335
0.259363
0.259391
0.259419
0.259447
0.259475
0.259503
0.259531
0.259559
0.259587
0.259615
0.259643
0.259671
0.259699
0.259727
0.259755
0.259783
0.259811
0.259839
0.259868
0.259896
0.259924
0.259952
0.259980
0.260008
0.260036
0.260064
0.260092
0.260120
0.260148
0.260176
0.260204
0.260232
0.260261
0.260289
0.260317
0.260345
0.260373
0.260401
0.260429
0.260457
0.260485
0.260514
0.260542
0.260570
0.260598
0.260626
0.260654
0.260682
0.260710
0.260739
0.260767
0.260795
0.260823
0.260851
0.260879
0.260908
0.260936
0.260964
0.260992
0.261020
0.261048
0.261077
0.261105
0.261133
0.261161
0.261189
0.261218
0.261246
0.261274
0.261302
0.261330
0.261359
0.261387
0.261415
0.261443
0.261471
0.261500
0.261528
0.261556
0.261584
0.261612
0.261641
0.261669
0.261697
0.261726
0.261754
0.261782
0.261810
0.261839
0.261867
0.261895
0.261923
0.261952
0.261980
0.262008
0.262036
0.262065
0.262093
0.262121
0.262150
0.262178
0.262206
0.262234
0.262263
0.262291
0.262319
0.262348
0.262376
0.262404
0.262433
0.262461
0.262489
0.262518
0.262546
0.262574
0.262603
0.262631
0.262659
0.262688
0.262716
0.262744
0.262773
0.262801
0.262829
0.262858
0.262886
0.262914
0.262943
0.262971
0.263000
0.263028
0.263056
0.263085
0.263113
0.263141
0.263170
0.263198
0.263227
0.263255
0.263284
0.263312
0.263340
0.263369
0.263397
0.263426
0.263454
0.263482
0.263511
0.263539
0.263568
0.263596
0.263625
0.263653
0.263681
0.263710
0.263738
0.263767
0.263795
0.263824
0.263852
0.263881
0.263909
0.263938
0.263966
0.263995
0.264023
0.264052
0.264080
0.264108
0.264137
0.264165
0.264194
0.264223
0.264251
0.264280
0.264308
0.264337
0.264365
0.264394
0.264422
0.264451
0.264479
0.264508
0.264536
0.264565
0.264593
0.264622
0.264650
0.264679
0.264707
0.264736
0.264765
0.264793
0.264822
0.264850
0.264879
0.264907
0.264936
0.264965
0.264993
0.265022
0.265050
0.265079
0.265107
0.265136
0.265165
0.265193
0.265222
0.265251
0.265279
0.265308
0.265336
0.265365
0.265394
0.265422
0.265451
0.265479
0.265508
0.265537
0.265565
0.265594
0.265623
0.265651
0.265680
0.265709
0.265737
0.265766
0.265795
0.265823
0.265852
0.265881
0.265909
0.265938
0.265967
0.265995
0.266024
0.266053
0.266081
0.266110
0.266139
0.266168
0.266196
0.266225
0.266254
0.266282
0.266311
0.266340
0.266368
0.266397
0.266426
0.266455
0.266483
0.266512
0.266541
0.266570
0.266598
0.266627
0.266656
0.266685
0.266713
0.266742
0.266771
0.266800
0.266828
0.266857
0.266886
0.266915
0.266944
0.266972
0.267001
0.267030
0.267059
0.267087
0.267116
0.267145
0.267174
0.267203
0.267231
0.267259
0.267288
0.267316
0.267344
0.267372
0.267401
0.267429
0.267457
0.267485
0.267514
0.267542
0.267570
0.267598
0.267626
0.267655
0.267683
0.267711
0.267740
0.267768
0.267796
0.267824
0.267853
0.267881
0.267909
0.267937
0.267966
0.267994
0.268022
0.268051
0.268079
0.268107
0.268136
0.268164
0.268192
0.268220
0.268249
0.268277
0.268305
0.268334
0.268362
0.268390
0.268419
0.268447
0.268475
0.268504
0.268532
0.268560
0.268589
0.268617
0.268645
0.268674
0.268702
0.268731
0.268759
0.268787
0.268816
0.268844
0.268872
0.268901
0.268929
0.268958
0.268986
0.269014
0.269043
0.269071
0.269100
0.269128
0.269156
0.269185
0.269213
0.269242
0.269270
0.269298
0.269327
0.269355
0.269384
0.269412
0.269441
0.269469
0.269497
0.269526
0.269554
0.269583
0.269611
0.269640
0.269668
0.269697
0.269725
0.269754
0.269782
0.269810
0.269839
0.269867
0.269896
0.269924
0.269953
0.269981
0.270010
0.270038
0.270067
0.270095
0.270124
0.270152
0.270181
0.270209
0.270238
0.270266
0.270295
0.270323
0.270352
0.270380
0.270409
0.270438
0.270466
0.270495
0.270523
0.270552
0.270580
0.270609
0.270637
0.270666
0.270694
0.270723
0.270752
0.270780
0.270809
0.270837
0.270866
0.270895
0.270923
0.270952
0.270980
0.271009
0.271037
0.271066
0.271095
0.271123
0.271152
0.271180
0.271209
0.271238
0.271266
0.271295
0.271324
0.271352
0.271381
0.271409
0.271438
0.271467
0.271495
0.271524
0.271553
0.271581
0.271610
0.271639
0.271667
0.271696
0.271725
0.271753
0.271782
0.271811
0.271839
0.271868
0.271897
0.271925
0.271954
0.271983
0.272011
0.272040
0.272069
0.272097
0.272126
0.272155
0.272184
0.272212
0.272241
0.272270
0.272298
0.272327
0.272356
0.272385
0.272413
0.272442
0.272471
0.272500
0.272528
0.272557
0.272586
0.272615
0.272643
0.272672
0.272701
0.272730
0.272758
0.272787
0.272816
0.272845
0.272873
0.272902
0.272931
0.272960
0.272989
0.273017
0.273046
0.273075
0.273104
0.273133
0.273161
0.273190
0.273219
0.273248
0.273277
0.273306
0.273334
0.273363
0.273392
0.273421
0.273450
0.273479
0.273507
0.273536
0.273565
0.273594
0.273623
0.273652
0.273681
0.273709
0.273738
0.273767
0.273796
0.273825
0.273854
0.273883
0.273911
0.273940
0.273969
0.273998
0.274027
0.274056
0.274085
0.274114
0.274143
0.274172
0.274201
0.274229
0.274258
0.274287
0.274316
0.274345
0.274374
0.274403
0.274432
0.274461
0.274490
0.274519
0.274548
0.274577
0.274606
0.274635
0.274663
0.274692
0.274721
0.274750
0.274779
0.274808
0.274837
0.274866
0.274895
0.274924
0.274953
0.274982
0.275011
0.275040
0.275069
0.275098
0.275127
0.275156
0.275185
0.275214
0.275243
0.275272
0.275301
0.275330
0.275359
0.275388
0.275417
0.275446
0.275475
0.275505
0.275534
0.275563
0.275592
0.275621
0.275650
0.275679
0.275708
0.275737
0.275766
0.275795
0.275824
0.275853
0.275882
0.275911
0.275941
0.275970
0.275999
0.276028
0.276057
0.276086
0.276115
0.276144
0.276173
0.276202
0.276232
0.276261
0.276290
0.276319
0.276348
0.276377
0.276406
0.276435
0.276465
0.276494
0.276523
0.276552
0.276581
0.276610
0.276639
0.276669
0.276698
0.276727
0.276756
0.276785
0.276814
0.276844
0.276873
0.276902
0.276931
0.276960
0.276990
0.277019
0.277048
0.277077
0.277106
0.277136
0.277165
0.277194
0.277223
0.277253
0.277282
0.277311
0.277340
0.277369
0.277399
0.277428
0.277457
0.277486
0.277516
0.277545
0.277574
0.277603
0.277633
0.277662
0.277691
0.277720
0.277750
0.277779
0.277808
0.277837
0.277867
0.277896
0.277925
0.277955
0.277984
0.278013
0.278042
0.278072
0.278101
0.278130
0.278160
0.278189
0.278218
0.278248
0.278277
0.278306
0.278336
0.278365
0.278394
0.278424
0.278453
0.278482
0.278512
0.278541
0.278570
0.278600
0.278629
0.278658
0.278688
0.278717
0.278746
0.278776
0.278805
0.278835
0.278864
0.278893
0.278923
0.278952
0.278982
0.279011
0.279040
0.279070
0.279099
0.279129
0.279158
0.279187
0.279217
0.279246
0.279276
0.279305
0.279334
0.279364
0.279393
0.279423
0.279452
0.279482
0.279511
0.279541
0.279570
0.279599
0.279629
0.279658
0.279688
0.279717
0.279747
0.279776
0.279806
0.279835
0.279865
0.279894
0.279924
0.279953
0.279983
0.280012
0.280042
0.280071
0.280101
0.280130
0.280160
0.280189
0.280219
0.280248
0.280278
0.280307
0.280337
0.280366
0.280396
0.280425
0.280455
0.280484
0.280514
0.280544
0.280573
0.280603
0.280632
0.280662
0.280691
0.280721
0.280750
0.280780
0.280810
0.280839
0.280869
0.280898
0.280928
0.280957
0.280987
0.281017
0.281046
0.281076
0.281105
0.281135
0.281165
0.281194
0.281224
0.281254
0.281283
0.281313
0.281342
0.281372
0.281402
0.281431
0.281461
0.281491
0.281520
0.281550
0.281580
0.281609
0.281639
0.281669
0.281698
0.281728
0.281758
0.281787
0.281817
0.281847
0.281876
0.281906
0.281936
0.281965
0.281995
0.282025
0.282054
0.282084
0.282114
0.282144
0.282173
0.282203
0.282233
0.282262
0.282292
0.282322
0.282352
0.282381
0.282411
0.282441
0.282470
0.282500
0.282530
0.282560
0.282589
0.282619
0.282649
0.282679
0.282708
0.282738
0.282768
0.282798
0.282828
0.282857
0.282887
0.282917
0.282947
0.282976
0.283006
0.283036
0.283066
0.283096
0.283126
0.283155
0.283185
0.283215
0.283245
0.283275
0.283304
0.283334
0.283364
0.283394
0.283424
0.283454
0.283483
0.283513
0.283543
0.283573
0.283603
0.283633
0.283663
0.283692
0.283722
0.283752
0.283782
0.283812
0.283842
0.283872
0.283902
0.283931
0.283961
0.283991
0.284021
0.284051
0.284081
0.284111
0.284141
0.284171
0.284201
0.284230
0.284260
0.284290
0.284320
0.284350
0.284380
0.284410
0.284440
0.284470
0.284500
0.284530
0.284560
0.284590
0.284620
0.284650
0.284680
0.284710
0.284739
0.284769
0.284799
0.284829
0.284859
0.284889
0.284919
0.284949
0.284979
0.285009
0.285039
0.285069
0.285099
0.285129
0.285159
0.285189
0.285219
0.285249
0.285279
0.285309
0.285339
0.285369
0.285399
0.285430
0.285460
0.285490
0.285520
0.285550
0.285580
0.285610
0.285640
0.285670
0.285700
0.285730
0.285760
0.285790
0.285820
0.285850
0.285880
0.285911
0.285941
0.285971
0.286001
0.286031
0.286061
0.286091
0.286121
0.286151
0.286181
0.286212
0.286242
0.286272
0.286302
0.286332
0.286362
0.286392
0.286422
0.286452
0.286483
0.286513
0.286543
0.286573
0.286603
0.286633
0.286664
0.286694
0.286724
0.286754
0.286784
0.286814
0.286845
0.286875
0.286905
0.286935
0.286965
0.286996
0.287026
0.287056
0.287086
0.287116
0.287147
0.287177
0.287207
0.287237
0.287267
0.287298
0.287328
0.287358
0.287388
0.287419
0.287449
0.287479
0.287509
0.287540
0.287570
0.287600
0.287630
0.287661
0.287691
0.287721
0.287751
0.287782
0.287812
0.287842
0.287872
0.287903
0.287933
0.287963
0.287994
0.288024
0.288054
0.288084
0.288115
0.288145
0.288175
0.288206
0.288236
0.288266
0.288297
0.288327
0.288357
0.288388
0.288418
0.288448
0.288479
0.288509
0.288539
0.288570
0.288600
0.288630
0.288661
0.288691
0.288721
0.288752
0.288782
0.288813
0.288843
0.288873
0.288904
0.288934
0.288965
0.288995
0.289025
0.289056
0.289086
0.289116
0.289147
0.289177
0.289208
0.289238
0.289269
0.289299
0.289329
0.289360
0.289390
0.289421
0.289451
0.289482
0.289512
0.289542
0.289573
0.289603
0.289634
0.289664
0.289695
0.289725
0.289756
0.289786
0.289817
0.289847
0.289878
0.289908
0.289938
0.289969
0.289999
0.290030
0.290060
0.290091
0.290121
0.290152
0.290182
0.290213
0.290243
0.290274
0.290305
0.290335
0.290366
0.290396
0.290427
0.290457
0.290488
0.290518
0.290549
0.290579
0.290610
0.290641
0.290671
0.290702
0.290732
0.290763
0.290793
0.290824
0.290854
0.290885
0.290916
0.290946
0.290977
0.291007
0.291038
0.291069
0.291099
0.291130
0.291160
0.291191
0.291222
0.291252
0.291283
0.291313
0.291344
0.291375
0.291405
0.291436
0.291467
0.291497
0.291528
0.291559
0.291589
0.291620
0.291650
0.291681
0.291712
0.291742
0.291773
0.291804
0.291835
0.291865
0.291896
0.291927
0.291957
0.291988
0.292019
0.292049
0.292080
0.292111
0.292141
0.292172
0.292203
0.292234
0.292264
0.292295
0.292326
0.292356
0.292387
0.292418
0.292449
0.292479
0.292510
0.292541
0.292572
0.292602
0.292633
0.292664
0.292695
0.292725
0.292756
0.292787
0.292818
0.292849
0.292879
0.292910
0.292941
0.292972
0.293002
0.293033
0.293064
0.293095
0.293126
0.293156
0.293187
0.293218
0.293249
0.293280
0.293310
0.293341
0.293372
0.293403
0.293434
0.293465
0.293495
0.293526
0.293557
0.293588
0.293619
0.293650
0.293680
0.293711
0.293742
0.293773
0.293804
0.293835
0.293866
0.293897
0.293927
0.293958
0.293989
0.294020
0.294051
0.294082
0.294113
0.294144
0.294175
0.294206
0.294236
0.294267
0.294298
0.294329
0.294360
0.294391
0.294422
0.294453
0.294484
0.294515
0.294546
0.294577
0.294608
0.294639
0.294670
0.294700
0.294731
0.294762
0.294793
0.294824
0.294855
0.294886
0.294917
0.294948
0.294979
0.295010
0.295041
0.295072
0.295103
0.295134
0.295165
0.295196
0.295227
0.295258
0.295289
0.295320
0.295351
0.295382
0.295413
0.295444
0.295475
0.295507
0.295538
0.295569
0.295600
0.295631
0.295662
0.295693
0.295724
0.295755
0.295786
0.295817
0.295848
0.295879
0.295910
0.295941
0.295972
0.296003
0.296035
0.296066
0.296097
0.296128
0.296159
0.296190
0.296221
0.296252
0.296283
0.296315
0.296346
0.296377
0.296408
0.296439
0.296470
0.296501
0.296532
0.296564
0.296595
0.296626
0.296657
0.296688
0.296719
0.296751
0.296782
0.296813
0.296844
0.296875
0.296906
0.296938
0.296969
0.297000
0.297031
0.297062
0.297093
0.297125
0.297156
0.297187
0.297218
0.297250
0.297281
0.297312
0.297343
0.297374
0.297406
0.297437
0.297468
0.297499
0.297531
0.297562
0.297593
0.297624
0.297656
0.297687
0.297718
0.297749
0.297781
0.297812
0.297843
0.297874
0.297906
0.297937
0.297968
0.298000
0.298031
0.298062
0.298093
0.298125
0.298156
0.298187
0.298219
0.298250
0.298281
0.298313
0.298344
0.298375
0.298407
0.298438
0.298469
0.298501
0.298532
0.298563
0.298594
0.298624
0.298654
0.298685
0.298715
0.298745
0.298776
0.298806
0.298836
0.298867
0.298897
0.298927
0.298958
0.298988
0.299018
0.299049
0.299079
0.299109
0.299140
0.299170
0.299200
0.299231
0.299261
0.299292
0.299322
0.299352
0.299383
0.299413
0.299444
0.299474
0.299504
0.299535
0.299565
0.299595
0.299626
0.299656
0.299687
0.299717
0.299748
0.299778
0.299808
0.299839
0.299869
0.299900
0.299930
0.299961
0.299991
0.300021
0.300052
0.300082
0.300113
0.300143
0.300174
0.300204
0.300235
0.300265
0.300296
0.300326
0.300357
0.300387
0.300418
0.300448
0.300478
0.300509
0.300539
0.300570
0.300600
0.300631
0.300661
0.300692
0.300723
0.300753
0.300784
0.300814
0.300845
0.300875
0.300906
0.300936
0.300967
0.300997
0.301028
0.301058
0.301089
0.301119
0.301150
0.301181
0.301211
0.301242
0.301272
0.301303
0.301333
0.301364
0.301394
0.301425
0.301456
0.301486
0.301517
0.301547
0.301578
0.301609
0.301639
0.301670
0.301700
0.301731
0.301762
0.301792
0.301823
0.301854
0.301884
0.301915
0.301945
0.301976
0.302007
0.302037
0.302068
0.302099
0.302129
0.302160
0.302191
0.302221
0.302252
0.302283
0.302313
0.302344
0.302375
0.302405
0.302436
0.302467
0.302497
0.302528
0.302559
0.302589
0.302620
0.302651
0.302681
0.302712
0.302743
0.302774
0.302804
0.302835
0.302866
0.302896
0.302927
0.302958
0.302989
0.303019
0.303050
0.303081
0.303112
0.303142
0.303173
0.303204
0.303235
0.303265
0.303296
0.303327
0.303358
0.303388
0.303419
0.303450
0.303481
0.303512
0.303542
0.303573
0.303604
0.303635
0.303665
0.303696
0.303727
0.303758
0.303789
0.303819
0.303850
0.303881
0.303912
0.303943
0.303974
0.304004
0.304035
0.304066
0.304097
0.304128
0.304159
0.304189
0.304220
0.304251
0.304282
0.304313
0.304344
0.304375
0.304406
0.304436
0.304467
0.304498
0.304529
0.304560
0.304591
0.304622
0.304653
0.304683
0.304714
0.304745
0.304776
0.304807
0.304838
0.304869
0.304900
0.304931
0.304962
0.304993
0.305024
0.305054
0.305085
0.305116
0.305147
0.305178
0.305209
0.305240
0.305271
0.305302
0.305333
0.305363
0.305392
0.305421
0.305450
0.305479
0.305508
0.305537
0.305566
0.305595
0.305624
0.305653
0.305682
0.305711
0.305740
0.305769
0.305798
0.305827
0.305856
0.305885
0.305913
0.305943
0.305971
0.306000
0.306029
0.306058
0.306087
0.306116
0.306145
0.306174
0.306203
0.306232
0.306261
0.306290
0.306319
0.306348
0.306378
0.306406
0.306436
0.306465
0.306494
0.306523
0.306552
0.306581
0.306610
0.306639
0.306668
0.306697
0.306726
0.306755
0.306784
0.306813
0.306842
0.306871
0.306900
0.306929
0.306958
0.306987
0.307017
0.307046
0.307075
0.307104
0.307133
0.307162
0.307191
0.307220
0.307249
0.307278
0.307308
0.307337
0.307366
0.307395
0.307424
0.307453
0.307482
0.307511
0.307540
0.307570
0.307599
0.307628
0.307657
0.307686
0.307715
0.307744
0.307774
0.307803
0.307832
0.307861
0.307890
0.307919
0.307948
0.307978
0.308007
0.308036
0.308065
0.308094
0.308124
0.308153
0.308182
0.308211
0.308240
0.308269
0.308299
0.308328
0.308357
0.308386
0.308415
0.308445
0.308474
0.308503
0.308532
0.308562
0.308591
0.308620
0.308649
0.308678
0.308708
0.308737
0.308766
0.308795
0.308825
0.308854
0.308883
0.308912
0.308942
0.308971
0.309000
0.309029
0.309059
0.309088
0.309117
0.309146
0.309176
0.309205
0.309234
0.309264
0.309293
0.309322
0.309351
0.309381
0.309410
0.309439
0.309469
0.309498
0.309527
0.309557
0.309586
0.309615
0.309645
0.309674
0.309703
0.309732
0.309762
0.309791
0.309820
0.309850
0.309879
0.309909
0.309938
0.309967
0.309997
0.310026
0.310055
0.310085
0.310114
0.310143
0.310173
0.310202
0.310232
0.310261
0.310290
0.310320
0.310349
0.310378
0.310408
0.310437
0.310467
0.310496
0.310525
0.310555
0.310584
0.310614
0.310643
0.310672
0.310702
0.310731
0.310761
0.310790
0.310819
0.310849
0.310878
0.310908
0.310937
0.310967
0.310996
0.311025
0.311055
0.311084
0.311114
0.311143
0.311173
0.311202
0.311232
0.311261
0.311291
0.311320
0.311350
0.311379
0.311408
0.311438
0.311467
0.311497
0.311526
0.311556
0.311585
0.311615
0.311644
0.311674
0.311703
0.311733
0.311762
0.311791
0.311821
0.311850
0.311880
0.311909
0.311938
0.311968
0.311997
0.312026
0.312056
0.312085
0.312115
0.312144
0.312173
0.312203
0.312232
0.312262
0.312291
0.312320
0.312350
0.312379
0.312409
0.312438
0.312467
0.312497
0.312526
0.312556
0.312585
0.312614
0.312644
0.312673
0.312703
0.312732
0.312762
0.312791
0.312821
0.312850
0.312879
0.312909
0.312938
0.312968
0.312997
0.313027
0.313056
0.313086
0.313115
0.313145
0.313174
0.313204
0.313233
0.313263
0.313292
0.313322
0.313351
0.313381
0.313410
0.313440
0.313469
0.313498
0.313528
0.313558
0.313587
0.313617
0.313646
0.313676
0.313705
0.313735
0.313764
0.313794
0.313823
0.313853
0.313882
0.313912
0.313941
0.313971
0.314001
0.314030
0.314060
0.314089
0.314119
0.314148
0.314178
0.314208
0.314237
0.314267
0.314296
0.314326
0.314355
0.314385
0.314415
0.314444
0.314474
0.314503
0.314533
0.314563
0.314592
0.314622
0.314651
0.314681
0.314711
0.314740
0.314770
0.314800
0.314829
0.314859
0.314888
0.314918
0.314948
0.314977
0.315007
0.315037
0.315066
0.315096
0.315126
0.315155
0.315185
0.315215
0.315244
0.315274
0.315304
0.315333
0.315363
0.315393
0.315422
0.315452
0.315482
0.315511
0.315541
0.315571
0.315600
0.315630
0.315660
0.315690
0.315719
0.315749
0.315779
0.315808
0.315838
0.315868
0.315898
0.315927
0.315957
0.315987
0.316016
0.316046
0.316076
0.316106
0.316135
0.316165
0.316195
0.316225
0.316255
0.316284
0.316314
0.316344
0.316374
0.316403
0.316433
0.316463
0.316493
0.316522
0.316552
0.316582
0.316612
0.316642
0.316671
0.316701
0.316731
0.316761
0.316791
0.316820
0.316850
0.316880
0.316910
0.316940
0.316970
0.316999
0.317029
0.317059
0.317089
0.317119
0.317148
0.317178
0.317208
0.317238
0.317268
0.317298
0.317328
0.317357
0.317387
0.317417
0.317447
0.317477
0.317507
0.317537
0.317567
0.317596
0.317626
0.317656
0.317686
0.317716
0.317746
0.317776
0.317806
0.317835
0.317865
0.317895
0.317925
0.317955
0.317985
0.318015
0.318045
0.318075
0.318105
0.318135
0.318165
0.318195
0.318225
0.318254
0.318284
0.318314
0.318344
0.318374
0.318404
0.318434
0.318464
0.318494
0.318524
0.318554
0.318584
0.318614
0.318644
0.318674
0.318704
0.318734
0.318764
0.318794
0.318824
0.318854
0.318884
0.318914
0.318944
0.318974
0.319004
0.319034
0.319064
0.319094
0.319124
0.319154
0.319184
0.319214
0.319244
0.319274
0.319304
0.319334
0.319364
0.319394
0.319424
0.319454
0.319484
0.319514
0.319544
0.319574
0.319605
0.319635
0.319665
0.319695
0.319725
0.319755
0.319785
0.319815
0.319845
0.319875
0.319905
0.319935
0.319965
0.319996
0.320026
0.320056
0.320086
0.320116
0.320146
0.320176
0.320206
0.320236
0.320267
0.320297
0.320327
0.320357
0.320387
0.320417
0.320447
0.320477
0.320508
0.320538
0.320568
0.320598
0.320628
0.320658
0.320689
0.320719
0.320749
0.320779
0.320809
0.320839
0.320869
0.320900
0.320930
0.320960
0.320990
0.321020
0.321051
0.321081
0.321111
0.321141
0.321171
0.321202
0.321232
0.321262
0.321292
0.321323
0.321353
0.321383
0.321413
0.321443
0.321474
0.321504
0.321534
0.321564
0.321595
0.321625
0.321655
0.321685
0.321716
0.321746
0.321776
0.321806
0.321837
0.321867
0.321897
0.321927
0.321958
0.321988
0.322018
0.322049
0.322079
0.322109
0.322139
0.322170
0.322200
0.322230
0.322261
0.322291
0.322321
0.322352
0.322382
0.322412
0.322442
0.322473
0.322503
0.322533
0.322564
0.322594
0.322624
0.322655
0.322685
0.322715
0.322746
0.322776
0.322807
0.322837
0.322867
0.322898
0.322928
0.322958
0.322989
0.323019
0.323049
0.323080
0.323110
0.323141
0.323171
0.323201
0.323232
0.323262
0.323293
0.323323
0.323353
0.323384
0.323414
0.323445
0.323475
0.323505
0.323536
0.323566
0.323597
0.323627
0.323658
0.323688
0.323718
0.323749
0.323779
0.323810
0.323840
0.323871
0.323901
0.323931
0.323962
0.323992
0.324023
0.324053
0.324084
0.324114
0.324145
0.324175
0.324206
0.324236
0.324267
0.324297
0.324328
0.324358
0.324389
0.324419
0.324450
0.324480
0.324511
0.324541
0.324572
0.324602
0.324633
0.324663
0.324694
0.324724
0.324755
0.324785
0.324816
0.324846
0.324877
0.324907
0.324938
0.324969
0.324999
0.325030
0.325060
0.325091
0.325121
0.325152
0.325182
0.325213
0.325244
0.325274
0.325305
0.325335
0.325366
0.325397
0.325427
0.325458
0.325488
0.325519
0.325549
0.325580
0.325611
0.325641
0.325672
0.325702
0.325733
0.325764
0.325794
0.325825
0.325856
0.325886
0.325917
0.325947
0.325978
0.326009
0.326039
0.326070
0.326101
0.326131
0.326162
0.326193
0.326223
0.326254
0.326285
0.326315
0.326346
0.326377
0.326407
0.326438
0.326469
0.326499
0.326530
0.326561
0.326592
0.326622
0.326653
0.326684
0.326714
0.326745
0.326776
0.326806
0.326837
0.326868
0.326899
0.326929
0.326960
0.326991
0.327021
0.327052
0.327083
0.327114
0.327144
0.327175
0.327206
0.327237
0.327267
0.327298
0.327329
0.327360
0.327390
0.327421
0.327452
0.327483
0.327514
0.327544
0.327575
0.327606
0.327637
0.327668
0.327698
0.327729
0.327760
0.327791
0.327822
0.327852
0.327883
0.327914
0.327945
0.327976
0.328006
0.328037
0.328068
0.328099
0.328130
0.328161
0.328191
0.328222
0.328253
0.328284
0.328315
0.328346
0.328376
0.328407
0.328438
0.328469
0.328500
0.328531
0.328562
0.328593
0.328623
0.328654
0.328685
0.328716
0.328747
0.328778
0.328809
0.328840
0.328871
0.328901
0.328932
0.328963
0.328994
0.329025
0.329056
0.329087
0.329118
0.329149
0.329180
0.329211
0.329242
0.329272
0.329303
0.329334
0.329365
0.329396
0.329427
0.329458
0.329489
0.329520
0.329551
0.329582
0.329613
0.329644
0.329675
0.329706
0.329737
0.329768
0.329799
0.329830
0.329861
0.329892
0.329923
0.329954
0.329985
0.330016
0.330047
0.330078
0.330109
0.330140
0.330171
0.330202
0.330233
0.330264
0.330295
0.330326
0.330357
0.330388
0.330419
0.330450
0.330481
0.330512
0.330543
0.330574
0.330605
0.330636
0.330667
0.330699
0.330730
0.330761
0.330792
0.330823
0.330854
0.330885
0.330916
0.330947
0.330978
0.331009
0.331040
0.331072
0.331103
0.331134
0.331165
0.331196
0.331227
0.331258
0.331289
0.331320
0.331352
0.331383
0.331414
0.331445
0.331476
0.331507
0.331538
0.331569
0.331601
0.331632
0.331663
0.331694
0.331725
0.331756
0.331787
0.331819
0.331850
0.331881
0.331912
0.331943
0.331975
0.332006
0.332037
0.332068
0.332099
0.332131
0.332162
0.332193
0.332224
0.332255
0.332287
0.332318
0.332349
0.332380
0.332411
0.332443
0.332474
0.332505
0.332536
0.332568
0.332599
0.332630
0.332661
0.332692
0.332724
0.332755
0.332786
0.332817
0.332849
0.332880
0.332911
0.332942
0.332974
0.333005
0.333036
0.333068
0.333099
0.333130
0.333161
0.333193
0.333224
0.333255
0.333287
0.333318
0.333349
0.333381
0.333412
0.333443
0.333475
0.333506
0.333537
0.333568
0.333600
0.333631
0.333662
0.333694
0.333725
0.333756
0.333788
0.333819
0.333850
0.333882
0.333913
0.333945
0.333976
0.334007
0.334039
0.334070
0.334101
0.334133
0.334164
0.334195
0.334227
0.334258
0.334290
0.334321
0.334352
0.334384
0.334415
0.334447
0.334478
0.334509
0.334541
0.334572
0.334604
0.334635
0.334666
0.334698
0.334729
0.334761
0.334792
0.334824
0.334855
0.334887
0.334918
0.334949
0.334981
0.335012
0.335044
0.335075
0.335107
0.335138
0.335170
0.335201
0.335233
0.335264
0.335295
0.335327
0.335358
0.335390
0.335421
0.335453
0.335484
0.335516
0.335547
0.335579
0.335611
0.335642
0.335674
0.335705
0.335737
0.335768
0.335800
0.335831
0.335863
0.335894
0.335926
0.335957
0.335989
0.336020
0.336052
0.336083
0.336115
0.336146
0.336178
0.336210
0.336241
0.336273
0.336304
0.336336
0.336367
0.336399
0.336431
0.336462
0.336494
0.336525
0.336557
0.336589
0.336620
0.336652
0.336683
0.336715
0.336747
0.336778
0.336810
0.336841
0.336873
0.336905
0.336936
0.336968
0.337000
0.337031
0.337063
0.337094
0.337126
0.337158
0.337189
0.337221
0.337253
0.337284
0.337316
0.337348
0.337379
0.337411
0.337443
0.337474
0.337506
0.337538
0.337569
0.337601
0.337633
0.337664
0.337696
0.337728
0.337760
0.337791
0.337823
0.337855
0.337886
0.337918
0.337950
0.337981
0.338013
0.338045
0.338077
0.338108
0.338140
0.338172
0.338204
0.338235
0.338267
0.338299
0.338331
0.338362
0.338394
0.338426
0.338458
0.338489
0.338521
0.338553
0.338585
0.338616
0.338648
0.338680
0.338712
0.338744
0.338775
0.338807
0.338839
0.338871
0.338903
0.338934
0.338966
0.338998
0.339030
0.339062
0.339093
0.339125
0.339157
0.339189
0.339221
0.339253
0.339284
0.339316
0.339348
0.339380
0.339412
0.339444
0.339475
0.339507
0.339539
0.339571
0.339603
0.339635
0.339667
0.339699
0.339730
0.339762
0.339794
0.339826
0.339858
0.339890
0.339922
0.339954
0.339986
0.340017
0.340049
0.340081
0.340113
0.340145
0.340177
0.340209
0.340241
0.340273
0.340305
0.340337
0.340369
0.340400
0.340432
0.340464
0.340496
0.340528
0.340560
0.340592
0.340624
0.340656
0.340688
0.340720
0.340752
0.340784
0.340816
0.340848
0.340880
0.340912
0.340944
0.340976
0.341008
0.341040
0.341072
0.341104
0.341136
0.341168
0.341200
0.341232
0.341264
0.341296
0.341328
0.341360
0.341392
0.341424
0.341456
0.341488
0.341520
0.341552
0.341584
0.341616
0.341648
0.341680
0.341712
0.341744
0.341776
0.341809
0.341841
0.341873
0.341905
0.341937
0.341969
0.342001
0.342033
0.342065
0.342097
0.342129
0.342161
0.342193
0.342226
0.342258
0.342290
0.342322
0.342354
0.342386
0.342418
0.342450
0.342482
0.342515
0.342547
0.342579
0.342611
0.342643
0.342675
0.342707
0.342740
0.342772
0.342804
0.342836
0.342868
0.342900
0.342933
0.342965
0.342997
0.343029
0.343061
0.343093
0.343126
0.343158
0.343190
0.343222
0.343254
0.343287
0.343319
0.343351
0.343383
0.343415
0.343448
0.343480
0.343512
0.343544
0.343576
0.343609
0.343641
0.343673
0.343705
0.343737
0.343770
0.343802
0.343834
0.343867
0.343899
0.343931
0.343963
0.343996
0.344028
0.344060
0.344092
0.344125
0.344157
0.344189
0.344221
0.344254
0.344286
0.344318
0.344351
0.344383
0.344415
0.344447
0.344480
0.344512
0.344544
0.344577
0.344609
0.344641
0.344674
0.344706
0.344738
0.344771
0.344803
0.344835
0.344868
0.344900
0.344932
0.344965
0.344997
0.345029
0.345062
0.345094
0.345126
0.345159
0.345191
0.345223
0.345256
0.345288
0.345321
0.345353
0.345385
0.345418
0.345450
0.345482
0.345515
0.345547
0.345580
0.345612
0.345645
0.345677
0.345709
0.345742
0.345774
0.345807
0.345839
0.345871
0.345904
0.345936
0.345969
0.346001
0.346034
0.346066
0.346098
0.346131
0.346163
0.346196
0.346228
0.346261
0.346293
0.346326
0.346358
0.346391
0.346423
0.346456
0.346488
0.346521
0.346553
0.346585
0.346618
0.346650
0.346683
0.346716
0.346748
0.346781
0.346813
0.346846
0.346878
0.346911
0.346943
0.346976
0.347008
0.347041
0.347073
0.347106
0.347138
0.347171
0.347203
0.347236
0.347269
0.347301
0.347334
0.347366
0.347399
0.347431
0.347464
0.347496
0.347529
0.347562
0.347594
0.347627
0.347659
0.347692
0.347724
0.347757
0.347790
0.347822
0.347855
0.347887
0.347920
0.347953
0.347985
0.348018
0.348051
0.348083
0.348116
0.348148
0.348181
0.348214
0.348246
0.348279
0.348312
0.348344
0.348377
0.348410
0.348442
0.348475
0.348508
0.348540
0.348573
0.348606
0.348638
0.348671
0.348704
0.348736
0.348769
0.348802
0.348834
0.348867
0.348900
0.348932
0.348965
0.348998
0.349031
0.349063
0.349096
0.349129
0.349161
0.349194
0.349227
0.349260
0.349292
0.349325
0.349358
0.349390
0.349423
0.349456
0.349489
0.349521
0.349554
0.349587
0.349620
0.349653
0.349685
0.349718
0.349751
0.349784
0.349816
0.349849
0.349882
0.349915
0.349947
0.349980
0.350013
0.350046
0.350079
0.350112
0.350144
0.350177
0.350210
0.350243
0.350276
0.350308
0.350341
0.350374
0.350407
0.350440
0.350473
0.350505
0.350538
0.350571
0.350604
0.350637
0.350670
0.350703
0.350735
0.350768
0.350801
0.350834
0.350867
0.350900
0.350933
0.350965
0.350998
0.351031
0.351064
0.351097
0.351130
0.351163
0.351196
0.351229
0.351262
0.351294
0.351327
0.351360
0.351393
0.351426
0.351459
0.351492
0.351525
0.351558
0.351591
0.351624
0.351657
0.351690
0.351723
0.351755
0.351788
0.351821
0.351854
0.351887
0.351920
0.351953
0.351986
0.352019
0.352052
0.352085
0.352118
0.352151
0.352184
0.352217
0.352250
0.352283
0.352316
0.352349
0.352382
0.352415
0.352448
0.352481
0.352514
0.352547
0.352580
0.352613
0.352646
0.352679
0.352712
0.352745
0.352778
0.352812
0.352844
0.352878
0.352911
0.352944
0.352977
0.353010
0.353043
0.353076
0.353109
0.353142
0.353175
0.353208
0.353241
0.353274
0.353308
0.353341
0.353374
0.353407
0.353440
0.353473
0.353506
0.353539
0.353572
0.353605
0.353639
0.353672
0.353705
0.353738
0.353771
0.353804
0.353837
0.353870
0.353904
0.353937
0.353970
0.354003
0.354036
0.354069
0.354103
0.354136
0.354169
0.354202
0.354235
0.354268
0.354302
0.354335
0.354368
0.354401
0.354434
0.354467
0.354501
0.354534
0.354567
0.354600
0.354634
0.354667
0.354700
0.354733
0.354766
0.354800
0.354833
0.354866
0.354899
0.354933
0.354966
0.354999
0.355032
0.355065
0.355099
0.355132
0.355165
0.355198
0.355232
0.355265
0.355298
0.355332
0.355365
0.355398
0.355431
0.355465
0.355498
0.355531
0.355565
0.355598
0.355631
0.355664
0.355698
0.355731
0.355764
0.355798
0.355831
0.355864
0.355898
0.355931
0.355964
0.355998
0.356031
0.356064
0.356098
0.356131
0.356164
0.356198
0.356231
0.356264
0.356298
0.356331
0.356364
0.356398
0.356431
0.356464
0.356498
0.356531
0.356565
0.356598
0.356631
0.356665
0.356698
0.356732
0.356765
0.356798
0.356832
0.356865
0.356899
0.356932
0.356965
0.356999
0.357032
0.357066
0.357099
0.357133
0.357166
0.357199
0.357233
0.357266
0.357300
0.357333
0.357367
0.357400
0.357433
0.357467
0.357500
0.357534
0.357567
0.357601
0.357634
0.357668
0.357701
0.357735
0.357768
0.357802
0.357835
0.357869
0.357902
0.357936
0.357969
0.358003
0.358036
0.358070
0.358103
0.358137
0.358170
0.358204
0.358237
0.358271
0.358304
0.358338
0.358371
0.358405
0.358439
0.358472
0.358506
0.358539
0.358573
0.358606
0.358640
0.358673
0.358707
0.358741
0.358774
0.358808
0.358841
0.358875
0.358908
0.358942
0.358976
0.359009
0.359043
0.359076
0.359110
0.359144
0.359177
0.359211
0.359245
0.359278
0.359312
0.359345
0.359379
0.359413
0.359446
0.359480
0.359514
0.359547
0.359581
0.359615
0.359648
0.359682
0.359715
0.359749
0.359783
0.359816
0.359850
0.359884
0.359918
0.359951
0.359985
0.360019
0.360052
0.360086
0.360120
0.360153
0.360187
0.360221
0.360254
0.360288
0.360322
0.360356
0.360389
0.360423
0.360457
0.360490
0.360524
0.360558
0.360592
0.360625
0.360659
0.360693
0.360727
0.360760
0.360794
0.360828
0.360862
0.360895
0.360929
0.360963
0.360997
0.361031
0.361064
0.361098
0.361132
0.361166
0.361199
0.361233
0.361267
0.361301
0.361335
0.361368
0.361402
0.361436
0.361470
0.361504
0.361538
0.361571
0.361605
0.361639
0.361673
0.361707
0.361740
0.361774
0.361808
0.361842
0.361876
0.361910
0.361944
0.361977
0.362011
0.362045
0.362079
0.362113
0.362147
0.362181
0.362215
0.362248
0.362282
0.362316
0.362350
0.362384
0.362418
0.362452
0.362486
0.362520
0.362553
0.362587
0.362621
0.362655
0.362689
0.362723
0.362757
0.362791
0.362825
0.362859
0.362893
0.362927
0.362961
0.362995
0.363029
0.363062
0.363096
0.363130
0.363164
0.363198
0.363232
0.363266
0.363300
0.363334
0.363368
0.363402
0.363436
0.363470
0.363504
0.363538
0.363572
0.363606
0.363640
0.363674
0.363708
0.363742
0.363776
0.363810
0.363844
0.363878
0.363912
0.363946
0.363980
0.364015
0.364049
0.364083
0.364117
0.364151
0.364185
0.364219
0.364253
0.364287
0.364321
0.364355
0.364389
0.364423
0.364457
0.364491
0.364525
0.364559
0.364594
0.364628
0.364662
0.364696
0.364730
0.364764
0.364798
0.364832
0.364866
0.364901
0.364935
0.364969
0.365003
0.365037
0.365071
0.365105
0.365140
0.365174
0.365208
0.365242
0.365276
0.365310
0.365344
0.365378
0.365413
0.365447
0.365481
0.365515
0.365549
0.365584
0.365618
0.365652
0.365686
0.365720
0.365754
0.365789
0.365823
0.365857
0.365891
0.365925
0.365960
0.365994
0.366028
0.366062
0.366097
0.366131
0.366165
0.366199
0.366234
0.366268
0.366302
0.366336
0.366370
0.366405
0.366439
0.366473
0.366507
0.366542
0.366576
0.366610
0.366645
0.366679
0.366713
0.366747
0.366782
0.366816
0.366850
0.366885
0.366919
0.366953
0.366988
0.367022
0.367056
0.367090
0.367125
0.367159
0.367193
0.367228
0.367262
0.367296
0.367331
0.367365
0.367399
0.367434
0.367468
0.367502
0.367537
0.367571
0.367606
0.367640
0.367674
0.367709
0.367743
0.367777
0.367812
0.367846
0.367880
0.367915
0.367949
0.367984
0.368018
0.368052
0.368087
0.368121
0.368156
0.368190
0.368224
0.368259
0.368293
0.368328
0.368362
0.368396
0.368431
0.368465
0.368500
0.368534
0.368569
0.368603
0.368638
0.368672
0.368707
0.368741
0.368775
0.368810
0.368844
0.368879
0.368913
0.368948
0.368982
0.369017
0.369051
0.369086
0.369120
0.369155
0.369189
0.369224
0.369258
0.369293
0.369327
0.369362
0.369396
0.369431
0.369465
0.369500
0.369534
0.369569
0.369603
0.369638
0.369672
0.369707
0.369741
0.369776
0.369811
0.369845
0.369880
0.369914
0.369949
0.369983
0.370018
0.370053
0.370087
0.370122
0.370156
0.370191
0.370225
0.370260
0.370295
0.370329
0.370364
0.370399
0.370433
0.370468
0.370502
0.370537
0.370572
0.370606
0.370641
0.370675
0.370710
0.370745
0.370779
0.370814
0.370849
0.370883
0.370918
0.370953
0.370987
0.371022
0.371057
0.371091
0.371126
0.371161
0.371195
0.371230
0.371265
0.371299
0.371334
0.371369
0.371403
0.371438
0.371473
0.371507
0.371542
0.371577
0.371612
0.371646
0.371681
0.371716
0.371750
0.371785
0.371820
0.371855
0.371889
0.371924
0.371959
0.371994
0.372028
0.372063
0.372098
0.372133
0.372167
0.372202
0.372237
0.372272
0.372306
0.372341
0.372376
0.372411
0.372445
0.372480
0.372515
0.372550
0.372585
0.372620
0.372654
0.372689
0.372724
0.372759
0.372793
0.372828
0.372863
0.372898
0.372933
0.372968
0.373002
0.373037
0.373072
0.373107
0.373142
0.373177
0.373212
0.373246
0.373281
0.373316
0.373351
0.373386
0.373421
0.373456
0.373490
0.373525
0.373560
0.373595
0.373630
0.373665
0.373700
0.373735
0.373770
0.373804
0.373839
0.373874
0.373909
0.373944
0.373979
0.374014
0.374049
0.374084
0.374119
0.374154
0.374189
0.374224
0.374258
0.374293
0.374328
0.374363
0.374398
0.374433
0.374468
0.374503
0.374538
0.374573
0.374608
0.374643
0.374678
0.374713
0.374748
0.374783
0.374818
0.374853
0.374888
0.374923
0.374958
0.374993
0.375028
0.375063
0.375098
0.375133
0.375168
0.375203
0.375238
0.375273
0.375308
0.375343
0.375378
0.375413
0.375448
0.375483
0.375519
0.375554
0.375589
0.375624
0.375659
0.375694
0.375729
0.375764
0.375799
0.375834
0.375869
0.375904
0.375939
0.375975
0.376010
0.376045
0.376080
0.376115
0.376150
0.376185
0.376220
0.376255
0.376291
0.376326
0.376361
0.376396
0.376431
0.376466
0.376501
0.376537
0.376572
0.376607
0.376642
0.376677
0.376712
0.376747
0.376783
0.376818
0.376853
0.376888
0.376923
0.376958
0.376994
0.377029
0.377064
0.377099
0.377134
0.377170
0.377205
0.377240
0.377275
0.377310
0.377346
0.377381
0.377416
0.377451
0.377487
0.377522
0.377557
0.377592
0.377627
0.377663
0.377698
0.377733
0.377768
0.377804
0.377839
0.377874
0.377910
0.377945
0.377980
0.378015
0.378051
0.378086
0.378121
0.378156
0.378192
0.378227
0.378262
0.378298
0.378333
0.378368
0.378403
0.378439
0.378474
0.378509
0.378545
0.378580
0.378615
0.378651
0.378686
0.378721
0.378757
0.378792
0.378827
0.378863
0.378898
0.378934
0.378969
0.379004
0.379040
0.379075
0.379110
0.379146
0.379181
0.379216
0.379252
0.379287
0.379323
0.379358
0.379393
0.379429
0.379464
0.379500
0.379535
0.379570
0.379606
0.379641
0.379677
0.379712
0.379748
0.379783
0.379818
0.379854
0.379889
0.379925
0.379960
0.379996
0.380031
0.380067
0.380102
0.380137
0.380173
0.380208
0.380244
0.380279
0.380315
0.380350
0.380386
0.380421
0.380457
0.380492
0.380528
0.380563
0.380599
0.380634
0.380670
0.380705
0.380741
0.380776
0.380812
0.380847
0.380883
0.380918
0.380954
0.380989
0.381025
0.381060
0.381096
0.381132
0.381167
0.381203
0.381238
0.381274
0.381309
0.381345
0.381380
0.381416
0.381452
0.381487
0.381523
0.381558
0.381594
0.381630
0.381665
0.381701
0.381736
0.381772
0.381808
0.381843
0.381879
0.381914
0.381950
0.381986
0.382021
0.382057
0.382093
0.382128
0.382164
0.382199
0.382235
0.382271
0.382306
0.382342
0.382378
0.382413
0.382449
0.382485
0.382520
0.382556
0.382592
0.382627
0.382663
0.382699
0.382734
0.382770
0.382806
0.382842
0.382877
0.382913
0.382949
0.382984
0.383020
0.383056
0.383091
0.383127
0.383163
0.383199
0.383234
0.383270
0.383306
0.383342
0.383377
0.383413
0.383449
0.383485
0.383520
0.383556
0.383592
0.383628
0.383663
0.383699
0.383735
0.383771
0.383806
0.383842
0.383878
0.383914
0.383950
0.383986
0.384021
0.384057
0.384093
0.384129
0.384165
0.384200
0.384236
0.384272
0.384308
0.384344
0.384379
0.384415
0.384451
0.384487
0.384523
0.384559
0.384595
0.384630
0.384666
0.384702
0.384738
0.384774
0.384810
0.384846
0.384882
0.384917
0.384953
0.384989
0.385025
0.385061
0.385097
0.385133
0.385169
0.385204
0.385240
0.385276
0.385312
0.385348
0.385384
0.385420
0.385456
0.385492
0.385528
0.385564
0.385600
0.385636
0.385672
0.385707
0.385743
0.385779
0.385815
0.385851
0.385887
0.385923
0.385959
0.385995
0.386031
0.386067
0.386103
0.386139
0.386175
0.386211
0.386247
0.386283
0.386319
0.386355
0.386391
0.386427
0.386463
0.386499
0.386535
0.386571
0.386607
0.386643
0.386679
0.386715
0.386751
0.386787
0.386823
0.386859
0.386896
0.386932
0.386968
0.387004
0.387040
0.387076
0.387112
0.387148
0.387184
0.387220
0.387256
0.387292
0.387328
0.387364
0.387401
0.387437
0.387473
0.387509
0.387545
0.387581
0.387617
0.387653
0.387689
0.387726
0.387762
0.387798
0.387834
0.387870
0.387906
0.387942
0.387979
0.388015
0.388051
0.388087
0.388123
0.388159
0.388195
0.388232
0.388268
0.388304
0.388340
0.388376
0.388413
0.388449
0.388485
0.388521
0.388557
0.388594
0.388630
0.388666
0.388702
0.388738
0.388774
0.388811
0.388847
0.388883
0.388919
0.388956
0.388992
0.389028
0.389064
0.389101
0.389137
0.389173
0.389209
0.389246
0.389282
0.389318
0.389354
0.389391
0.389427
0.389463
0.389500
0.389536
0.389572
0.389608
0.389645
0.389681
0.389717
0.389754
0.389790
0.389826
0.389863
0.389899
0.389935
0.389971
0.390008
0.390044
0.390080
0.390117
0.390153
0.390190
0.390226
0.390262
0.390298
0.390335
0.390371
0.390408
0.390444
0.390480
0.390517
0.390553
0.390589
0.390626
0.390662
0.390698
0.390735
0.390771
0.390808
0.390844
0.390881
0.390917
0.390953
0.390990
0.391026
0.391063
0.391099
0.391135
0.391172
0.391208
0.391245
0.391281
0.391317
0.391354
0.391390
0.391427
0.391463
0.391500
0.391536
0.391573
0.391609
0.391646
0.391682
0.391719
0.391755
0.391792
0.391828
0.391865
0.391901
0.391938
0.391974
0.392010
0.392047
0.392083
0.392120
0.392156
0.392193
0.392230
0.392266
0.392303
0.392339
0.392376
0.392412
0.392449
0.392485
0.392522
0.392558
0.392595
0.392631
0.392668
0.392705
0.392741
0.392778
0.392814
0.392851
0.392887
0.392924
0.392961
0.392997
0.393034
0.393070
0.393107
0.393144
0.393180
0.393217
0.393253
0.393290
0.393326
0.393363
0.393400
0.393436
0.393473
0.393510
0.393546
0.393583
0.393620
0.393656
0.393693
0.393729
0.393766
0.393803
0.393839
0.393876
0.393913
0.393949
0.393986
0.394023
0.394059
0.394096
0.394133
0.394170
0.394206
0.394243
0.394280
0.394316
0.394353
0.394390
0.394426
0.394463
0.394500
0.394536
0.394573
0.394610
0.394647
0.394683
0.394720
0.394757
0.394794
0.394830
0.394867
0.394904
0.394941
0.394977
0.395014
0.395051
0.395088
0.395124
0.395161
0.395198
0.395235
0.395272
0.395308
0.395345
0.395382
0.395419
0.395455
0.395492
0.395529
0.395566
0.395603
0.395640
0.395676
0.395713
0.395750
0.395787
0.395824
0.395860
0.395897
0.395934
0.395971
0.396008
0.396045
0.396082
0.396118
0.396155
0.396192
0.396229
0.396266
0.396303
0.396340
0.396377
0.396413
0.396450
0.396487
0.396524
0.396561
0.396598
0.396635
0.396672
0.396708
0.396745
0.396782
0.396819
0.396856
0.396893
0.396930
0.396967
0.397004
0.397041
0.397078
0.397115
0.397152
0.397189
0.397226
0.397263
0.397299
0.397336
0.397373
0.397410
0.397447
0.397484
0.397521
0.397558
0.397595
0.397632
0.397669
0.397706
0.397743
0.397780
0.397817
0.397854
0.397891
0.397928
0.397965
0.398002
0.398039
0.398076
0.398113
0.398150
0.398187
0.398225
0.398261
0.398299
0.398336
0.398373
0.398410
0.398447
0.398484
0.398521
0.398558
0.398595
0.398632
0.398669
0.398706
0.398743
0.398780
0.398817
0.398855
0.398892
0.398929
0.398966
0.399003
0.399040
0.399077
0.399114
0.399151
0.399189
0.399226
0.399263
0.399300
0.399337
0.399374
0.399411
0.399449
0.399486
0.399523
0.399560
0.399597
0.399634
0.399671
0.399709
0.399746
0.399783
0.399820
0.399857
0.399895
0.399932
0.399969
0.400006
0.400043
0.400080
0.400118
0.400155
0.400192
0.400228
0.400264
0.400300
0.400336
0.400372
0.400408
0.400443
0.400479
0.400515
0.400551
0.400587
0.400623
0.400659
0.400695
0.400731
0.400766
0.400802
0.400838
0.400874
0.400910
0.400946
0.400982
0.401018
0.401054
0.401090
0.401126
0.401162
0.401198
0.401233
0.401269
0.401305
0.401341
0.401377
0.401413
0.401449
0.401485
0.401521
0.401557
0.401593
0.401629
0.401665
0.401701
0.401737
0.401773
0.401809
0.401845
0.401881
0.401917
0.401953
0.401989
0.402025
0.402061
0.402097
0.402133
0.402169
0.402205
0.402241
0.402277
0.402313
0.402349
0.402385
0.402421
0.402457
0.402493
0.402529
0.402565
0.402602
0.402638
0.402674
0.402710
0.402746
0.402782
0.402818
0.402854
0.402890
0.402926
0.402962
0.402998
0.403034
0.403071
0.403107
0.403143
0.403179
0.403215
0.403251
0.403287
0.403323
0.403359
0.403395
0.403432
0.403468
0.403504
0.403540
0.403576
0.403612
0.403648
0.403685
0.403721
0.403757
0.403793
0.403829
0.403865
0.403902
0.403938
0.403974
0.404010
0.404046
0.404082
0.404119
0.404155
0.404191
0.404227
0.404263
0.404300
0.404336
0.404372
0.404408
0.404444
0.404481
0.404517
0.404553
0.404589
0.404626
0.404662
0.404698
0.404734
0.404770
0.404807
0.404843
0.404879
0.404915
0.404952
0.404988
0.405024
0.405060
0.405097
0.405133
0.405169
0.405206
0.405242
0.405278
0.405314
0.405351
0.405387
0.405423
0.405460
0.405496
0.405532
0.405568
0.405605
0.405641
0.405677
0.405714
0.405750
0.405786
0.405823
0.405859
0.405895
0.405932
0.405968
0.406004
0.406041
0.406077
0.406113
0.406150
0.406186
0.406223
0.406259
0.406295
0.406332
0.406368
0.406404
0.406441
0.406477
0.406514
0.406550
0.406586
0.406623
0.406659
0.406696
0.406732
0.406768
0.406805
0.406841
0.406878
0.406914
0.406950
0.406987
0.407023
0.407060
0.407096
0.407133
0.407169
0.407205
0.407242
0.407278
0.407315
0.407351
0.407388
0.407424
0.407461
0.407497
0.407534
0.407570
0.407607
0.407643
0.407679
0.407716
0.407752
0.407789
0.407825
0.407862
0.407899
0.407935
0.407972
0.408008
0.408045
0.408081
0.408118
0.408154
0.408191
0.408227
0.408264
0.408300
0.408337
0.408373
0.408410
0.408446
0.408483
0.408520
0.408556
0.408593
0.408629
0.408666
0.408702
0.408739
0.408775
0.408812
0.408849
0.408885
0.408922
0.408958
0.408995
0.409031
0.409068
0.409105
0.409141
0.409178
0.409215
0.409251
0.409288
0.409324
0.409361
0.409398
0.409434
0.409471
0.409508
0.409544
0.409581
0.409618
0.409654
0.409691
0.409728
0.409764
0.409801
0.409837
0.409874
0.409911
0.409947
0.409984
0.410021
0.410058
0.410094
0.410131
0.410168
0.410204
0.410241
0.410278
0.410314
0.410351
0.410388
0.410425
0.410461
0.410498
0.410535
0.410571
0.410608
0.410645
0.410682
0.410718
0.410755
0.410792
0.410829
0.410865
0.410902
0.410939
0.410976
0.411012
0.411049
0.411086
0.411123
0.411160
0.411196
0.411233
0.411270
0.411307
0.411344
0.411380
0.411417
0.411454
0.411491
0.411527
0.411564
0.411601
0.411638
0.411675
0.411712
0.411748
0.411785
0.411822
0.411859
0.411896
0.411933
0.411969
0.412006
0.412043
0.412080
0.412117
0.412154
0.412190
0.412227
0.412264
0.412301
0.412338
0.412375
0.412412
0.412449
0.412486
0.412522
0.412559
0.412596
0.412633
0.412670
0.412707
0.412744
0.412781
0.412818
0.412855
0.412892
0.412928
0.412965
0.413002
0.413039
0.413076
0.413113
0.413150
0.413187
0.413224
0.413261
0.413298
0.413335
0.413372
0.413409
0.413446
0.413483
0.413520
0.413557
0.413594
0.413631
0.413668
0.413705
0.413741
0.413776
0.413811
0.413846
0.413882
0.413917
0.413952
0.413987
0.414023
0.414058
0.414093
0.414129
0.414164
0.414199
0.414235
0.414270
0.414305
0.414340
0.414376
0.414411
0.414446
0.414482
0.414517
0.414552
0.414588
0.414623
0.414658
0.414694
0.414729
0.414764
0.414800
0.414835
0.414870
0.414906
0.414941
0.414976
0.415012
0.415047
0.415083
0.415118
0.415153
0.415189
0.415224
0.415259
0.415295
0.415330
0.415366
0.415401
0.415436
0.415472
0.415507
0.415543
0.415578
0.415613
0.415649
0.415684
0.415720
0.415755
0.415790
0.415826
0.415861
0.415897
0.415932
0.415967
0.416002
0.416037
0.416072
0.416107
0.416142
0.416177
0.416212
0.416247
0.416282
0.416317
0.416351
0.416387
0.416421
0.416456
0.416491
0.416526
0.416561
0.416596
0.416631
0.416666
0.416701
0.416736
0.416771
0.416806
0.416841
0.416877
0.416912
0.416947
0.416982
0.417017
0.417052
0.417087
0.417122
0.417157
0.417192
0.417227
0.417262
0.417297
0.417332
0.417367
0.417402
0.417437
0.417472
0.417504
0.417537
0.417569
0.417602
0.417634
0.417667
0.417700
0.417732
0.417765
0.417797
0.417830
0.417863
0.417895
0.417928
0.417960
0.417993
0.418026
0.418058
0.418091
0.418124
0.418156
0.418189
0.418221
0.418254
0.418287
0.418319
0.418352
0.418385
0.418417
0.418450
0.418483
0.418515
0.418548
0.418580
0.418613
0.418646
0.418678
0.418711
0.418744
0.418777
0.418809
0.418842
0.418874
0.418907
0.418940
0.418973
0.419005
0.419038
0.419071
0.419103
0.419136
0.419169
0.419201
0.419234
0.419267
0.419300
0.419332
0.419365
0.419398
0.419430
0.419463
0.419496
0.419529
0.419561
0.419594
0.419627
0.419659
0.419692
0.419725
0.419758
0.419790
0.419823
0.419856
0.419889
0.419921
0.419954
0.419987
0.420020
0.420052
0.420085
0.420118
0.420151
0.420184
0.420216
0.420249
0.420282
0.420315
0.420347
0.420380
0.420413
0.420446
0.420479
0.420511
0.420544
0.420577
0.420610
0.420643
0.420675
0.420708
0.420741
0.420774
0.420807
0.420839
0.420872
0.420905
0.420938
0.420971
0.421004
0.421036
0.421069
0.421102
0.421135
0.421168
0.421201
0.421233
0.421266
0.421299
0.421332
0.421365
0.421398
0.421431
0.421463
0.421496
0.421529
0.421562
0.421595
0.421628
0.421661
0.421694
0.421727
0.421759
0.421792
0.421825
0.421858
0.421891
0.421924
0.421957
0.421990
0.422022
0.422055
0.422088
0.422121
0.422154
0.422187
0.422220
0.422253
0.422286
0.422319
0.422352
0.422385
0.422418
0.422451
0.422483
0.422516
0.422549
0.422582
0.422615
0.422648
0.422681
0.422714
0.422747
0.422780
0.422813
0.422846
0.422879
0.422912
0.422945
0.422978
0.423011
0.423044
0.423077
0.423110
0.423143
0.423176
0.423209
0.423242
0.423275
0.423308
0.423341
0.423374
0.423407
0.423440
0.423473
0.423506
0.423539
0.423572
0.423605
0.423638
0.423671
0.423704
0.423737
0.423770
0.423803
0.423836
0.423869
0.423902
0.423935
0.423968
0.424001
0.424034
0.424067
0.424100
0.424133
0.424166
0.424199
0.424233
0.424266
0.424299
0.424332
0.424365
0.424398
0.424431
0.424464
0.424497
0.424530
0.424563
0.424596
0.424629
0.424663
0.424696
0.424729
0.424762
0.424795
0.424828
0.424861
0.424894
0.424927
0.424961
0.424994
0.425027
0.425060
0.425093
0.425126
0.425159
0.425193
0.425226
0.425259
0.425292
0.425325
0.425358
0.425391
0.425425
0.425458
0.425491
0.425524
0.425557
0.425590
0.425623
0.425657
0.425690
0.425723
0.425756
0.425789
0.425822
0.425856
0.425889
0.425922
0.425955
0.425988
0.426022
0.426055
0.426088
0.426121
0.426154
0.426188
0.426221
0.426254
0.426287
0.426320
0.426354
0.426387
0.426420
0.426453
0.426487
0.426520
0.426553
0.426586
0.426619
0.426653
0.426686
0.426719
0.426752
0.426786
0.426819
0.426852
0.426885
0.426919
0.426952
0.426985
0.427019
0.427052
0.427085
0.427118
0.427152
0.427185
0.427218
0.427251
0.427285
0.427318
0.427351
0.427385
0.427418
0.427451
0.427484
0.427518
0.427551
0.427584
0.427618
0.427651
0.427684
0.427718
0.427751
0.427784
0.427818
0.427851
0.427884
0.427918
0.427951
0.427984
0.428018
0.428051
0.428084
0.428118
0.428151
0.428184
0.428218
0.428251
0.428284
0.428318
0.428351
0.428384
0.428418
0.428451
0.428485
0.428518
0.428551
0.428585
0.428618
0.428651
0.428685
0.428718
0.428752
0.428785
0.428818
0.428852
0.428885
0.428919
0.428952
0.428986
0.429019
0.429052
0.429086
0.429119
0.429152
0.429186
0.429219
0.429253
0.429286
0.429320
0.429353
0.429387
0.429420
0.429453
0.429487
0.429520
0.429554
0.429587
0.429621
0.429654
0.429688
0.429721
0.429754
0.429788
0.429821
0.429855
0.429888
0.429922
0.429955
0.429989
0.430022
0.430056
0.430089
0.430123
0.430156
0.430190
0.430223
0.430257
0.430290
0.430324
0.430357
0.430391
0.430424
0.430458
0.430491
0.430525
0.430558
0.430592
0.430625
0.430659
0.430692
0.430726
0.430760
0.430793
0.430827
0.430860
0.430894
0.430927
0.430961
0.430994
0.431028
0.431061
0.431095
0.431129
0.431162
0.431196
0.431229
0.431263
0.431296
0.431330
0.431364
0.431397
0.431431
0.431464
0.431498
0.431532
0.431565
0.431599
0.431632
0.431666
0.431700
0.431733
0.431767
0.431800
0.431834
0.431868
0.431901
0.431935
0.431968
0.432002
0.432036
0.432069
0.432103
0.432137
0.432170
0.432204
0.432238
0.432271
0.432305
0.432338
0.432372
0.432406
0.432439
0.432473
0.432507
0.432540
0.432574
0.432608
0.432641
0.432675
0.432709
0.432742
0.432776
0.432810
0.432843
0.432877
0.432911
0.432945
0.432978
0.433012
0.433046
0.433079
0.433113
0.433147
0.433180
0.433214
0.433248
0.433281
0.433315
0.433349
0.433383
0.433416
0.433450
0.433484
0.433518
0.433551
0.433585
0.433619
0.433653
0.433686
0.433720
0.433754
0.433788
0.433821
0.433855
0.433889
0.433923
0.433956
0.433990
0.434024
0.434058
0.434091
0.434125
0.434159
0.434193
0.434227
0.434260
0.434294
0.434328
0.434362
0.434396
0.434429
0.434463
0.434497
0.434531
0.434565
0.434598
0.434632
0.434666
0.434700
0.434734
0.434767
0.434801
0.434835
0.434869
0.434903
0.434937
0.434971
0.435004
0.435038
0.435072
0.435106
0.435140
0.435174
0.435207
0.435241
0.435275
0.435309
0.435343
0.435377
0.435411
0.435444
0.435478
0.435512
0.435546
0.435580
0.435614
0.435648
0.435682
0.435716
0.435749
0.435783
0.435817
0.435851
0.435885
0.435919
0.435953
0.435987
0.436021
0.436055
0.436089
0.436122
0.436156
0.436190
0.436224
0.436258
0.436292
0.436326
0.436360
0.436394
0.436428
0.436462
0.436496
0.436530
0.436564
0.436598
0.436631
0.436666
0.436699
0.436733
0.436767
0.436801
0.436835
0.436869
0.436903
0.436937
0.436971
0.437005
0.437039
0.437073
0.437107
0.437141
0.437175
0.437209
0.437243
0.437277
0.437311
0.437345
0.437379
0.437413
0.437447
0.437481
0.437515
0.437549
0.437583
0.437617
0.437651
0.437685
0.437719
0.437753
0.437788
0.437822
0.437856
0.437890
0.437924
0.437958
0.437992
0.438026
0.438060
0.438094
0.438128
0.438162
0.438196
0.438230
0.438264
0.438298
0.438333
0.438367
0.438401
0.438435
0.438469
0.438503
0.438537
0.438571
0.438605
0.438639
0.438673
0.438708
0.438742
0.438776
0.438810
0.438844
0.438878
0.438912
0.438946
0.438980
0.439015
0.439049
0.439083
0.439117
0.439151
0.439185
0.439219
0.439254
0.439288
0.439322
0.439356
0.439390
0.439424
0.439459
0.439493
0.439527
0.439561
0.439595
0.439629
0.439664
0.439698
0.439732
0.439766
0.439800
0.439834
0.439869
0.439903
0.439937
0.439971
0.440005
0.440040
0.440074
0.440108
0.440142
0.440176
0.440211
0.440245
0.440279
0.440313
0.440347
0.440382
0.440416
0.440450
0.440484
0.440519
0.440553
0.440587
0.440621
0.440656
0.440690
0.440724
0.440758
0.440793
0.440827
0.440861
0.440895
0.440930
0.440964
0.440998
0.441033
0.441067
0.441101
0.441135
0.441170
0.441204
0.441238
0.441272
0.441307
0.441341
0.441375
0.441410
0.441444
0.441478
0.441513
0.441547
0.441581
0.441616
0.441650
0.441684
0.441718
0.441753
0.441787
0.441821
0.441856
0.441890
0.441924
0.441959
0.441993
0.442027
0.442062
0.442096
0.442130
0.442165
0.442199
0.442234
0.442268
0.442302
0.442337
0.442371
0.442405
0.442440
0.442474
0.442509
0.442543
0.442577
0.442612
0.442646
0.442680
0.442715
0.442749
0.442784
0.442818
0.442852
0.442887
0.442921
0.442956
0.442990
0.443024
0.443059
0.443093
0.443128
0.443162
0.443197
0.443231
0.443265
0.443300
0.443334
0.443369
0.443403
0.443438
0.443472
0.443507
0.443541
0.443575
0.443610
0.443644
0.443679
0.443713
0.443748
0.443782
0.443817
0.443851
0.443886
0.443920
0.443955
0.443989
0.444024
0.444058
0.444093
0.444127
0.444162
0.444196
0.444231
0.444265
0.444300
0.444334
0.444369
0.444403
0.444438
0.444472
0.444507
0.444541
0.444576
0.444610
0.444645
0.444679
0.444714
0.444748
0.444783
0.444817
0.444852
0.444887
0.444921
0.444956
0.444990
0.445025
0.445059
0.445094
0.445128
0.445163
0.445198
0.445232
0.445267
0.445301
0.445336
0.445370
0.445405
0.445440
0.445474
0.445509
0.445543
0.445578
0.445613
0.445647
0.445682
0.445716
0.445751
0.445786
0.445820
0.445855
0.445889
0.445924
0.445959
0.445993
0.446028
0.446063
0.446097
0.446132
0.446167
0.446201
0.446236
0.446271
0.446305
0.446340
0.446374
0.446409
0.446444
0.446478
0.446513
0.446548
0.446582
0.446617
0.446652
0.446686
0.446721
0.446756
0.446790
0.446825
0.446860
0.446895
0.446929
0.446964
0.446999
0.447033
0.447068
0.447103
0.447137
0.447172
0.447207
0.447242
0.447276
0.447311
0.447346
0.447381
0.447415
0.447450
0.447485
0.447519
0.447554
0.447589
0.447624
0.447658
0.447693
0.447728
0.447763
0.447797
0.447832
0.447867
0.447902
0.447936
0.447971
0.448006
0.448041
0.448076
0.448110
0.448145
0.448180
0.448215
0.448249
0.448284
0.448319
0.448354
0.448389
0.448423
0.448458
0.448493
0.448528
0.448563
0.448597
0.448632
0.448667
0.448702
0.448737
0.448772
0.448806
0.448841
0.448876
0.448911
0.448946
0.448981
0.449015
0.449050
0.449085
0.449120
0.449155
0.449190
0.449225
0.449259
0.449294
0.449329
0.449364
0.449399
0.449434
0.449469
0.449503
0.449538
0.449573
0.449608
0.449643
0.449678
0.449713
0.449748
0.449783
0.449818
0.449852
0.449887
0.449922
0.449957
0.449992
0.450027
0.450062
0.450097
0.450132
0.450167
0.450202
0.450236
0.450271
0.450306
0.450341
0.450376
0.450411
0.450446
0.450481
0.450516
0.450551
0.450586
0.450621
0.450656
0.450691
0.450726
0.450761
0.450796
0.450831
0.450866
0.450901
0.450936
0.450971
0.451005
0.451041
0.451075
0.451111
0.451145
0.451181
0.451216
0.451251
0.451286
0.451320
0.451356
0.451391
0.451426
0.451461
0.451496
0.451531
0.451566
0.451601
0.451636
0.451671
0.451706
0.451741
0.451776
0.451811
0.451846
0.451881
0.451916
0.451951
0.451986
0.452021
0.452056
0.452091
0.452126
0.452161
0.452197
0.452232
0.452267
0.452302
0.452337
0.452372
0.452407
0.452442
0.452477
0.452512
0.452547
0.452582
0.452617
0.452653
0.452688
0.452723
0.452758
0.452793
0.452828
0.452863
0.452898
0.452933
0.452969
0.453004
0.453039
0.453074
0.453109
0.453144
0.453179
0.453215
0.453250
0.453285
0.453320
0.453355
0.453390
0.453425
0.453461
0.453496
0.453531
0.453566
0.453601
0.453636
0.453672
0.453707
0.453742
0.453777
0.453812
0.453848
0.453883
0.453918
0.453953
0.453988
0.454023
0.454059
0.454094
0.454129
0.454164
0.454200
0.454235
0.454270
0.454305
0.454340
0.454376
0.454411
0.454446
0.454481
0.454517
0.454552
0.454587
0.454622
0.454658
0.454693
0.454728
0.454763
0.454799
0.454834
0.454869
0.454904
0.454939
0.454975
0.455010
0.455045
0.455081
0.455116
0.455151
0.455186
0.455222
0.455257
0.455292
0.455328
0.455363
0.455398
0.455434
0.455469
0.455504
0.455539
0.455575
0.455610
0.455645
0.455681
0.455716
0.455751
0.455787
0.455822
0.455857
0.455893
0.455928
0.455963
0.455999
0.456034
0.456069
0.456105
0.456140
0.456175
0.456211
0.456246
0.456281
0.456317
0.456352
0.456388
0.456423
0.456458
0.456494
0.456529
0.456564
0.456600
0.456635
0.456671
0.456706
0.456741
0.456777
0.456812
0.456848
0.456883
0.456918
0.456954
0.456989
0.457025
0.457060
0.457095
0.457131
0.457166
0.457202
0.457237
0.457273
0.457308
0.457343
0.457379
0.457414
0.457450
0.457485
0.457521
0.457556
0.457591
0.457627
0.457662
0.457698
0.457733
0.457769
0.457804
0.457840
0.457875
0.457911
0.457946
0.457982
0.458017
0.458053
0.458088
0.458124
0.458159
0.458195
0.458230
0.458266
0.458301
0.458337
0.458372
0.458408
0.458443
0.458479
0.458514
0.458550
0.458585
0.458621
0.458656
0.458692
0.458727
0.458763
0.458798
0.458834
0.458869
0.458905
0.458941
0.458976
0.459012
0.459047
0.459083
0.459118
0.459154
0.459189
0.459225
0.459261
0.459296
0.459332
0.459367
0.459403
0.459438
0.459474
0.459510
0.459545
0.459581
0.459616
0.459652
0.459688
0.459723
0.459759
0.459794
0.459830
0.459866
0.459901
0.459937
0.459973
0.460008
0.460044
0.460079
0.460115
0.460151
0.460186
0.460222
0.460258
0.460293
0.460329
0.460365
0.460400
0.460436
0.460471
0.460507
0.460543
0.460578
0.460614
0.460650
0.460685
0.460721
0.460757
0.460792
0.460828
0.460864
0.460900
0.460935
0.460971
0.461007
0.461042
0.461078
0.461114
0.461149
0.461185
0.461221
0.461257
0.461292
0.461328
0.461364
0.461399
0.461435
0.461471
0.461507
0.461542
0.461578
0.461614
0.461649
0.461685
0.461721
0.461757
0.461792
0.461828
0.461864
0.461900
0.461936
0.461971
0.462007
0.462043
0.462079
0.462114
0.462150
0.462186
0.462222
0.462257
0.462293
0.462329
0.462365
0.462401
0.462436
0.462472
0.462508
0.462544
0.462580
0.462615
0.462651
0.462687
0.462723
0.462759
0.462795
0.462830
0.462866
0.462902
0.462938
0.462974
0.463009
0.463045
0.463081
0.463117
0.463153
0.463189
0.463225
0.463260
0.463296
0.463332
0.463368
0.463404
0.463440
0.463476
0.463511
0.463547
0.463583
0.463619
0.463655
0.463691
0.463727
0.463763
0.463799
0.463834
0.463870
0.463906
0.463942
0.463978
0.464014
0.464050
0.464086
0.464122
0.464157
0.464193
0.464229
0.464265
0.464301
0.464337
0.464373
0.464409
0.464445
0.464481
0.464517
0.464553
0.464589
0.464625
0.464661
0.464697
0.464733
0.464769
0.464804
0.464840
0.464876
0.464912
0.464948
0.464984
0.465020
0.465056
0.465092
0.465128
0.465164
0.465200
0.465236
0.465272
0.465308
0.465344
0.465380
0.465416
0.465452
0.465488
0.465524
0.465560
0.465596
0.465632
0.465668
0.465704
0.465740
0.465776
0.465812
0.465848
0.465884
0.465921
0.465957
0.465993
0.466029
0.466065
0.466101
0.466137
0.466173
0.466209
0.466245
0.466281
0.466317
0.466353
0.466389
0.466425
0.466461
0.466498
0.466534
0.466570
0.466606
0.466642
0.466678
0.466714
0.466750
0.466786
0.466822
0.466858
0.466895
0.466931
0.466967
0.467003
0.467039
0.467075
0.467111
0.467147
0.467184
0.467220
0.467256
0.467292
0.467328
0.467364
0.467400
0.467437
0.467473
0.467509
0.467545
0.467581
0.467617
0.467653
0.467690
0.467726
0.467762
0.467798
0.467834
0.467870
0.467907
0.467943
0.467979
0.468015
0.468051
0.468088
0.468124
0.468160
0.468196
0.468232
0.468269
0.468305
0.468341
0.468377
0.468413
0.468450
0.468486
0.468522
0.468558
0.468595
0.468631
0.468667
0.468703
0.468739
0.468776
0.468812
0.468848
0.468885
0.468921
0.468957
0.468993
0.469030
0.469066
0.469102
0.469138
0.469175
0.469211
0.469247
0.469283
0.469320
0.469356
0.469392
0.469429
0.469465
0.469501
0.469537
0.469574
0.469610
0.469646
0.469683
0.469719
0.469755
0.469792
0.469828
0.469864
0.469901
0.469937
0.469973
0.470010
0.470046
0.470082
0.470119
0.470155
0.470191
0.470228
0.470264
0.470300
0.470337
0.470373
0.470409
0.470446
0.470482
0.470518
0.470555
0.470591
0.470628
0.470664
0.470700
0.470737
0.470773
0.470809
0.470846
0.470882
0.470919
0.470955
0.470991
0.471028
0.471064
0.471101
0.471137
0.471173
0.471210
0.471246
0.471283
0.471319
0.471356
0.471392
0.471428
0.471465
0.471501
0.471538
0.471574
0.471610
0.471647
0.471683
0.471720
0.471756
0.471793
0.471829
0.471866
0.471902
0.471939
0.471975
0.472012
0.472048
0.472084
0.472121
0.472157
0.472194
0.472230
0.472267
0.472303
0.472340
0.472376
0.472413
0.472449
0.472486
0.472522
0.472559
0.472595
0.472632
0.472668
0.472705
0.472741
0.472778
0.472814
0.472851
0.472888
0.472924
0.472961
0.472997
0.473034
0.473070
0.473107
0.473143
0.473180
0.473216
0.473253
0.473290
0.473326
0.473363
0.473399
0.473436
0.473472
0.473509
0.473546
0.473582
0.473619
0.473655
0.473692
0.473729
0.473765
0.473802
0.473838
0.473875
0.473912
0.473948
0.473985
0.474021
0.474058
0.474094
0.474131
0.474168
0.474204
0.474241
0.474278
0.474314
0.474351
0.474388
0.474424
0.474461
0.474497
0.474534
0.474571
0.474607
0.474644
0.474681
0.474717
0.474754
0.474791
0.474827
0.474864
0.474901
0.474937
0.474974
0.475011
0.475047
0.475084
0.475121
0.475157
0.475194
0.475231
0.475268
0.475304
0.475341
0.475378
0.475414
0.475451
0.475488
0.475525
0.475561
0.475598
0.475635
0.475671
0.475708
0.475745
0.475782
0.475818
0.475855
0.475892
0.475929
0.475965
0.476002
0.476039
0.476076
0.476112
0.476149
0.476186
0.476223
0.476259
0.476296
0.476333
0.476370
0.476407
0.476443
0.476480
0.476517
0.476554
0.476590
0.476627
0.476664
0.476701
0.476738
0.476774
0.476811
0.476848
0.476885
0.476922
0.476958
0.476995
0.477032
0.477069
0.477106
0.477143
0.477179
0.477216
0.477253
0.477290
0.477327
0.477364
0.477400
0.477437
0.477474
0.477511
0.477548
0.477585
0.477622
0.477658
0.477695
0.477732
0.477769
0.477806
0.477843
0.477880
0.477917
0.477954
0.477990
0.478027
0.478064
0.478101
0.478138
0.478175
0.478212
0.478249
0.478286
0.478322
0.478359
0.478396
0.478433
0.478470
0.478507
0.478544
0.478581
0.478618
0.478655
0.478692
0.478729
0.478766
0.478803
0.478840
0.478876
0.478914
0.478950
0.478987
0.479024
0.479061
0.479098
0.479135
0.479172
0.479209
0.479246
0.479283
0.479320
0.479357
0.479394
0.479431
0.479468
0.479505
0.479542
0.479579
0.479616
0.479653
0.479690
0.479727
0.479764
0.479801
0.479838
0.479875
0.479912
0.479949
0.479986
0.480023
0.480060
0.480097
0.480134
0.480171
0.480208
0.480245
0.480283
0.480320
0.480357
0.480394
0.480431
0.480468
0.480505
0.480542
0.480579
0.480616
0.480653
0.480690
0.480727
0.480764
0.480801
0.480839
0.480876
0.480913
0.480950
0.480987
0.481024
0.481061
0.481098
0.481135
0.481173
0.481210
0.481247
0.481284
0.481321
0.481358
0.481395
0.481432
0.481469
0.481507
0.481544
0.481581
0.481618
0.481655
0.481692
0.481729
0.481767
0.481804
0.481841
0.481878
0.481915
0.481952
0.481990
0.482027
0.482064
0.482101
0.482138
0.482175
0.482213
0.482250
0.482287
0.482324
0.482361
0.482399
0.482436
0.482473
0.482510
0.482547
0.482585
0.482622
0.482659
0.482696
0.482734
0.482771
0.482808
0.482845
0.482882
0.482920
0.482957
0.482994
0.483031
0.483069
0.483106
0.483143
0.483180
0.483218
0.483255
0.483292
0.483329
0.483367
0.483404
0.483441
0.483479
0.483516
0.483553
0.483590
0.483628
0.483665
0.483702
0.483739
0.483777
0.483814
0.483851
0.483889
0.483926
0.483963
0.484001
0.484038
0.484075
0.484112
0.484150
0.484187
0.484225
0.484262
0.484299
0.484336
0.484374
0.484411
0.484448
0.484486
0.484523
0.484560
0.484598
0.484635
0.484673
0.484710
0.484747
0.484785
0.484822
0.484859
0.484897
0.484934
0.484971
0.485009
0.485046
0.485084
0.485121
0.485158
0.485196
0.485233
0.485271
0.485308
0.485345
0.485383
0.485420
0.485458
0.485495
0.485532
0.485570
0.485607
0.485645
0.485682
0.485720
0.485757
0.485794
0.485832
0.485869
0.485907
0.485944
0.485982
0.486019
0.486056
0.486094
0.486131
0.486169
0.486206
0.486244
0.486281
0.486319
0.486356
0.486394
0.486431
0.486469
0.486506
0.486544
0.486581
0.486619
0.486656
0.486694
0.486731
0.486769
0.486806
0.486844
0.486881
0.486919
0.486956
0.486994
0.487031
0.487069
0.487106
0.487144
0.487181
0.487219
0.487256
0.487294
0.487331
0.487369
0.487407
0.487444
0.487482
0.487519
0.487557
0.487594
0.487632
0.487669
0.487707
0.487745
0.487782
0.487820
0.487857
0.487895
0.487932
0.487970
0.488008
0.488045
0.488083
0.488120
0.488158
0.488196
0.488233
0.488271
0.488308
0.488346
0.488384
0.488421
0.488459
0.488497
0.488534
0.488572
0.488609
0.488647
0.488685
0.488722
0.488760
0.488798
0.488835
0.488873
0.488911
0.488948
0.488986
0.489023
0.489061
0.489099
0.489136
0.489174
0.489212
0.489249
0.489287
0.489325
0.489362
0.489400
0.489438
0.489476
0.489513
0.489551
0.489589
0.489626
0.489664
0.489702
0.489740
0.489777
0.489815
0.489853
0.489890
0.489928
0.489966
0.490003
0.490041
0.490079
0.490117
0.490155
0.490192
0.490230
0.490268
0.490305
0.490343
0.490381
0.490419
0.490456
0.490494
0.490532
0.490570
0.490608
0.490645
0.490683
0.490721
0.490759
0.490796
0.490834
0.490872
0.490910
0.490948
0.490985
0.491023
0.491061
0.491099
0.491137
0.491174
0.491212
0.491250
0.491288
0.491326
0.491363
0.491401
0.491439
0.491477
0.491515
0.491553
0.491590
0.491628
0.491666
0.491704
0.491742
0.491780
0.491817
0.491855
0.491893
0.491931
0.491969
0.492007
0.492045
0.492082
0.492120
0.492158
0.492196
0.492234
0.492272
0.492310
0.492348
0.492386
0.492423
0.492461
0.492499
0.492537
0.492575
0.492613
0.492651
0.492689
0.492727
0.492765
0.492803
0.492840
0.492878
0.492916
0.492954
0.492992
0.493030
0.493068
0.493106
0.493144
0.493182
0.493220
0.493258
0.493296
0.493334
0.493372
0.493410
0.493448
0.493486
0.493524
0.493562
0.493599
0.493637
0.493675
0.493713
0.493751
0.493789
0.493827
0.493865
0.493903
0.493941
0.493979
0.494017
0.494055
0.494093
0.494131
0.494169
0.494208
0.494245
0.494284
0.494321
0.494360
0.494398
0.494436
0.494474
0.494512
0.494550
0.494588
0.494626
0.494664
0.494702
0.494740
0.494778
0.494816
0.494854
0.494892
0.494930
0.494968
0.495006
0.495045
0.495083
0.495121
0.495159
0.495197
0.495235
0.495273
0.495311
0.495349
0.495387
0.495425
0.495464
0.495502
0.495540
0.495578
0.495616
0.495654
0.495692
0.495730
0.495768
0.495807
0.495845
0.495883
0.495921
0.495959
0.495997
0.496035
0.496074
0.496112
0.496150
0.496188
0.496226
0.496264
0.496303
0.496341
0.496379
0.496417
0.496455
0.496493
0.496532
0.496570
0.496608
0.496646
0.496684
0.496723
0.496761
0.496799
0.496837
0.496875
0.496913
0.496952
0.496990
0.497028
0.497066
0.497105
0.497143
0.497181
0.497219
0.497257
0.497296
0.497334
0.497372
0.497410
0.497449
0.497487
0.497525
0.497563
0.497602
0.497640
0.497678
0.497716
0.497755
0.497793
0.497831
0.497869
0.497908
0.497946
0.497984
0.498023
0.498061
0.498099
0.498137
0.498176
0.498214
0.498252
0.498291
0.498329
0.498367
0.498406
0.498444
0.498482
0.498520
0.498559
0.498597
0.498635
0.498674
0.498712
0.498751
0.498789
0.498827
0.498865
0.498904
0.498942
0.498980
0.499019
0.499057
0.499095
0.499134
0.499172
0.499211
0.499249
0.499287
0.499326
0.499364
0.499403
0.499441
0.499479
0.499518
0.499556
0.499595
0.499633
0.499671
0.499710
0.499748
0.499786
0.499825
0.499863
0.499902
0.499940
0.499978
0.500017
0.500055
0.500094
0.500132
0.500171
0.500209
0.500248
0.500286
0.500324
0.500363
0.500401
0.500440
0.500478
0.500517
0.500555
0.500594
0.500632
0.500670
0.500709
0.500747
0.500786
0.500824
0.500863
0.500901
0.500940
0.500978
0.501017
0.501055
0.501094
0.501132
0.501171
0.501209
0.501248
0.501286
0.501325
0.501363
0.501402
0.501440
0.501479
0.501517
0.501556
0.501594
0.501633
0.501671
0.501710
0.501749
0.501787
0.501826
0.501864
0.501903
0.501941
0.501980
0.502018
0.502057
0.502096
0.502134
0.502173
0.502211
0.502250
0.502288
0.502327
0.502366
0.502404
0.502443
0.502481
0.502520
0.502558
0.502597
0.502636
0.502674
0.502713
0.502751
0.502790
0.502829
0.502867
0.502906
0.502945
0.502983
0.503022
0.503061
0.503099
0.503138
0.503176
0.503215
0.503254
0.503292
0.503331
0.503370
0.503408
0.503447
0.503486
0.503524
0.503563
0.503602
0.503640
0.503679
0.503718
0.503756
0.503795
0.503834
0.503872
0.503911
0.503950
0.503988
0.504027
0.504066
0.504104
0.504143
0.504182
0.504221
0.504259
0.504298
0.504337
0.504375
0.504414
0.504453
0.504492
0.504530
0.504569
0.504608
0.504647
0.504685
0.504724
0.504763
0.504802
0.504840
0.504879
0.504918
0.504957
0.504995
0.505034
0.505073
0.505112
0.505150
0.505189
0.505228
0.505267
0.505306
0.505344
0.505383
0.505422
0.505461
0.505499
0.505538
0.505577
0.505616
0.505655
0.505694
0.505732
0.505771
0.505810
0.505849
0.505888
0.505926
0.505965
0.506004
0.506043
0.506082
0.506121
0.506159
0.506198
0.506237
0.506276
0.506315
0.506354
0.506393
0.506431
0.506470
0.506509
0.506548
0.506587
0.506626
0.506665
0.506704
0.506742
0.506781
0.506820
0.506859
0.506898
0.506937
0.506976
0.507015
0.507054
0.507092
0.507131
0.507170
0.507209
0.507248
0.507287
0.507326
0.507365
0.507404
0.507443
0.507482
0.507521
0.507560
0.507598
0.507638
0.507676
0.507715
0.507754
0.507793
0.507832
0.507871
0.507910
0.507949
0.507988
0.508024
0.508060
0.508096
0.508132
0.508168
0.508204
0.508240
0.508275
0.508311
0.508347
0.508383
0.508419
0.508455
0.508491
0.508527
0.508562
0.508598
0.508634
0.508670
0.508706
0.508742
0.508778
0.508814
0.508850
0.508885
0.508921
0.508957
0.508993
0.509029
0.509065
0.509101
0.509137
0.509173
0.509209
0.509245
0.509280
0.509316
0.509352
0.509388
0.509424
0.509460
0.509496
0.509532
0.509568
0.509604
0.509640
0.509676
0.509712
0.509748
0.509784
0.509820
0.509856
0.509891
0.509928
0.509964
0.509999
0.510035
0.510071
0.510107
0.510143
0.510179
0.510215
0.510251
0.510287
0.510323
0.510359
0.510395
0.510431
0.510467
0.510503
0.510539
0.510575
0.510611
0.510647
0.510683
0.510719
0.510755
0.510791
0.510827
0.510863
0.510899
0.510935
0.510972
0.511008
0.511044
0.511080
0.511116
0.511152
0.511188
0.511224
0.511260
0.511296
0.511332
0.511368
0.511404
0.511440
0.511476
0.511512
0.511548
0.511584
0.511621
0.511657
0.511693
0.511729
0.511765
0.511801
0.511837
0.511873
0.511909
0.511945
0.511981
0.512018
0.512054
0.512090
0.512126
0.512162
0.512198
0.512234
0.512270
0.512306
0.512343
0.512379
0.512415
0.512451
0.512487
0.512523
0.512559
0.512595
0.512632
0.512668
0.512704
0.512740
0.512776
0.512812
0.512848
0.512885
0.512921
0.512957
0.512993
0.513029
0.513065
0.513102
0.513138
0.513174
0.513210
0.513246
0.513283
0.513319
0.513355
0.513391
0.513427
0.513463
0.513500
0.513536
0.513572
0.513608
0.513644
0.513681
0.513717
0.513753
0.513789
0.513825
0.513862
0.513898
0.513934
0.513970
0.514007
0.514043
0.514079
0.514115
0.514152
0.514188
0.514224
0.514260
0.514296
0.514333
0.514369
0.514405
0.514441
0.514478
0.514514
0.514550
0.514587
0.514623
0.514659
0.514695
0.514732
0.514768
0.514804
0.514840
0.514877
0.514913
0.514949
0.514986
0.515022
0.515058
0.515094
0.515131
0.515167
0.515203
0.515240
0.515276
0.515312
0.515349
0.515385
0.515421
0.515458
0.515494
0.515530
0.515567
0.515603
0.515639
0.515676
0.515712
0.515748
0.515785
0.515821
0.515857
0.515894
0.515930
0.515966
0.516003
0.516039
0.516075
0.516112
0.516148
0.516185
0.516221
0.516257
0.516294
0.516330
0.516366
0.516403
0.516439
0.516476
0.516512
0.516548
0.516585
0.516621
0.516657
0.516694
0.516730
0.516767
0.516803
0.516840
0.516876
0.516912
0.516949
0.516985
0.517022
0.517058
0.517094
0.517131
0.517167
0.517204
0.517240
0.517277
0.517313
0.517350
0.517386
0.517422
0.517459
0.517495
0.517532
0.517568
0.517605
0.517641
0.517678
0.517714
0.517751
0.517787
0.517824
0.517860
0.517896
0.517933
0.517969
0.518006
0.518042
0.518079
0.518115
0.518152
0.518188
0.518225
0.518261
0.518298
0.518334
0.518371
0.518407
0.518444
0.518480
0.518517
0.518553
0.518590
0.518626
0.518663
0.518700
0.518736
0.518773
0.518809
0.518846
0.518882
0.518919
0.518955
0.518992
0.519028
0.519065
0.519102
0.519138
0.519175
0.519211
0.519248
0.519284
0.519321
0.519357
0.519394
0.519431
0.519467
0.519504
0.519540
0.519577
0.519613
0.519650
0.519687
0.519723
0.519760
0.519796
0.519833
0.519870
0.519906
0.519943
0.519979
0.520016
0.520053
0.520089
0.520126
0.520163
0.520199
0.520236
0.520272
0.520309
0.520346
0.520382
0.520419
0.520456
0.520492
0.520529
0.520566
0.520602
0.520639
0.520675
0.520712
0.520749
0.520785
0.520822
0.520859
0.520895
0.520932
0.520969
0.521005
0.521042
0.521079
0.521116
0.521152
0.521189
0.521226
0.521262
0.521299
0.521336
0.521372
0.521409
0.521446
0.521482
0.521519
0.521556
0.521593
0.521629
0.521666
0.521703
0.521739
0.521776
0.521813
0.521850
0.521886
0.521923
0.521960
0.521997
0.522033
0.522070
0.522107
0.522144
0.522180
0.522217
0.522254
0.522291
0.522327
0.522364
0.522401
0.522438
0.522474
0.522511
0.522548
0.522585
0.522622
0.522658
0.522695
0.522732
0.522769
0.522805
0.522842
0.522879
0.522916
0.522953
0.522989
0.523026
0.523063
0.523100
0.523137
0.523174
0.523210
0.523247
0.523284
0.523321
0.523358
0.523394
0.523431
0.523468
0.523505
0.523542
0.523579
0.523615
0.523652
0.523689
0.523726
0.523763
0.523800
0.523837
0.523873
0.523910
0.523947
0.523984
0.524021
0.524058
0.524095
0.524131
0.524168
0.524205
0.524242
0.524279
0.524316
0.524353
0.524390
0.524427
0.524463
0.524500
0.524537
0.524574
0.524611
0.524648
0.524685
0.524722
0.524759
0.524796
0.524833
0.524869
0.524906
0.524943
0.524980
0.525017
0.525054
0.525091
0.525128
0.525165
0.525202
0.525239
0.525276
0.525313
0.525350
0.525387
0.525424
0.525461
0.525497
0.525534
0.525572
0.525608
0.525645
0.525682
0.525719
0.525756
0.525793
0.525830
0.525867
0.525904
0.525941
0.525978
0.526015
0.526052
0.526089
0.526126
0.526163
0.526200
0.526237
0.526274
0.526311
0.526348
0.526385
0.526422
0.526459
0.526496
0.526533
0.526570
0.526608
0.526644
0.526682
0.526719
0.526756
0.526793
0.526830
0.526867
0.526904
0.526941
0.526978
0.527015
0.527052
0.527089
0.527126
0.527163
0.527200
0.527237
0.527274
0.527312
0.527349
0.527386
0.527423
0.527460
0.527497
0.527534
0.527571
0.527608
0.527645
0.527682
0.527720
0.527757
0.527794
0.527831
0.527868
0.527905
0.527942
0.527979
0.528016
0.528054
0.528091
0.528128
0.528165
0.528202
0.528239
0.528276
0.528314
0.528351
0.528388
0.528425
0.528462
0.528499
0.528536
0.528574
0.528611
0.528648
0.528685
0.528722
0.528759
0.528797
0.528834
0.528871
0.528908
0.528945
0.528982
0.529020
0.529057
0.529094
0.529131
0.529168
0.529206
0.529243
0.529280
0.529317
0.529354
0.529392
0.529429
0.529466
0.529503
0.529540
0.529578
0.529615
0.529652
0.529689
0.529727
0.529764
0.529801
0.529838
0.529876
0.529913
0.529950
0.529987
0.530025
0.530062
0.530099
0.530136
0.530174
0.530211
0.530248
0.530285
0.530323
0.530360
0.530397
0.530434
0.530472
0.530509
0.530546
0.530584
0.530621
0.530658
0.530695
0.530733
0.530770
0.530807
0.530845
0.530882
0.530919
0.530956
0.530994
0.531031
0.531068
0.531106
0.531143
0.531180
0.531218
0.531255
0.531292
0.531330
0.531367
0.531404
0.531442
0.531479
0.531517
0.531554
0.531591
0.531628
0.531666
0.531703
0.531741
0.531778
0.531815
0.531853
0.531890
0.531927
0.531965
0.532002
0.532039
0.532077
0.532114
0.532152
0.532189
0.532226
0.532264
0.532301
0.532339
0.532376
0.532413
0.532451
0.532488
0.532526
0.532563
0.532600
0.532638
0.532675
0.532713
0.532750
0.532788
0.532825
0.532862
0.532900
0.532937
0.532975
0.533012
0.533050
0.533087
0.533124
0.533162
0.533199
0.533237
0.533274
0.533312
0.533349
0.533387
0.533424
0.533462
0.533499
0.533537
0.533574
0.533612
0.533649
0.533687
0.533724
0.533761
0.533799
0.533836
0.533874
0.533911
0.533949
0.533986
0.534024
0.534062
0.534099
0.534137
0.534174
0.534211
0.534249
0.534287
0.534324
0.534362
0.534399
0.534437
0.534474
0.534512
0.534549
0.534587
0.534624
0.534662
0.534699
0.534737
0.534775
0.534812
0.534850
0.534887
0.534925
0.534962
0.535000
0.535037
0.535075
0.535113
0.535150
0.535188
0.535225
0.535263
0.535301
0.535338
0.535376
0.535413
0.535451
0.535488
0.535526
0.535564
0.535601
0.535639
0.535676
0.535714
0.535752
0.535789
0.535827
0.535865
0.535902
0.535940
0.535977
0.536015
0.536053
0.536090
0.536128
0.536166
0.536203
0.536241
0.536279
0.536316
0.536354
0.536391
0.536429
0.536467
0.536504
0.536542
0.536580
0.536617
0.536655
0.536693
0.536730
0.536768
0.536806
0.536843
0.536881
0.536916
0.536951
0.536985
0.537020
0.537054
0.537089
0.537123
0.537158
0.537192
0.537227
0.537261
0.537296
0.537330
0.537365
0.537399
0.537434
0.537468
0.537503
0.537537
0.537572
0.537606
0.537641
0.537675
0.537710
0.537744
0.537779
0.537813
0.537848
0.537882
0.537917
0.537952
0.537986
0.538021
0.538055
0.538090
0.538124
0.538159
0.538193
0.538228
0.538263
0.538297
0.538332
0.538366
0.538401
0.538435
0.538470
0.538505
0.538539
0.538574
0.538608
0.538643
0.538677
0.538712
0.538747
0.538781
0.538816
0.538850
0.538885
0.538920
0.538954
0.538989
0.539023
0.539058
0.539093
0.539127
0.539162
0.539196
0.539231
0.539266
0.539300
0.539335
0.539370
0.539404
0.539439
0.539473
0.539508
0.539543
0.539577
0.539612
0.539647
0.539681
0.539716
0.539750
0.539785
0.539820
0.539854
0.539889
0.539924
0.539958
0.539993
0.540028
0.540062
0.540097
0.540132
0.540166
0.540201
0.540236
0.540270
0.540305
0.540340
0.540374
0.540409
0.540444
0.540478
0.540513
0.540548
0.540582
0.540617
0.540652
0.540686
0.540721
0.540756
0.540791
0.540825
0.540860
0.540895
0.540929
0.540964
0.540999
0.541034
0.541068
0.541103
0.541138
0.541172
0.541207
0.541242
0.541277
0.541311
0.541346
0.541381
0.541416
0.541450
0.541485
0.541520
0.541554
0.541589
0.541624
0.541659
0.541693
0.541728
0.541763
0.541798
0.541832
0.541867
0.541902
0.541937
0.541971
0.542006
0.542041
0.542076
0.542111
0.542145
0.542180
0.542215
0.542250
0.542284
0.542319
0.542354
0.542389
0.542424
0.542458
0.542493
0.542528
0.542563
0.542598
0.542632
0.542667
0.542702
0.542737
0.542772
0.542806
0.542841
0.542876
0.542911
0.542946
0.542981
0.543015
0.543050
0.543085
0.543120
0.543155
0.543190
0.543224
0.543259
0.543294
0.543329
0.543364
0.543399
0.543433
0.543468
0.543503
0.543538
0.543573
0.543608
0.543643
0.543677
0.543712
0.543747
0.543782
0.543817
0.543852
0.543887
0.543921
0.543956
0.543991
0.544026
0.544061
0.544096
0.544131
0.544166
0.544200
0.544235
0.544270
0.544305
0.544340
0.544375
0.544410
0.544445
0.544480
0.544515
0.544550
0.544584
0.544619
0.544654
0.544689
0.544724
0.544759
0.544794
0.544829
0.544864
0.544899
0.544934
0.544968
0.545003
0.545038
0.545073
0.545108
0.545143
0.545178
0.545213
0.545248
0.545283
0.545318
0.545353
0.545388
0.545423
0.545458
0.545493
0.545528
0.545563
0.545598
0.545633
0.545668
0.545703
0.545737
0.545773
0.545807
0.545842
0.545877
0.545912
0.545947
0.545982
0.546017
0.546052
0.546087
0.546122
0.546157
0.546192
0.546227
0.546262
0.546297
0.546332
0.546367
0.546402
0.546437
0.546472
0.546507
0.546543
0.546577
0.546613
0.546648
0.546683
0.546718
0.546753
0.546788
0.546823
0.546858
0.546893
0.546928
0.546963
0.546998
0.547033
0.547068
0.547103
0.547138
0.547173
0.547208
0.547243
0.547278
0.547313
0.547348
0.547384
0.547419
0.547454
0.547489
0.547524
0.547559
0.547594
0.547629
0.547664
0.547699
0.547734
0.547769
0.547804
0.547840
0.547875
0.547910
0.547945
0.547980
0.548015
0.548050
0.548085
0.548120
0.548155
0.548190
0.548226
0.548261
0.548296
0.548331
0.548366
0.548401
0.548436
0.548471
0.548507
0.548542
0.548577
0.548612
0.548647
0.548682
0.548717
0.548753
0.548788
0.548823
0.548858
0.548893
0.548928
0.548963
0.548999
0.549034
0.549069
0.549104
0.549139
0.549174
0.549210
0.549245
0.549280
0.549315
0.549350
0.549385
0.549421
0.549456
0.549491
0.549526
0.549561
0.549597
0.549632
0.549667
0.549702
0.549737
0.549772
0.549808
0.549843
0.549878
0.549913
0.549949
0.549984
0.550019
0.550054
0.550089
0.550125
0.550160
0.550195
0.550230
0.550266
0.550301
0.550336
0.550371
0.550406
0.550442
0.550477
0.550512
0.550547
0.550583
0.550618
0.550653
0.550688
0.550724
0.550759
0.550794
0.550829
0.550865
0.550900
0.550935
0.550970
0.551006
0.551041
0.551076
0.551111
0.551147
0.551182
0.551217
0.551253
0.551288
0.551323
0.551358
0.551394
0.551429
0.551464
0.551500
0.551535
0.551570
0.551605
0.551641
0.551676
0.551711
0.551747
0.551782
0.551817
0.551853
0.551888
0.551923
0.551959
0.551994
0.552029
0.552064
0.552100
0.552135
0.552170
0.552206
0.552241
0.552277
0.552312
0.552347
0.552382
0.552418
0.552453
0.552489
0.552524
0.552559
0.552594
0.552630
0.552665
0.552701
0.552736
0.552771
0.552807
0.552842
0.552877
0.552913
0.552948
0.552984
0.553019
0.553054
0.553090
0.553125
0.553160
0.553196
0.553231
0.553267
0.553302
0.553337
0.553373
0.553408
0.553444
0.553479
0.553514
0.553550
0.553585
0.553621
0.553656
0.553691
0.553727
0.553762
0.553798
0.553833
0.553869
0.553904
0.553939
0.553975
0.554010
0.554046
0.554081
0.554117
0.554152
0.554187
0.554223
0.554258
0.554294
0.554329
0.554365
0.554400
0.554436
0.554471
0.554507
0.554542
0.554577
0.554613
0.554648
0.554684
0.554719
0.554755
0.554790
0.554826
0.554861
0.554897
0.554932
0.554968
0.555003
0.555039
0.555074
0.555110
0.555145
0.555181
0.555216
0.555252
0.555287
0.555323
0.555358
0.555394
0.555429
0.555465
0.555500
0.555536
0.555571
0.555607
0.555642
0.555678
0.555713
0.555749
0.555784
0.555820
0.555855
0.555891
0.555926
0.555962
0.555998
0.556033
0.556069
0.556104
0.556140
0.556175
0.556211
0.556246
0.556282
0.556317
0.556353
0.556389
0.556424
0.556460
0.556495
0.556531
0.556566
0.556602
0.556637
0.556673
0.556709
0.556744
0.556780
0.556815
0.556851
0.556887
0.556922
0.556958
0.556993
0.557029
0.557065
0.557100
0.557136
0.557171
0.557207
0.557243
0.557278
0.557314
0.557349
0.557385
0.557421
0.557456
0.557492
0.557528
0.557563
0.557599
0.557634
0.557670
0.557706
0.557741
0.557777
0.557813
0.557848
0.557884
0.557920
0.557955
0.557991
0.558027
0.558062
0.558098
0.558133
0.558169
0.558205
0.558240
0.558276
0.558312
0.558348
0.558383
0.558419
0.558454
0.558490
0.558526
0.558562
0.558597
0.558633
0.558669
0.558704
0.558740
0.558776
0.558811
0.558847
0.558883
0.558918
0.558954
0.558990
0.559026
0.559061
0.559097
0.559133
0.559168
0.559204
0.559240
0.559276
0.559311
0.559347
0.559383
0.559418
0.559454
0.559490
0.559526
0.559561
0.559597
0.559633
0.559669
0.559704
0.559740
0.559776
0.559812
0.559847
0.559883
0.559919
0.559955
0.559990
0.560026
0.560062
0.560098
0.560133
0.560169
0.560205
0.560241
0.560277
0.560312
0.560348
0.560384
0.560420
0.560455
0.560491
0.560527
0.560563
0.560599
0.560634
0.560670
0.560706
0.560742
0.560778
0.560813
0.560849
0.560885
0.560921
0.560957
0.560992
0.561028
0.561064
0.561100
0.561136
0.561172
0.561207
0.561243
0.561279
0.561315
0.561351
0.561387
0.561422
0.561458
0.561494
0.561530
0.561566
0.561602
0.561637
0.561673
0.561709
0.561745
0.561781
0.561817
0.561853
0.561888
0.561924
0.561960
0.561996
0.562032
0.562068
0.562104
0.562140
0.562175
0.562211
0.562247
0.562283
0.562319
0.562355
0.562391
0.562427
0.562462
0.562498
0.562534
0.562570
0.562606
0.562642
0.562678
0.562714
0.562750
0.562786
0.562822
0.562857
0.562893
0.562929
0.562965
0.563001
0.563037
0.563073
0.563109
0.563145
0.563181
0.563217
0.563253
0.563289
0.563325
0.563361
0.563396
0.563432
0.563468
0.563504
0.563540
0.563576
0.563612
0.563648
0.563684
0.563720
0.563756
0.563792
0.563828
0.563864
0.563900
0.563936
0.563972
0.564008
0.564044
0.564080
0.564116
0.564152
0.564188
0.564224
0.564260
0.564296
0.564332
0.564368
0.564404
0.564440
0.564476
0.564512
0.564548
0.564584
0.564620
0.564656
0.564692
0.564728
0.564764
0.564800
0.564836
0.564872
0.564908
0.564944
0.564980
0.565016
0.565052
0.565088
0.565124
0.565160
0.565196
0.565232
0.565268
0.565304
0.565341
0.565376
0.565413
0.565449
0.565485
0.565521
0.565557
0.565593
0.565629
0.565665
0.565701
0.565737
0.565773
0.565809
0.565845
0.565881
0.565917
0.565954
0.565990
0.566026
0.566062
0.566098
0.566134
0.566170
0.566206
0.566242
0.566279
0.566315
0.566351
0.566387
0.566423
0.566459
0.566495
0.566531
0.566567
0.566604
0.566640
0.566676
0.566712
0.566748
0.566784
0.566820
0.566857
0.566893
0.566929
0.566965
0.567001
0.567037
0.567073
0.567109
0.567146
0.567182
0.567218
0.567254
0.567290
0.567326
0.567363
0.567399
0.567435
0.567471
0.567507
0.567543
0.567579
0.567616
0.567652
0.567688
0.567724
0.567760
0.567797
0.567833
0.567869
0.567905
0.567941
0.567978
0.568014
0.568050
0.568086
0.568122
0.568159
0.568195
0.568231
0.568267
0.568303
0.568340
0.568376
0.568412
0.568448
0.568485
0.568521
0.568557
0.568593
0.568629
0.568666
0.568702
0.568738
0.568774
0.568811
0.568847
0.568883
0.568919
0.568956
0.568992
0.569028
0.569064
0.569101
0.569137
0.569173
0.569209
0.569246
0.569282
0.569318
0.569354
0.569391
0.569427
0.569463
0.569500
0.569536
0.569572
0.569608
0.569645
0.569681
0.569717
0.569754
0.569790
0.569826
0.569863
0.569899
0.569935
0.569971
0.570008
0.570044
0.570080
0.570117
0.570153
0.570189
0.570226
0.570262
0.570298
0.570335
0.570371
0.570407
0.570444
0.570480
0.570516
0.570553
0.570589
0.570625
0.570662
0.570698
0.570734
0.570771
0.570807
0.570843
0.570880
0.570916
0.570952
0.570989
0.571025
0.571062
0.571098
0.571134
0.571171
0.571207
0.571243
0.571280
0.571316
0.571352
0.571389
0.571425
0.571462
0.571498
0.571534
0.571571
0.571607
0.571644
0.571680
0.571716
0.571753
0.571789
0.571826
0.571862
0.571898
0.571935
0.571971
0.572008
0.572044
0.572080
0.572117
0.572153
0.572190
0.572226
0.572263
0.572299
0.572336
0.572372
0.572408
0.572445
0.572481
0.572518
0.572554
0.572591
0.572627
0.572664
0.572700
0.572736
0.572773
0.572809
0.572846
0.572882
0.572919
0.572955
0.572992
0.573028
0.573065
0.573101
0.573138
0.573174
0.573210
0.573247
0.573283
0.573320
0.573356
0.573393
0.573429
0.573466
0.573502
0.573539
0.573575
0.573612
0.573648
0.573685
0.573721
0.573758
0.573795
0.573831
0.573868
0.573904
0.573941
0.573977
0.574014
0.574050
0.574087
0.574123
0.574160
0.574196
0.574233
0.574269
0.574306
0.574342
0.574379
0.574415
0.574452
0.574489
0.574525
0.574562
0.574598
0.574635
0.574671
0.574708
0.574744
0.574781
0.574818
0.574854
0.574891
0.574927
0.574964
0.575001
0.575037
0.575074
0.575110
0.575147
0.575183
0.575220
0.575257
0.575293
0.575330
0.575366
0.575403
0.575440
0.575476
0.575513
0.575549
0.575586
0.575623
0.575659
0.575696
0.575732
0.575769
0.575806
0.575842
0.575879
0.575916
0.575952
0.575989
0.576025
0.576062
0.576099
0.576135
0.576172
0.576209
0.576245
0.576282
0.576319
0.576355
0.576392
0.576429
0.576465
0.576502
0.576538
0.576575
0.576612
0.576649
0.576685
0.576722
0.576759
0.576795
0.576832
0.576869
0.576905
0.576942
0.576979
0.577015
0.577052
0.577089
0.577125
0.577162
0.577199
0.577235
0.577272
0.577309
0.577346
0.577382
0.577419
0.577456
0.577492
0.577529
0.577566
0.577603
0.577639
0.577676
0.577713
0.577749
0.577786
0.577823
0.577860
0.577896
0.577933
0.577970
0.578007
0.578043
0.578080
0.578117
0.578154
0.578190
0.578227
0.578264
0.578301
0.578337
0.578374
0.578411
0.578448
0.578484
0.578521
0.578558
0.578595
0.578631
0.578668
0.578705
0.578742
0.578779
0.578815
0.578852
0.578889
0.578926
0.578963
0.578999
0.579036
0.579073
0.579110
0.579147
0.579183
0.579220
0.579257
0.579294
0.579331
0.579367
0.579404
0.579441
0.579478
0.579515
0.579552
0.579588
0.579625
0.579662
0.579699
0.579736
0.579773
0.579809
0.579846
0.579883
0.579920
0.579957
0.579994
0.580030
0.580067
0.580104
0.580141
0.580178
0.580215
0.580252
0.580288
0.580325
0.580362
0.580399
0.580436
0.580473
0.580510
0.580547
0.580583
0.580620
0.580657
0.580694
0.580731
0.580768
0.580805
0.580842
0.580879
0.580915
0.580952
0.580989
0.581026
0.581063
0.581100
0.581137
0.581174
0.581211
0.581248
0.581285
0.581321
0.581358
0.581395
0.581432
0.581469
0.581506
0.581543
0.581580
0.581617
0.581654
0.581691
0.581728
0.581765
0.581802
0.581839
0.581875
0.581912
0.581949
0.581986
0.582023
0.582060
0.582097
0.582134
0.582171
0.582208
0.582245
0.582282
0.582319
0.582356
0.582393
0.582430
0.582467
0.582504
0.582541
0.582578
0.582615
0.582652
0.582689
0.582726
0.582763
0.582800
0.582837
0.582874
0.582911
0.582948
0.582985
0.583022
0.583059
0.583096
0.583133
0.583170
0.583207
0.583244
0.583281
0.583318
0.583355
0.583392
0.583429
0.583466
0.583503
0.583540
0.583577
0.583614
0.583651
0.583689
0.583726
0.583763
0.583800
0.583837
0.583874
0.583911
0.583948
0.583985
0.584022
0.584059
0.584096
0.584133
0.584170
0.584207
0.584244
0.584282
0.584319
0.584356
0.584393
0.584430
0.584467
0.584504
0.584541
0.584578
0.584615
0.584652
0.584690
0.584727
0.584764
0.584801
0.584838
0.584875
0.584912
0.584949
0.584986
0.585024
0.585061
0.585098
0.585135
0.585172
0.585209
0.585246
0.585283
0.585321
0.585358
0.585395
0.585432
0.585469
0.585506
0.585543
0.585581
0.585618
0.585655
0.585692
0.585729
0.585766
0.585804
0.585841
0.585878
0.585915
0.585952
0.585989
0.586026
0.586064
0.586101
0.586138
0.586175
0.586212
0.586250
0.586287
0.586324
0.586361
0.586398
0.586436
0.586473
0.586510
0.586547
0.586584
0.586622
0.586659
0.586696
0.586733
0.586770
0.586808
0.586845
0.586882
0.586919
0.586957
0.586994
0.587031
0.587068
0.587105
0.587143
0.587180
0.587217
0.587254
0.587292
0.587329
0.587366
0.587403
0.587441
0.587478
0.587515
0.587552
0.587590
0.587627
0.587664
0.587701
0.587739
0.587776
0.587813
0.587851
0.587888
0.587925
0.587962
0.588000
0.588037
0.588074
0.588112
0.588149
0.588186
0.588223
0.588261
0.588298
0.588335
0.588373
0.588410
0.588447
0.588484
0.588522
0.588559
0.588596
0.588634
0.588671
0.588708
0.588746
0.588783
0.588820
0.588858
0.588895
0.588932
0.588970
0.589007
0.589044
0.589082
0.589119
0.589156
0.589194
0.589231
0.589268
0.589306
0.589343
0.589380
0.589418
0.589455
0.589493
0.589530
0.589567
0.589605
0.589642
0.589679
0.589717
0.589754
0.589791
0.589829
0.589866
0.589904
0.589941
0.589978
0.590016
0.590053
0.590091
0.590128
0.590165
0.590203
0.590240
0.590277
0.590315
0.590352
0.590390
0.590427
0.590465
0.590502
0.590539
0.590577
0.590614
0.590652
0.590689
0.590727
0.590764
0.590801
0.590839
0.590876
0.590914
0.590951
0.590989
0.591026
0.591063
0.591101
0.591138
0.591176
0.591213
0.591251
0.591288
0.591326
0.591363
0.591401
0.591438
0.591475
0.591513
0.591550
0.591588
0.591625
0.591663
0.591700
0.591738
0.591775
0.591813
0.591850
0.591888
0.591925
0.591963
0.592000
0.592038
0.592075
0.592113
0.592150
0.592188
0.592225
0.592263
0.592300
0.592338
0.592375
0.592413
0.592450
0.592488
0.592525
0.592563
0.592600
0.592638
0.592675
0.592713
0.592750
0.592788
0.592826
0.592863
0.592901
0.592938
0.592976
0.593013
0.593051
0.593088
0.593126
0.593164
0.593201
0.593239
0.593276
0.593314
0.593351
0.593389
0.593426
0.593464
0.593502
0.593539
0.593577
0.593614
0.593652
0.593690
0.593727
0.593765
0.593802
0.593840
0.593878
0.593915
0.593953
0.593990
0.594028
0.594065
0.594103
0.594141
0.594178
0.594216
0.594254
0.594291
0.594329
0.594366
0.594404
0.594442
0.594479
0.594517
0.594555
0.594592
0.594630
0.594667
0.594705
0.594743
0.594780
0.594818
0.594856
0.594893
0.594931
0.594969
0.595006
0.595044
0.595082
0.595119
0.595157
0.595195
0.595232
0.595270
0.595308
0.595345
0.595383
0.595421
0.595458
0.595496
0.595534
0.595571
0.595609
0.595647
0.595684
0.595722
0.595760
0.595797
0.595835
0.595873
0.595911
0.595948
0.595986
0.596024
0.596061
0.596099
0.596137
0.596175
0.596212
0.596250
0.596288
0.596325
0.596363
0.596401
0.596439
0.596476
0.596514
0.596552
0.596590
0.596627
0.596665
0.596703
0.596741
0.596778
0.596816
0.596854
0.596892
0.596929
0.596967
0.597005
0.597043
0.597080
0.597118
0.597156
0.597194
0.597232
0.597269
0.597307
0.597345
0.597383
0.597420
0.597458
0.597496
0.597534
0.597572
0.597609
0.597647
0.597685
0.597723
0.597761
0.597798
0.597836
0.597874
0.597912
0.597950
0.597987
0.598025
0.598063
0.598101
0.598139
0.598177
0.598214
0.598252
0.598290
0.598328
0.598366
0.598404
0.598441
0.598479
0.598517
0.598555
0.598593
0.598631
0.598668
0.598706
0.598744
0.598782
0.598820
0.598858
0.598896
0.598933
0.598971
0.599009
0.599047
0.599085
0.599123
0.599161
0.599199
0.599236
0.599274
0.599312
0.599350
0.599388
0.599426
0.599464
0.599502
0.599540
0.599578
0.599615
0.599653
0.599691
0.599729
0.599767
0.599805
0.599843
0.599881
0.599919
0.599957
0.599995
0.600032
0.600070
0.600108
0.600146
0.600184
0.600222
0.600260
0.600298
0.600336
0.600374
0.600412
0.600450
0.600488
0.600526
0.600564
0.600602
0.600640
0.600678
0.600715
0.600753
0.600791
0.600829
0.600867
0.600905
0.600943
0.600981
0.601019
0.601057
0.601095
0.601133
0.601171
0.601209
0.601247
0.601285
0.601323
0.601361
0.601399
0.601437
0.601475
0.601513
0.601551
0.601589
0.601627
0.601665
0.601703
0.601741
0.601779
0.601817
0.601855
0.601893
0.601931
0.601969
0.602007
0.602045
0.602083
0.602121
0.602159
0.602197
0.602236
0.602273
0.602312
0.602350
0.602388
0.602426
0.602464
0.602502
0.602540
0.602578
0.602616
0.602654
0.602692
0.602730
0.602768
0.602806
0.602844
0.602882
0.602921
0.602959
0.602997
0.603035
0.603073
0.603111
0.603149
0.603187
0.603225
0.603263
0.603301
0.603340
0.603378
0.603416
0.603454
0.603492
0.603530
0.603568
0.603606
0.603644
0.603683
0.603721
0.603759
0.603797
0.603835
0.603873
0.603911
0.603949
0.603988
0.604026
0.604064
0.604102
0.604140
0.604178
0.604216
0.604255
0.604293
0.604331
0.604369
0.604407
0.604445
0.604483
0.604522
0.604560
0.604598
0.604636
0.604674
0.604712
0.604751
0.604789
0.604827
0.604865
0.604903
0.604942
0.604980
0.605018
0.605056
0.605094
0.605133
0.605171
0.605209
0.605247
0.605285
0.605324
0.605362
0.605400
0.605438
0.605476
0.605515
0.605553
0.605591
0.605629
0.605667
0.605706
0.605744
0.605782
0.605820
0.605859
0.605897
0.605935
0.605973
0.606012
0.606050
0.606088
0.606126
0.606165
0.606203
0.606241
0.606279
0.606318
0.606356
0.606394
0.606432
0.606471
0.606509
0.606547
0.606585
0.606624
0.606662
0.606700
0.606739
0.606777
0.606815
0.606853
0.606892
0.606930
0.606968
0.607007
0.607045
0.607083
0.607122
0.607160
0.607198
0.607236
0.607275
0.607313
0.607351
0.607390
0.607428
0.607466
0.607505
0.607543
0.607581
0.607620
0.607658
0.607696
0.607735
0.607773
0.607811
0.607850
0.607888
0.607926
0.607965
0.608003
0.608041
0.608080
0.608118
0.608156
0.608195
0.608233
0.608271
0.608310
0.608348
0.608387
0.608425
0.608463
0.608502
0.608540
0.608578
0.608617
0.608655
0.608694
0.608732
0.608770
0.608809
0.608847
0.608886
0.608924
0.608962
0.609001
0.609039
0.609077
0.609116
0.609154
0.609193
0.609231
0.609270
0.609308
0.609346
0.609385
0.609423
0.609462
0.609500
0.609539
0.609577
0.609615
0.609654
0.609692
0.609731
0.609769
0.609808
0.609846
0.609885
0.609923
0.609961
0.610000
0.610038
0.610077
0.610115
0.610154
0.610192
0.610231
0.610269
0.610308
0.610346
0.610384
0.610423
0.610461
0.610500
0.610538
0.610577
0.610615
0.610654
0.610692
0.610731
0.610769
0.610808
0.610846
0.610885
0.610923
0.610962
0.611000
0.611039
0.611077
0.611116
0.611154
0.611193
0.611231
0.611270
0.611308
0.611347
0.611386
0.611424
0.611463
0.611501
0.611540
0.611578
0.611617
0.611655
0.611694
0.611732
0.611771
0.611809
0.611848
0.611887
0.611925
0.611964
0.612002
0.612041
0.612079
0.612118
0.612156
0.612195
0.612234
0.612272
0.612311
0.612349
0.612388
0.612427
0.612465
0.612504
0.612542
0.612581
0.612619
0.612658
0.612697
0.612735
0.612774
0.612812
0.612851
0.612890
0.612928
0.612967
0.613005
0.613044
0.613083
0.613121
0.613160
0.613199
0.613237
0.613276
0.613314
0.613353
0.613392
0.613430
0.613469
0.613508
0.613546
0.613585
0.613624
0.613662
0.613701
0.613739
0.613778
0.613817
0.613855
0.613894
0.613933
0.613971
0.614010
0.614049
0.614087
0.614126
0.614165
0.614203
0.614242
0.614281
0.614319
0.614358
0.614397
0.614436
0.614474
0.614513
0.614552
0.614590
0.614629
0.614668
0.614706
0.614745
0.614784
0.614822
0.614861
0.614900
0.614939
0.614977
0.615016
0.615055
0.615094
0.615132
0.615171
0.615210
0.615248
0.615287
0.615326
0.615365
0.615403
0.615442
0.615481
0.615520
0.615558
0.615597
0.615636
0.615675
0.615713
0.615752
0.615791
0.615830
0.615868
0.615907
0.615946
0.615985
0.616023
0.616062
0.616101
0.616140
0.616179
0.616217
0.616256
0.616295
0.616334
0.616372
0.616411
0.616450
0.616489
0.616528
0.616566
0.616605
0.616644
0.616683
0.616722
0.616761
0.616799
0.616838
0.616877
0.616916
0.616955
0.616993
0.617032
0.617071
0.617110
0.617149
0.617188
0.617226
0.617265
0.617304
0.617343
0.617382
0.617421
0.617459
0.617498
0.617537
0.617576
0.617615
0.617654
0.617693
0.617731
0.617770
0.617809
0.617848
0.617887
0.617926
0.617965
0.618003
0.618042
0.618081
0.618120
0.618159
0.618198
0.618237
0.618276
0.618315
0.618353
0.618392
0.618431
0.618470
0.618509
0.618548
0.618587
0.618626
0.618665
0.618704
0.618742
0.618781
0.618820
0.618859
0.618898
0.618937
0.618976
0.619015
0.619054
0.619093
0.619132
0.619171
0.619210
0.619249
0.619288
0.619327
0.619365
0.619404
0.619443
0.619482
0.619521
0.619560
0.619599
0.619638
0.619677
0.619716
0.619755
0.619794
0.619833
0.619872
0.619911
0.619950
0.619989
0.620028
0.620067
0.620106
0.620145
0.620184
0.620223
0.620262
0.620301
0.620340
0.620379
0.620418
0.620457
0.620496
0.620535
0.620574
0.620613
0.620652
0.620691
0.620730
0.620769
0.620808
0.620847
0.620886
0.620925
0.620964
0.621003
0.621042
0.621081
0.621120
0.621159
0.621198
0.621237
0.621276
0.621315
0.621354
0.621394
0.621432
0.621471
0.621511
0.621550
0.621589
0.621628
0.621667
0.621706
0.621745
0.621784
0.621823
0.621862
0.621901
0.621941
0.621979
0.622019
0.622058
0.622097
0.622136
0.622175
0.622214
0.622253
0.622292
0.622331
0.622370
0.622410
0.622449
0.622488
0.622527
0.622566
0.622605
0.622644
0.622683
0.622722
0.622762
0.622801
0.622840
0.622879
0.622918
0.622957
0.622996
0.623036
0.623075
0.623114
0.623153
0.623192
0.623231
0.623270
0.623310
0.623349
0.623388
0.623427
0.623466
0.623505
0.623544
0.623584
0.623623
0.623662
0.623701
0.623740
0.623780
0.623819
0.623858
0.623897
0.623936
0.623976
0.624015
0.624054
0.624093
0.624132
0.624172
0.624211
0.624250
0.624289
0.624328
0.624367
0.624407
0.624446
0.624485
0.624524
0.624564
0.624603
0.624642
0.624681
0.624720
0.624760
0.624799
0.624838
0.624877
0.624917
0.624956
0.624995
0.625034
0.625074
0.625113
0.625152
0.625191
0.625231
0.625270
0.625309
0.625348
0.625388
0.625427
0.625466
0.625506
0.625545
0.625584
0.625623
0.625663
0.625702
0.625741
0.625780
0.625820
0.625859
0.625898
0.625937
0.625977
0.626016
0.626056
0.626095
0.626134
0.626173
0.626213
0.626252
0.626291
0.626331
0.626370
0.626409
0.626448
0.626488
0.626527
0.626567
0.626606
0.626645
0.626684
0.626724
0.626763
0.626802
0.626842
0.626881
0.626921
0.626960
0.626999
0.627039
0.627078
0.627117
0.627157
0.627196
0.627235
0.627275
0.627314
0.627353
0.627393
0.627432
0.627471
0.627511
0.627550
0.627590
0.627629
0.627668
0.627708
0.627747
0.627787
0.627826
0.627865
0.627905
0.627944
0.627983
0.628023
0.628062
0.628102
0.628141
0.628180
0.628220
0.628259
0.628299
0.628338
0.628378
0.628417
0.628457
0.628496
0.628535
0.628575
0.628614
0.628654
0.628693
0.628732
0.628772
0.628811
0.628851
0.628890
0.628930
0.628969
0.629009
0.629048
0.629088
0.629127
0.629166
0.629206
0.629245
0.629285
0.629324
0.629364
0.629403
0.629443
0.629482
0.629522
0.629561
0.629601
0.629640
0.629680
0.629719
0.629758
0.629798
0.629838
0.629877
0.629917
0.629956
0.629996
0.630035
0.630075
0.630114
0.630154
0.630193
0.630233
0.630272
0.630312
0.630351
0.630391
0.630430
0.630470
0.630509
0.630549
0.630588
0.630628
0.630667
0.630707
0.630746
0.630786
0.630826
0.630865
0.630905
0.630944
0.630984
0.631023
0.631063
0.631102
0.631142
0.631182
0.631221
0.631261
0.631300
0.631340
0.631379
0.631419
0.631459
0.631498
0.631538
0.631577
0.631617
0.631656
0.631696
0.631736
0.631775
0.631815
0.631855
0.631894
0.631934
0.631973
0.632013
0.632053
0.632092
0.632132
0.632171
0.632211
0.632251
0.632290
0.632330
0.632369
0.632409
0.632449
0.632488
0.632528
0.632568
0.632607
0.632647
0.632687
0.632726
0.632766
0.632806
0.632845
0.632885
0.632924
0.632964
0.633004
0.633043
0.633083
0.633123
0.633163
0.633202
0.633242
0.633281
0.633321
0.633361
0.633400
0.633440
0.633480
0.633520
0.633559
0.633599
0.633639
0.633678
0.633718
0.633758
0.633797
0.633837
0.633877
0.633916
0.633956
0.633996
0.634036
0.634075
0.634115
0.634155
0.634195
0.634234
0.634274
0.634314
0.634354
0.634393
0.634433
0.634473
0.634512
0.634552
0.634592
0.634632
0.634671
0.634711
0.634751
0.634791
0.634830
0.634870
0.634910
0.634950
0.634989
0.635029
0.635069
0.635109
0.635148
0.635188
0.635228
0.635268
0.635307
0.635347
0.635387
0.635427
0.635467
0.635506
0.635546
0.635586
0.635626
0.635666
0.635705
0.635745
0.635785
0.635825
0.635865
0.635905
0.635944
0.635984
0.636024
0.636064
0.636104
0.636143
0.636183
0.636223
0.636263
0.636303
0.636342
0.636382
0.636422
0.636462
0.636502
0.636542
0.636582
0.636622
0.636661
0.636701
0.636741
0.636781
0.636821
0.636860
0.636900
0.636940
0.636980
0.637020
0.637060
0.637100
0.637140
0.637180
0.637219
0.637259
0.637299
0.637339
0.637379
0.637419
0.637459
0.637499
0.637539
0.637578
0.637618
0.637658
0.637698
0.637738
0.637778
0.637818
0.637858
0.637898
0.637937
0.637978
0.638017
0.638057
0.638097
0.638137
0.638177
0.638217
0.638257
0.638297
0.638337
0.638377
0.638417
0.638457
0.638497
0.638537
0.638577
0.638616
0.638656
0.638696
0.638736
0.638776
0.638816
0.638856
0.638896
0.638936
0.638976
0.639016
0.639056
0.639096
0.639136
0.639176
0.639216
0.639256
0.639296
0.639336
0.639376
0.639416
0.639456
0.639496
0.639536
0.639576
0.639616
0.639656
0.639696
0.639736
0.639776
0.639816
0.639856
0.639896
0.639936
0.639976
0.640016
0.640056
0.640096
0.640136
0.640176
0.640216
0.640256
0.640296
0.640336
0.640376
0.640416
0.640456
0.640497
0.640536
0.640577
0.640617
0.640657
0.640697
0.640737
0.640777
0.640817
0.640857
0.640897
0.640937
0.640977
0.641017
0.641057
0.641097
0.641138
0.641178
0.641218
0.641258
0.641298
0.641338
0.641378
0.641418
0.641458
0.641498
0.641539
0.641579
0.641619
0.641659
0.641699
0.641739
0.641779
0.641819
0.641859
0.641900
0.641939
0.641980
0.642020
0.642060
0.642100
0.642140
0.642180
0.642221
0.642261
0.642301
0.642341
0.642381
0.642421
0.642461
0.642501
0.642542
0.642582
0.642622
0.642662
0.642702
0.642742
0.642783
0.642823
0.642863
0.642903
0.642943
0.642984
0.643024
0.643064
0.643104
0.643144
0.643184
0.643225
0.643265
0.643305
0.643345
0.643385
0.643426
0.643466
0.643506
0.643546
0.643586
0.643627
0.643667
0.643707
0.643747
0.643787
0.643828
0.643868
0.643908
0.643948
0.643989
0.644029
0.644069
0.644109
0.644150
0.644190
0.644230
0.644270
0.644310
0.644351
0.644391
0.644431
0.644471
0.644512
0.644552
0.644592
0.644632
0.644673
0.644713
0.644753
0.644794
0.644834
0.644874
0.644914
0.644955
0.644995
0.645035
0.645076
0.645116
0.645156
0.645196
0.645237
0.645277
0.645317
0.645358
0.645398
0.645438
0.645478
0.645519
0.645559
0.645599
0.645640
0.645680
0.645720
0.645761
0.645801
0.645841
0.645882
0.645922
0.645962
0.646003
0.646043
0.646083
0.646124
0.646164
0.646204
0.646245
0.646285
0.646325
0.646366
0.646406
0.646446
0.646487
0.646527
0.646567
0.646608
0.646648
0.646689
0.646729
0.646769
0.646810
0.646850
0.646890
0.646931
0.646971
0.647012
0.647052
0.647092
0.647133
0.647173
0.647214
0.647254
0.647294
0.647335
0.647375
0.647415
0.647456
0.647496
0.647537
0.647577
0.647618
0.647658
0.647698
0.647739
0.647779
0.647820
0.647860
0.647901
0.647941
0.647981
0.648022
0.648062
0.648103
0.648143
0.648184
0.648224
0.648265
0.648305
0.648345
0.648386
0.648426
0.648467
0.648507
0.648548
0.648588
0.648629
0.648669
0.648710
0.648750
0.648791
0.648831
0.648871
0.648912
0.648952
0.648993
0.649033
0.649074
0.649114
0.649155
0.649195
0.649236
0.649276
0.649317
0.649358
0.649398
0.649438
0.649479
0.649520
0.649560
0.649600
0.649641
0.649682
0.649722
0.649763
0.649803
0.649844
0.649884
0.649925
0.649965
0.650006
0.650046
0.650087
0.650127
0.650168
0.650209
0.650249
0.650290
0.650330
0.650371
0.650411
0.650452
0.650492
0.650533
0.650574
0.650614
0.650655
0.650695
0.650736
0.650776
0.650817
0.650858
0.650898
0.650939
0.650979
0.651020
0.651061
0.651101
0.651142
0.651182
0.651223
0.651264
0.651304
0.651345
0.651385
0.651426
0.651467
0.651507
0.651548
0.651588
0.651629
0.651670
0.651710
0.651751
0.651792
0.651832
0.651873
0.651913
0.651954
0.651995
0.652035
0.652076
0.652117
0.652157
0.652198
0.652239
0.652279
0.652320
0.652361
0.652401
0.652442
0.652483
0.652523
0.652564
0.652604
0.652645
0.652686
0.652727
0.652767
0.652808
0.652849
0.652889
0.652930
0.652971
0.653011
0.653052
0.653093
0.653133
0.653174
0.653215
0.653256
0.653296
0.653337
0.653378
0.653418
0.653459
0.653500
0.653541
0.653581
0.653622
0.653663
0.653703
0.653744
0.653785
0.653825
0.653866
0.653907
0.653947
0.653988
0.654028
0.654069
0.654110
0.654150
0.654191
0.654231
0.654272
0.654313
0.654354
0.654394
0.654435
0.654475
0.654516
0.654556
0.654597
0.654638
0.654679
0.654719
0.654760
0.654800
0.654841
0.654882
0.654922
0.654963
0.655004
0.655044
0.655085
0.655126
0.655166
0.655207
0.655248
0.655288
0.655329
0.655370
0.655411
0.655451
0.655492
0.655533
0.655573
0.655614
0.655655
0.655695
0.655736
0.655777
0.655817
0.655858
0.655899
0.655940
0.655980
0.656021
0.656062
0.656103
0.656143
0.656184
0.656225
0.656265
0.656306
0.656347
0.656387
0.656428
0.656469
0.656510
0.656550
0.656591
0.656632
0.656673
0.656713
0.656754
0.656795
0.656836
0.656876
0.656917
0.656958
0.656999
0.657039
0.657080
0.657121
0.657162
0.657203
0.657243
0.657284
0.657325
0.657366
0.657406
0.657447
0.657488
0.657529
0.657570
0.657610
0.657651
0.657692
0.657733
0.657774
0.657814
0.657855
0.657896
0.657937
0.657978
0.658019
0.658059
0.658100
0.658141
0.658182
0.658223
0.658264
0.658304
0.658345
0.658386
0.658427
0.658468
0.658508
0.658549
0.658590
0.658631
0.658672
0.658713
0.658754
0.658794
0.658835
0.658876
0.658917
0.658958
0.658999
0.659040
0.659080
0.659121
0.659162
0.659203
0.659244
0.659285
0.659326
0.659367
0.659407
0.659448
0.659489
0.659530
0.659571
0.659612
0.659653
0.659694
0.659735
0.659776
0.659817
0.659857
0.659898
0.659939
0.659980
0.660021
0.660062
0.660103
0.660144
0.660185
0.660226
0.660267
0.660308
0.660348
0.660389
0.660430
0.660471
0.660512
0.660553
0.660594
0.660635
0.660676
0.660717
0.660758
0.660799
0.660840
0.660881
0.660922
0.660963
0.661004
0.661045
0.661086
0.661127
0.661167
0.661209
0.661250
0.661291
0.661332
0.661372
0.661413
0.661455
0.661496
0.661536
0.661577
0.661618
0.661660
0.661701
0.661741
0.661782
0.661824
0.661865
0.661905
0.661947
0.661988
0.662029
0.662069
0.662111
0.662152
0.662193
0.662234
0.662275
0.662316
0.662357
0.662398
0.662439
0.662480
0.662521
0.662562
0.662603
0.662644
0.662685
0.662726
0.662767
0.662808
0.662849
0.662890
0.662932
0.662972
0.663014
0.663055
0.663096
0.663137
0.663178
0.663219
0.663260
0.663301
0.663342
0.663383
0.663424
0.663466
0.663507
0.663548
0.663589
0.663630
0.663671
0.663712
0.663753
0.663794
0.663836
0.663877
0.663918
0.663959
0.664000
0.664041
0.664082
0.664123
0.664165
0.664206
0.664247
0.664288
0.664329
0.664370
0.664411
0.664452
0.664494
0.664535
0.664576
0.664617
0.664658
0.664699
0.664741
0.664782
0.664823
0.664864
0.664905
0.664946
0.664987
0.665029
0.665070
0.665111
0.665152
0.665193
0.665235
0.665276
0.665317
0.665358
0.665399
0.665440
0.665482
0.665523
0.665564
0.665605
0.665647
0.665688
0.665729
0.665770
0.665811
0.665852
0.665894
0.665935
0.665976
0.666017
0.666058
0.666100
0.666141
0.666182
0.666223
0.666265
0.666306
0.666347
0.666389
0.666430
0.666471
0.666512
0.666554
0.666595
0.666636
0.666677
0.666719
0.666760
0.666801
0.666842
0.666884
0.666925
0.666966
0.667007
0.667049
0.667090
0.667131
0.667172
0.667214
0.667255
0.667296
0.667337
0.667379
0.667420
0.667462
0.667503
0.667544
0.667585
0.667627
0.667668
0.667709
0.667751
0.667792
0.667833
0.667874
0.667916
0.667957
0.667999
0.668040
0.668081
0.668122
0.668164
0.668205
0.668246
0.668288
0.668329
0.668371
0.668412
0.668453
0.668494
0.668536
0.668577
0.668618
0.668660
0.668701
0.668743
0.668784
0.668825
0.668867
0.668908
0.668949
0.668991
0.669032
0.669074
0.669115
0.669156
0.669198
0.669239
0.669280
0.669322
0.669363
0.669405
0.669446
0.669487
0.669529
0.669570
0.669612
0.669653
0.669694
0.669736
0.669777
0.669819
0.669860
0.669901
0.669943
0.669984
0.670026
0.670067
0.670109
0.670150
0.670192
0.670233
0.670274
0.670316
0.670357
0.670399
0.670440
0.670482
0.670523
0.670565
0.670606
0.670647
0.670689
0.670730
0.670772
0.670813
0.670855
0.670896
0.670937
0.670979
0.671021
0.671062
0.671104
0.671145
0.671186
0.671228
0.671270
0.671311
0.671352
0.671394
0.671435
0.671477
0.671518
0.671560
0.671601
0.671643
0.671684
0.671726
0.671767
0.671809
0.671850
0.671892
0.671933
0.671975
0.672017
0.672058
0.672100
0.672141
0.672183
0.672224
0.672266
0.672307
0.672349
0.672390
0.672432
0.672473
0.672515
0.672557
0.672598
0.672640
0.672681
0.672723
0.672764
0.672806
0.672847
0.672889
0.672931
0.672972
0.673014
0.673055
0.673097
0.673138
0.673180
0.673222
0.673263
0.673305
0.673346
0.673388
0.673430
0.673471
0.673513
0.673554
0.673596
0.673638
0.673679
0.673721
0.673762
0.673804
0.673846
0.673887
0.673929
0.673971
0.674012
0.674054
0.674095
0.674137
0.674179
0.674220
0.674262
0.674304
0.674345
0.674387
0.674428
0.674470
0.674512
0.674554
0.674595
0.674637
0.674678
0.674720
0.674762
0.674803
0.674845
0.674887
0.674928
0.674970
0.675012
0.675053
0.675095
0.675137
0.675178
0.675220
0.675262
0.675304
0.675345
0.675387
0.675429
0.675470
0.675512
0.675554
0.675595
0.675637
0.675679
0.675720
0.675762
0.675804
0.675846
0.675887
0.675929
0.675971
0.676013
0.676054
0.676096
0.676138
0.676180
0.676221
0.676263
0.676305
0.676346
0.676388
0.676430
0.676472
0.676513
0.676555
0.676597
0.676639
0.676680
0.676722
0.676764
0.676806
0.676847
0.676889
0.676931
0.676973
0.677014
0.677056
0.677098
0.677140
0.677182
0.677223
0.677265
0.677307
0.677349
0.677391
0.677432
0.677474
0.677516
0.677558
0.677600
0.677641
0.677683
0.677725
0.677767
0.677809
0.677851
0.677892
0.677934
0.677976
0.678018
0.678060
0.678101
0.678143
0.678185
0.678227
0.678269
0.678311
0.678352
0.678394
0.678436
0.678478
0.678520
0.678562
0.678604
0.678645
0.678687
0.678729
0.678771
0.678813
0.678855
0.678897
0.678938
0.678980
0.679022
0.679064
0.679106
0.679148
0.679190
0.679232
0.679274
0.679315
0.679357
0.679399
0.679441
0.679483
0.679525
0.679567
0.679609
0.679651
0.679693
0.679734
0.679776
0.679818
0.679860
0.679902
0.679944
0.679986
0.680028
0.680070
0.680112
0.680154
0.680196
0.680238
0.680279
0.680321
0.680363
0.680405
0.680447
0.680489
0.680531
0.680573
0.680615
0.680657
0.680699
0.680741
0.680783
0.680825
0.680867
0.680909
0.680951
0.680993
0.681035
0.681077
0.681119
0.681161
0.681202
0.681245
0.681287
0.681329
0.681371
0.681412
0.681455
0.681497
0.681539
0.681580
0.681622
0.681665
0.681707
0.681748
0.681791
0.681833
0.681875
0.681917
0.681959
0.682001
0.682043
0.682085
0.682127
0.682169
0.682211
0.682253
0.682295
0.682337
0.682379
0.682421
0.682463
0.682505
0.682547
0.682589
0.682631
0.682673
0.682715
0.682757
0.682800
0.682842
0.682884
0.682926
0.682968
0.683010
0.683052
0.683094
0.683136
0.683178
0.683220
0.683262
0.683304
0.683347
0.683389
0.683431
0.683473
0.683515
0.683557
0.683599
0.683641
0.683683
0.683726
0.683768
0.683810
0.683852
0.683894
0.683936
0.683978
0.684020
0.684062
0.684105
0.684147
0.684189
0.684231
0.684273
0.684315
0.684357
0.684399
0.684442
0.684484
0.684526
0.684568
0.684610
0.684652
0.684695
0.684737
0.684779
0.684821
0.684863
0.684905
0.684947
0.684990
0.685032
0.685074
0.685116
0.685158
0.685201
0.685243
0.685285
0.685327
0.685369
0.685412
0.685454
0.685496
0.685538
0.685580
0.685622
0.685665
0.685707
0.685749
0.685792
0.685834
0.685876
0.685918
0.685960
0.686002
0.686045
0.686087
0.686129
0.686171
0.686214
0.686256
0.686298
0.686340
0.686382
0.686425
0.686467
0.686509
0.686551
0.686594
0.686636
0.686678
0.686721
0.686763
0.686805
0.686847
0.686890
0.686932
0.686974
0.687016
0.687059
0.687101
0.687143
0.687186
0.687228
0.687270
0.687312
0.687355
0.687397
0.687439
0.687481
0.687524
0.687566
0.687609
0.687651
0.687693
0.687735
0.687778
0.687820
0.687862
0.687905
0.687947
0.687989
0.688032
0.688074
0.688116
0.688159
0.688201
0.688243
0.688286
0.688328
0.688370
0.688413
0.688455
0.688497
0.688540
0.688582
0.688624
0.688667
0.688709
0.688752
0.688794
0.688836
0.688879
0.688921
0.688963
0.689006
0.689048
0.689090
0.689133
0.689175
0.689218
0.689260
0.689302
0.689345
0.689387
0.689429
0.689472
0.689514
0.689557
0.689599
0.689642
0.689684
0.689726
0.689769
0.689811
0.689854
0.689896
0.689938
0.689981
0.690023
0.690066
0.690108
0.690151
0.690193
0.690235
0.690278
0.690320
0.690363
0.690405
0.690448
0.690490
0.690532
0.690575
0.690617
0.690660
0.690702
0.690745
0.690787
0.690830
0.690872
0.690915
0.690957
0.691000
0.691042
0.691084
0.691127
0.691170
0.691212
0.691254
0.691297
0.691339
0.691382
0.691424
0.691467
0.691509
0.691552
0.691594
0.691637
0.691679
0.691722
0.691764
0.691807
0.691849
0.691892
0.691935
0.691977
0.692019
0.692062
0.692105
0.692147
0.692189
0.692232
0.692275
0.692317
0.692360
0.692402
0.692445
0.692487
0.692530
0.692572
0.692615
0.692658
0.692700
0.692743
0.692785
0.692828
0.692870
0.692913
0.692955
0.692998
0.693041
0.693083
0.693126
0.693168
0.693211
0.693253
0.693296
0.693339
0.693381
0.693424
0.693466
0.693509
0.693552
0.693594
0.693637
0.693679
0.693722
0.693765
0.693807
0.693850
0.693892
0.693935
0.693978
0.694020
0.694063
0.694106
0.694148
0.694191
0.694233
0.694276
0.694319
0.694362
0.694404
0.694447
0.694489
0.694532
0.694575
0.694617
0.694660
0.694703
0.694745
0.694788
0.694830
0.694873
0.694916
0.694958
0.695001
0.695044
0.695087
0.695129
0.695172
0.695215
0.695257
0.695300
0.695343
0.695385
0.695428
0.695471
0.695513
0.695556
0.695599
0.695642
0.695684
0.695727
0.695770
0.695812
0.695855
0.695898
0.695940
0.695983
0.696026
0.696068
0.696111
0.696154
0.696197
0.696240
0.696282
0.696325
0.696368
0.696411
0.696453
0.696496
0.696539
0.696581
0.696624
0.696667
0.696710
0.696752
0.696795
0.696838
0.696881
0.696923
0.696966
0.697009
0.697052
0.697095
0.697137
0.697180
0.697223
0.697266
0.697308
0.697351
0.697394
0.697437
0.697480
0.697522
0.697565
0.697608
0.697651
0.697694
0.697736
0.697779
0.697822
0.697865
0.697908
0.697950
0.697993
0.698036
0.698079
0.698122
0.698164
0.698207
0.698250
0.698293
0.698336
0.698379
0.698422
0.698464
0.698507
0.698550
0.698593
0.698636
0.698679
0.698721
0.698764
0.698807
0.698850
0.698893
0.698936
0.698979
0.699021
0.699064
0.699107
0.699150
0.699193
0.699236
0.699279
0.699322
0.699365
0.699407
0.699450
0.699493
0.699536
0.699579
0.699622
0.699665
0.699708
0.699751
0.699794
0.699836
0.699879
0.699922
0.699965
0.700008
0.700051
0.700094
0.700137
0.700180
0.700222
0.700265
0.700309
0.700351
0.700394
0.700437
0.700480
0.700523
0.700566
0.700609
0.700652
0.700695
0.700738
0.700781
0.700824
0.700867
0.700910
0.700953
0.700996
0.701039
0.701082
0.701125
0.701167
0.701210
0.701254
0.701297
0.701339
0.701382
0.701425
0.701468
0.701511
0.701554
0.701597
0.701640
0.701683
0.701726
0.701769
0.701812
0.701855
0.701898
0.701941
0.701984
0.702027
0.702071
0.702113
0.702156
0.702199
0.702243
0.702285
0.702329
0.702372
0.702415
0.702457
0.702501
0.702544
0.702587
0.702630
0.702673
0.702716
0.702759
0.702802
0.702845
0.702888
0.702931
0.702974
0.703017
0.703060
0.703103
0.703146
0.703190
0.703233
0.703276
0.703319
0.703362
0.703405
0.703448
0.703491
0.703534
0.703577
0.703620
0.703663
0.703707
0.703750
0.703793
0.703836
0.703879
0.703922
0.703965
0.704008
0.704051
0.704095
0.704138
0.704181
0.704224
0.704267
0.704310
0.704353
0.704396
0.704440
0.704483
0.704526
0.704569
0.704612
0.704655
0.704699
0.704741
0.704785
0.704828
0.704871
0.704914
0.704957
0.705000
0.705044
0.705087
0.705130
0.705173
0.705216
0.705260
0.705303
0.705346
0.705389
0.705432
0.705476
0.705519
0.705562
0.705605
0.705648
0.705691
0.705735
0.705778
0.705821
0.705864
0.705907
0.705951
0.705994
0.706037
0.706080
0.706123
0.706167
0.706210
0.706253
0.706296
0.706340
0.706383
0.706426
0.706469
0.706512
0.706556
0.706599
0.706642
0.706685
0.706729
0.706772
0.706815
0.706858
0.706902
0.706945
0.706988
0.707031
0.707075
0.707118
0.707161
0.707204
0.707248
0.707291
0.707334
0.707378
0.707421
0.707464
0.707507
0.707551
0.707594
0.707637
0.707681
0.707724
0.707767
0.707810
0.707854
0.707897
0.707940
0.707984
0.708027
0.708070
0.708114
0.708157
0.708200
0.708244
0.708287
0.708330
0.708373
0.708417
0.708460
0.708504
0.708547
0.708590
0.708633
0.708677
0.708720
0.708763
0.708807
0.708850
0.708894
0.708937
0.708980
0.709024
0.709067
0.709110
0.709154
0.709197
0.709241
0.709284
0.709327
0.709371
0.709414
0.709457
0.709501
0.709544
0.709588
0.709631
0.709674
0.709718
0.709761
0.709804
0.709848
0.709891
0.709935
0.709978
0.710022
0.710065
0.710108
0.710152
0.710195
0.710238
0.710282
0.710325
0.710369
0.710412
0.710456
0.710499
0.710543
0.710586
0.710629
0.710673
0.710716
0.710760
0.710803
0.710847
0.710890
0.710933
0.710977
0.711020
0.711064
0.711107
0.711151
0.711194
0.711238
0.711281
0.711325
0.711368
0.711411
0.711455
0.711499
0.711542
0.711585
0.711629
0.711672
0.711716
0.711760
0.711803
0.711846
0.711890
0.711933
0.711977
0.712020
0.712064
0.712108
0.712151
0.712194
0.712238
0.712282
0.712325
0.712368
0.712412
0.712456
0.712499
0.712543
0.712586
0.712630
0.712673
0.712717
0.712760
0.712804
0.712847
0.712891
0.712934
0.712978
0.713022
0.713065
0.713109
0.713152
0.713196
0.713239
0.713283
0.713326
0.713370
0.713414
0.713457
0.713501
0.713544
0.713588
0.713632
0.713675
0.713719
0.713762
0.713806
0.713850
0.713893
0.713937
0.713980
0.714024
0.714067
0.714111
0.714155
0.714198
0.714242
0.714285
0.714329
0.714373
0.714416
0.714460
0.714504
0.714547
0.714591
0.714634
0.714678
0.714722
0.714765
0.714809
0.714853
0.714896
0.714940
0.714984
0.715027
0.715071
0.715115
0.715158
0.715202
0.715245
0.715289
0.715333
0.715377
0.715420
0.715464
0.715508
0.715551
0.715595
0.715638
0.715682
0.715726
0.715770
0.715813
0.715857
0.715901
0.715944
0.715988
0.716032
0.716075
0.716119
0.716163
0.716207
0.716250
0.716294
0.716338
0.716381
0.716425
0.716469
0.716513
0.716556
0.716600
0.716644
0.716688
0.716731
0.716775
0.716819
0.716862
0.716906
0.716950
0.716994
0.717037
0.717081
0.717125
0.717169
0.717212
0.717256
0.717300
0.717344
0.717387
0.717431
0.717475
0.717519
0.717562
0.717606
0.717650
0.717694
0.717738
0.717781
0.717825
0.717869
0.717913
0.717957
0.718000
0.718044
0.718088
0.718132
0.718176
0.718219
0.718263
0.718307
0.718351
0.718395
0.718439
0.718482
0.718526
0.718570
0.718614
0.718658
0.718701
0.718745
0.718789
0.718833
0.718877
0.718920
0.718964
0.719008
0.719052
0.719096
0.719140
0.719184
0.719228
0.719271
0.719315
0.719359
0.719403
0.719447
0.719491
0.719534
0.719578
0.719622
0.719666
0.719710
0.719754
0.719798
0.719842
0.719885
0.719929
0.719973
0.720017
0.720061
0.720105
0.720149
0.720193
0.720237
0.720280
0.720325
0.720368
0.720412
0.720456
0.720500
0.720544
0.720588
0.720632
0.720676
0.720720
0.720764
0.720807
0.720851
0.720895
0.720939
0.720983
0.721027
0.721071
0.721115
0.721159
0.721203
0.721247
0.721291
0.721335
0.721379
0.721423
0.721467
0.721511
0.721555
0.721599
0.721643
0.721687
0.721731
0.721775
0.721819
0.721863
0.721907
0.721950
0.721994
0.722038
0.722082
0.722127
0.722170
0.722214
0.722258
0.722303
0.722346
0.722390
0.722434
0.722479
0.722522
0.722566
0.722610
0.722655
0.722699
0.722742
0.722787
0.722831
0.722875
0.722919
0.722963
0.723007
0.723051
0.723095
0.723139
0.723183
0.723227
0.723271
0.723315
0.723359
0.723403
0.723447
0.723491
0.723535
0.723579
0.723623
0.723668
0.723711
0.723756
0.723800
0.723844
0.723888
0.723932
0.723976
0.724020
0.724064
0.724108
0.724152
0.724197
0.724241
0.724285
0.724329
0.724373
0.724417
0.724461
0.724505
0.724549
0.724593
0.724638
0.724682
0.724726
0.724770
0.724814
0.724858
0.724902
0.724946
0.724991
0.725034
0.725079
0.725123
0.725167
0.725211
0.725255
0.725299
0.725344
0.725388
0.725432
0.725476
0.725520
0.725565
0.725609
0.725653
0.725697
0.725741
0.725785
0.725829
0.725874
0.725918
0.725962
0.726006
0.726050
0.726095
0.726139
0.726183
0.726227
0.726271
0.726315
0.726360
0.726404
0.726448
0.726492
0.726537
0.726581
0.726625
0.726669
0.726713
0.726758
0.726802
0.726846
0.726890
0.726934
0.726979
0.727023
0.727067
0.727111
0.727156
0.727200
0.727244
0.727288
0.727333
0.727377
0.727421
0.727465
0.727510
0.727554
0.727598
0.727642
0.727687
0.727731
0.727775
0.727819
0.727864
0.727908
0.727952
0.727996
0.728041
0.728085
0.728129
0.728174
0.728218
0.728262
0.728307
0.728351
0.728395
0.728439
0.728484
0.728528
0.728572
0.728617
0.728661
0.728705
0.728749
0.728794
0.728838
0.728883
0.728927
0.728971
0.729015
0.729060
0.729104
0.729148
0.729193
0.729237
0.729281
0.729326
0.729370
0.729414
0.729459
0.729503
0.729547
0.729592
0.729636
0.729681
0.729725
0.729769
0.729814
0.729858
0.729902
0.729947
0.729991
0.730035
0.730080
0.730124
0.730169
0.730213
0.730257
0.730302
0.730346
0.730390
0.730435
0.730479
0.730524
0.730568
0.730613
0.730657
0.730701
0.730746
0.730790
0.730835
0.730879
0.730923
0.730968
0.731012
0.731056
0.731101
0.731145
0.731190
0.731234
0.731279
0.731323
0.731368
0.731412
0.731456
0.731501
0.731545
0.731590
0.731634
0.731679
0.731723
0.731768
0.731812
0.731856
0.731901
0.731946
0.731990
0.732034
0.732079
0.732123
0.732168
0.732212
0.732257
0.732301
0.732346
0.732390
0.732435
0.732479
0.732524
0.732568
0.732613
0.732657
0.732702
0.732746
0.732791
0.732835
0.732880
0.732924
0.732969
0.733013
0.733058
0.733102
0.733147
0.733191
0.733236
0.733280
0.733325
0.733370
0.733414
0.733459
0.733503
0.733548
0.733592
0.733637
0.733681
0.733726
0.733771
0.733815
0.733859
0.733904
0.733949
0.733993
0.734038
0.734082
0.734127
0.734172
0.734216
0.734261
0.734305
0.734350
0.734394
0.734439
0.734484
0.734528
0.734573
0.734617
0.734662
0.734707
0.734751
0.734796
0.734840
0.734885
0.734930
0.734974
0.735019
0.735063
0.735108
0.735153
0.735197
0.735242
0.735287
0.735331
0.735376
0.735420
0.735465
0.735510
0.735554
0.735599
0.735644
0.735688
0.735733
0.735777
0.735822
0.735867
0.735911
0.735956
0.736001
0.736045
0.736090
0.736135
0.736179
0.736224
0.736269
0.736314
0.736358
0.736403
0.736447
0.736492
0.736537
0.736581
0.736626
0.736671
0.736716
0.736760
0.736805
0.736850
0.736895
0.736939
0.736984
0.737029
0.737073
0.737118
0.737163
0.737207
0.737252
0.737297
0.737341
0.737386
0.737431
0.737476
0.737520
0.737565
0.737610
0.737655
0.737700
0.737744
0.737789
0.737834
0.737878
0.737923
0.737968
0.738013
0.738058
0.738102
0.738147
0.738192
0.738236
0.738281
0.738326
0.738371
0.738416
0.738460
0.738505
0.738550
0.738595
0.738639
0.738684
0.738729
0.738774
0.738819
0.738863
0.738908
0.738953
0.738998
0.739043
0.739087
0.739132
0.739177
0.739222
0.739267
0.739311
0.739356
0.739401
0.739446
0.739491
0.739536
0.739580
0.739625
0.739670
0.739715
0.739760
0.739805
0.739850
0.739894
0.739939
0.739984
0.740029
0.740074
0.740118
0.740163
0.740208
0.740253
0.740298
0.740343
0.740388
0.740433
0.740477
0.740522
0.740567
0.740612
0.740657
0.740702
0.740747
0.740792
0.740837
0.740881
0.740926
0.740971
0.741016
0.741061
0.741106
0.741151
0.741196
0.741241
0.741285
0.741330
0.741375
0.741420
0.741465
0.741510
0.741555
0.741600
0.741645
0.741690
0.741735
0.741780
0.741825
0.741869
0.741914
0.741959
0.742004
0.742049
0.742094
0.742139
0.742184
0.742229
0.742274
0.742319
0.742364
0.742409
0.742454
0.742499
0.742544
0.742589
0.742634
0.742679
0.742724
0.742769
0.742814
0.742859
0.742904
0.742949
0.742994
0.743039
0.743084
0.743129
0.743174
0.743219
0.743264
0.743309
0.743354
0.743399
0.743444
0.743489
0.743534
0.743579
0.743624
0.743669
0.743714
0.743759
0.743804
0.743849
0.743894
0.743939
0.743984
0.744029
0.744074
0.744119
0.744164
0.744209
0.744254
0.744299
0.744345
0.744390
0.744434
0.744480
0.744525
0.744570
0.744615
0.744660
0.744705
0.744750
0.744795
0.744840
0.744885
0.744930
0.744976
0.745020
0.745066
0.745111
0.745156
0.745201
0.745246
0.745291
0.745336
0.745381
0.745426
0.745472
0.745517
0.745562
0.745607
0.745652
0.745697
0.745742
0.745787
0.745832
0.745878
0.745923
0.745968
0.746013
0.746058
0.746103
0.746149
0.746193
0.746239
0.746284
0.746329
0.746374
0.746419
0.746464
0.746510
0.746555
0.746600
0.746645
0.746690
0.746736
0.746781
0.746826
0.746871
0.746916
0.746961
0.747006
0.747052
0.747097
0.747142
0.747187
0.747232
0.747278
0.747323
0.747368
0.747413
0.747458
0.747504
0.747549
0.747594
0.747639
0.747685
0.747730
0.747775
0.747820
0.747865
0.747911
0.747956
0.748001
0.748046
0.748092
0.748137
0.748182
0.748227
0.748272
0.748318
0.748363
0.748408
0.748453
0.748499
0.748544
0.748589
0.748634
0.748680
0.748725
0.748770
0.748815
0.748861
0.748906
0.748951
0.748997
0.749042
0.749087
0.749133
0.749178
0.749223
0.749268
0.749314
0.749359
0.749404
0.749449
0.749495
0.749540
0.749585
0.749631
0.749676
0.749721
0.749767
0.749812
0.749857
0.749903
0.749948
0.749993
0.750039
0.750084
0.750129
0.750174
0.750220
0.750265
0.750311
0.750356
0.750401
0.750447
0.750492
0.750537
0.750582
0.750628
0.750673
0.750719
0.750764
0.750809
0.750855
0.750900
0.750946
0.750991
0.751036
0.751082
0.751127
0.751172
0.751218
0.751263
0.751309
0.751354
0.751399
0.751445
0.751490
0.751536
0.751581
0.751626
0.751672
0.751717
0.751762
0.751808
0.751853
0.751899
0.751944
0.751989
0.752035
0.752080
0.752126
0.752171
0.752217
0.752262
0.752308
0.752353
0.752398
0.752444
0.752489
0.752535
0.752580
0.752626
0.752671
0.752717
0.752762
0.752807
0.752853
0.752898
0.752944
0.752989
0.753035
0.753080
0.753126
0.753171
0.753217
0.753262
0.753308
0.753353
0.753399
0.753444
0.753490
0.753535
0.753580
0.753626
0.753672
0.753717
0.753762
0.753808
0.753853
0.753899
0.753945
0.753990
0.754036
0.754081
0.754127
0.754172
0.754218
0.754263
0.754309
0.754354
0.754400
0.754445
0.754491
0.754536
0.754582
0.754627
0.754673
0.754719
0.754764
0.754810
0.754855
0.754901
0.754946
0.754992
0.755037
0.755083
0.755129
0.755174
0.755220
0.755265
0.755311
0.755356
0.755402
0.755448
0.755493
0.755539
0.755584
0.755630
0.755675
0.755721
0.755767
0.755812
0.755858
0.755904
0.755949
0.755995
0.756040
0.756086
0.756132
0.756177
0.756223
0.756268
0.756314
0.756359
0.756405
0.756451
0.756497
0.756542
0.756588
0.756633
0.756679
0.756725
0.756770
0.756816
0.756862
0.756907
0.756953
0.756998
0.757044
0.757090
0.757136
0.757181
0.757227
0.757272
0.757318
0.757364
0.757409
0.757455
0.757501
0.757547
0.757592
0.757638
0.757684
0.757729
0.757775
0.757821
0.757866
0.757912
0.757958
0.758003
0.758049
0.758095
0.758141
0.758186
0.758232
0.758278
0.758323
0.758369
0.758415
0.758461
0.758506
0.758552
0.758598
0.758643
0.758689
0.758735
0.758781
0.758826
0.758872
0.758918
0.758963
0.759009
0.759055
0.759101
0.759147
0.759192
0.759238
0.759284
0.759330
0.759375
0.759421
0.759467
0.759513
0.759558
0.759604
0.759650
0.759696
0.759742
0.759787
0.759833
0.759879
0.759925
0.759970
0.760016
0.760062
0.760108
0.760154
0.760199
0.760245
0.760291
0.760337
0.760383
0.760428
0.760474
0.760520
0.760566
0.760612
0.760658
0.760703
0.760749
0.760795
0.760841
0.760887
0.760933
0.760978
0.761024
0.761070
0.761116
0.761162
0.761208
0.761253
0.761299
0.761345
0.761391
0.761437
0.761483
0.761529
0.761574
0.761620
0.761666
0.761712
0.761758
0.761804
0.761850
0.761896
0.761942
0.761987
0.762033
0.762079
0.762125
0.762171
0.762217
0.762263
0.762309
0.762355
0.762400
0.762446
0.762492
0.762538
0.762584
0.762630
0.762676
0.762722
0.762768
0.762814
0.762860
0.762906
0.762952
0.762997
0.763043
0.763089
0.763135
0.763181
0.763227
0.763273
0.763319
0.763365
0.763411
0.763457
0.763503
0.763549
0.763595
0.763641
0.763687
0.763733
0.763779
0.763825
0.763871
0.763917
0.763963
0.764008
0.764054
0.764101
0.764147
0.764192
0.764238
0.764284
0.764331
0.764377
0.764422
0.764468
0.764514
0.764561
0.764606
0.764652
0.764698
0.764745
0.764791
0.764836
0.764883
0.764929
0.764975
0.765021
0.765067
0.765113
0.765159
0.765205
0.765251
0.765297
0.765343
0.765389
0.765435
0.765481
0.765527
0.765573
0.765619
0.765665
0.765711
0.765757
0.765804
0.765849
0.765896
0.765942
0.765988
0.766034
0.766080
0.766126
0.766172
0.766218
0.766264
0.766310
0.766356
0.766403
0.766448
0.766495
0.766541
0.766587
0.766633
0.766679
0.766725
0.766771
0.766817
0.766863
0.766910
0.766956
0.767002
0.767048
0.767094
0.767140
0.767186
0.767232
0.767279
0.767325
0.767371
0.767417
0.767463
0.767509
0.767555
0.767602
0.767648
0.767694
0.767740
0.767786
0.767832
0.767878
0.767925
0.767971
0.768017
0.768063
0.768109
0.768156
0.768202
0.768248
0.768294
0.768340
0.768387
0.768433
0.768479
0.768525
0.768571
0.768617
0.768663
0.768710
0.768756
0.768802
0.768848
0.768895
0.768941
0.768987
0.769033
0.769079
0.769126
0.769172
0.769218
0.769264
0.769310
0.769357
0.769403
0.769449
0.769495
0.769542
0.769588
0.769634
0.769680
0.769727
0.769773
0.769819
0.769865
0.769912
0.769958
0.770004
0.770051
0.770097
0.770143
0.770189
0.770236
0.770282
0.770328
0.770374
0.770421
0.770467
0.770513
0.770559
0.770606
0.770652
0.770698
0.770745
0.770791
0.770837
0.770883
0.770930
0.770976
0.771023
0.771069
0.771115
0.771161
0.771208
0.771254
0.771300
0.771347
0.771393
0.771439
0.771485
0.771532
0.771578
0.771625
0.771671
0.771717
0.771764
0.771810
0.771856
0.771903
0.771949
0.771995
0.772042
0.772088
0.772134
0.772181
0.772227
0.772274
0.772320
0.772366
0.772413
0.772459
0.772505
0.772552
0.772598
0.772644
0.772691
0.772737
0.772784
0.772830
0.772877
0.772923
0.772969
0.773016
0.773062
0.773109
0.773155
0.773201
0.773248
0.773294
0.773340
0.773387
0.773433
0.773480
0.773526
0.773572
0.773619
0.773665
0.773712
0.773758
0.773805
0.773851
0.773898
0.773944
0.773990
0.774037
0.774083
0.774130
0.774176
0.774223
0.774269
0.774316
0.774362
0.774408
0.774455
0.774502
0.774548
0.774594
0.774641
0.774687
0.774734
0.774780
0.774827
0.774873
0.774920
0.774966
0.775013
0.775059
0.775106
0.775152
0.775199
0.775245
0.775292
0.775338
0.775385
0.775431
0.775478
0.775524
0.775571
0.775617
0.775664
0.775710
0.775757
0.775803
0.775850
0.775897
0.775943
0.775989
0.776036
0.776083
0.776129
0.776176
0.776222
0.776269
0.776315
0.776362
0.776408
0.776455
0.776502
0.776548
0.776595
0.776641
0.776688
0.776734
0.776781
0.776827
0.776874
0.776921
0.776967
0.777014
0.777060
0.777107
0.777154
0.777200
0.777247
0.777293
0.777340
0.777387
0.777433
0.777480
0.777526
0.777573
0.777620
0.777666
0.777713
0.777760
0.777806
0.777853
0.777899
0.777946
0.777993
0.778039
0.778086
0.778133
0.778179
0.778226
0.778272
0.778319
0.778366
0.778413
0.778459
0.778506
0.778552
0.778599
0.778645
0.778692
0.778739
0.778786
0.778832
0.778879
0.778926
0.778972
0.779019
0.779066
0.779112
0.779159
0.779206
0.779252
0.779299
0.779346
0.779393
0.779439
0.779486
0.779533
0.779579
0.779626
0.779673
0.779719
0.779766
0.779813
0.779859
0.779906
0.779953
0.780000
0.780046
0.780093
0.780140
0.780187
0.780233
0.780280
0.780327
0.780374
0.780420
0.780467
0.780514
0.780560
0.780607
0.780654
0.780701
0.780747
0.780794
0.780841
0.780888
0.780934
0.780981
0.781028
0.781075
0.781121
0.781168
0.781215
0.781262
0.781309
0.781355
0.781402
0.781449
0.781496
0.781543
0.781589
0.781636
0.781683
0.781730
0.781777
0.781823
0.781870
0.781917
0.781964
0.782011
0.782058
0.782104
0.782151
0.782198
0.782245
0.782292
0.782338
0.782385
0.782432
0.782479
0.782526
0.782572
0.782619
0.782666
0.782713
0.782760
0.782807
0.782854
0.782901
0.782947
0.782994
0.783041
0.783088
0.783135
0.783182
0.783229
0.783275
0.783322
0.783369
0.783416
0.783463
0.783510
0.783556
0.783603
0.783650
0.783697
0.783744
0.783791
0.783838
0.783885
0.783932
0.783979
0.784025
0.784072
0.784119
0.784166
0.784213
0.784260
0.784307
0.784354
0.784401
0.784448
0.784495
0.784542
0.784589
0.784635
0.784682
0.784729
0.784776
0.784823
0.784870
0.784917
0.784964
0.785011
0.785058
0.785105
0.785152
0.785199
0.785246
0.785293
0.785340
0.785387
0.785434
0.785481
0.785528
0.785575
0.785622
0.785669
0.785716
0.785763
0.785810
0.785856
0.785903
0.785951
0.785998
0.786044
0.786091
0.786139
0.786186
0.786232
0.786279
0.786327
0.786374
0.786421
0.786467
0.786515
0.786562
0.786609
0.786656
0.786703
0.786750
0.786797
0.786844
0.786891
0.786938
0.786985
0.787032
0.787079
0.787126
0.787173
0.787220
0.787267
0.787314
0.787361
0.787408
0.787456
0.787502
0.787550
0.787597
0.787644
0.787691
0.787738
0.787785
0.787832
0.787879
0.787926
0.787973
0.788020
0.788068
0.788114
0.788162
0.788209
0.788256
0.788303
0.788350
0.788397
0.788444
0.788491
0.788538
0.788586
0.788633
0.788680
0.788727
0.788774
0.788821
0.788868
0.788916
0.788962
0.789010
0.789057
0.789104
0.789151
0.789198
0.789245
0.789293
0.789339
0.789387
0.789434
0.789481
0.789528
0.789575
0.789623
0.789670
0.789717
0.789764
0.789811
0.789858
0.789906
0.789953
0.790000
0.790047
0.790094
0.790142
0.790189
0.790236
0.790283
0.790330
0.790377
0.790425
0.790472
0.790519
0.790566
0.790613
0.790661
0.790708
0.790755
0.790802
0.790849
0.790897
0.790944
0.790991
0.791038
0.791086
0.791133
0.791180
0.791227
0.791274
0.791322
0.791369
0.791416
0.791463
0.791511
0.791558
0.791605
0.791652
0.791700
0.791747
0.791794
0.791841
0.791889
0.791936
0.791983
0.792030
0.792078
0.792125
0.792173
0.792220
0.792267
0.792314
0.792362
0.792409
0.792456
0.792503
0.792551
0.792598
0.792645
0.792693
0.792740
0.792787
0.792835
0.792882
0.792929
0.792976
0.793024
0.793071
0.793118
0.793166
0.793213
0.793261
0.793308
0.793355
0.793402
0.793450
0.793497
0.793544
0.793592
0.793639
0.793686
0.793734
0.793781
0.793829
0.793876
0.793923
0.793970
0.794018
0.794065
0.794112
0.794160
0.794207
0.794255
0.794302
0.794349
0.794397
0.794444
0.794492
0.794539
0.794586
0.794634
0.794681
0.794728
0.794776
0.794823
0.794871
0.794918
0.794965
0.795013
0.795060
0.795108
0.795155
0.795203
0.795250
0.795298
0.795345
0.795392
0.795440
0.795487
0.795535
0.795582
0.795629
0.795677
0.795724
0.795772
0.795819
0.795867
0.795914
0.795962
0.796009
0.796056
0.796104
0.796151
0.796199
0.796246
0.796294
0.796341
0.796389
0.796436
0.796484
0.796531
0.796579
0.796626
0.796673
0.796721
0.796769
0.796816
0.796863
0.796911
0.796958
0.797006
0.797053
0.797101
0.797148
0.797196
0.797243
0.797291
0.797338
0.797386
0.797433
0.797481
0.797528
0.797576
0.797624
0.797671
0.797719
0.797766
0.797814
0.797861
0.797909
0.797956
0.798004
0.798052
0.798099
0.798146
0.798194
0.798242
0.798289
0.798337
0.798384
0.798432
0.798479
0.798527
0.798575
0.798622
0.798670
0.798717
0.798765
0.798812
0.798860
0.798907
0.798955
0.799003
0.799050
0.799098
0.799145
0.799193
0.799241
0.799288
0.799336
0.799383
0.799431
0.799479
0.799526
0.799574
0.799621
0.799669
0.799717
0.799764
0.799812
0.799860
0.799907
0.799955
0.800002
0.800050
0.800098
0.800146
0.800193
0.800241
0.800288
0.800336
0.800384
0.800431
0.800479
0.800527
0.800574
0.800622
0.800670
0.800717
0.800765
0.800812
0.800860
0.800908
0.800956
0.801003
0.801051
0.801099
0.801146
0.801194
0.801242
0.801289
0.801337
0.801385
0.801432
0.801480
0.801528
0.801576
0.801623
0.801671
0.801719
0.801766
0.801814
0.801862
0.801910
0.801957
0.802005
0.802053
0.802100
0.802148
0.802196
0.802243
0.802291
0.802339
0.802387
0.802435
0.802482
0.802530
0.802578
0.802626
0.802673
0.802721
0.802769
0.802817
0.802864
0.802912
0.802960
0.803008
0.803055
0.803103
0.803151
0.803199
0.803247
0.803294
0.803342
0.803390
0.803438
0.803485
0.803533
0.803581
0.803629
0.803677
0.803724
0.803772
0.803820
0.803868
0.803916
0.803963
0.804011
0.804059
0.804107
0.804154
0.804202
0.804250
0.804298
0.804346
0.804394
0.804442
0.804489
0.804537
0.804585
0.804633
0.804681
0.804729
0.804776
0.804824
0.804872
0.804920
0.804968
0.805016
0.805064
0.805112
0.805159
0.805207
0.805255
0.805303
0.805351
0.805398
0.805446
0.805494
0.805542
0.805590
0.805638
0.805686
0.805734
0.805782
0.805830
0.805878
0.805925
0.805973
0.806021
0.806069
0.806117
0.806165
0.806213
0.806261
0.806309
0.806357
0.806405
0.806452
0.806500
0.806548
0.806596
0.806644
0.806692
0.806740
0.806788
0.806836
0.806884
0.806932
0.806980
0.807028
0.807075
0.807124
0.807171
0.807220
0.807268
0.807315
0.807363
0.807411
0.807459
0.807507
0.807555
0.807603
0.807651
0.807699
0.807747
0.807795
0.807843
0.807891
0.807939
0.807987
0.808035
0.808083
0.808131
0.808179
0.808227
0.808275
0.808323
0.808371
0.808419
0.808467
0.808515
0.808563
0.808611
0.808659
0.808707
0.808755
0.808803
0.808851
0.808899
0.808947
0.808995
0.809043
0.809091
0.809140
0.809187
0.809235
0.809284
0.809332
0.809380
0.809428
0.809476
0.809524
0.809572
0.809620
0.809668
0.809716
0.809764
0.809812
0.809860
0.809908
0.809957
0.810005
0.810053
0.810101
0.810149
0.810197
0.810245
0.810293
0.810341
0.810389
0.810438
0.810485
0.810534
0.810582
0.810630
0.810678
0.810726
0.810774
0.810822
0.810870
0.810918
0.810967
0.811015
0.811063
0.811111
0.811159
0.811207
0.811256
0.811303
0.811352
0.811400
0.811448
0.811496
0.811544
0.811592
0.811641
0.811689
0.811737
0.811785
0.811833
0.811881
0.811929
0.811978
0.812026
0.812074
0.812122
0.812170
0.812219
0.812267
0.812315
0.812363
0.812411
0.812460
0.812508
0.812556
0.812604
0.812652
0.812701
0.812749
0.812797
0.812845
0.812893
0.812942
0.812990
0.813038
0.813086
0.813135
0.813183
0.813231
0.813279
0.813327
0.813376
0.813424
0.813472
0.813520
0.813569
0.813617
0.813665
0.813713
0.813762
0.813810
0.813858
0.813906
0.813955
0.814003
0.814051
0.814099
0.814148
0.814196
0.814244
0.814292
0.814341
0.814389
0.814437
0.814485
0.814534
0.814582
0.814630
0.814679
0.814727
0.814775
0.814824
0.814872
0.814920
0.814968
0.815017
0.815065
0.815113
0.815162
0.815210
0.815258
0.815307
0.815355
0.815403
0.815452
0.815500
0.815548
0.815596
0.815645
0.815693
0.815741
0.815790
0.815838
0.815887
0.815935
0.815983
0.816032
0.816080
0.816128
0.816177
0.816225
0.816273
0.816322
0.816370
0.816418
0.816467
0.816515
0.816564
0.816612
0.816660
0.816709
0.816757
0.816805
0.816854
0.816902
0.816951
0.816999
0.817047
0.817096
0.817144
0.817193
0.817241
0.817289
0.817338
0.817386
0.817435
0.817483
0.817531
0.817580
0.817629
0.817677
0.817725
0.817774
0.817822
0.817870
0.817919
0.817967
0.818016
0.818064
0.818113
0.818161
0.818210
0.818258
0.818306
0.818355
0.818403
0.818452
0.818500
0.818549
0.818597
0.818646
0.818694
0.818743
0.818791
0.818840
0.818888
0.818936
0.818985
0.819033
0.819082
0.819131
0.819179
0.819227
0.819276
0.819325
0.819373
0.819421
0.819470
0.819519
0.819567
0.819615
0.819664
0.819713
0.819761
0.819809
0.819858
0.819907
0.819955
0.820004
0.820052
0.820101
0.820149
0.820198
0.820246
0.820295
0.820343
0.820392
0.820440
0.820489
0.820538
0.820586
0.820635
0.820683
0.820732
0.820780
0.820829
0.820877
0.820926
0.820975
0.821023
0.821072
0.821120
0.821169
0.821218
0.821266
0.821315
0.821363
0.821412
0.821461
0.821509
0.821558
0.821606
0.821655
0.821703
0.821752
0.821801
0.821849
0.821898
0.821946
0.821995
0.822044
0.822092
0.822141
0.822189
0.822238
0.822287
0.822335
0.822384
0.822433
0.822481
0.822530
0.822578
0.822627
0.822676
0.822725
0.822773
0.822822
0.822871
0.822919
0.822968
0.823016
0.823065
0.823114
0.823163
0.823211
0.823260
0.823308
0.823357
0.823406
0.823454
0.823503
0.823552
0.823601
0.823649
0.823698
0.823747
0.823795
0.823844
0.823893
0.823941
0.823990
0.824039
0.824087
0.824136
0.824185
0.824234
0.824282
0.824331
0.824380
0.824429
0.824477
0.824526
0.824575
0.824623
0.824672
0.824721
0.824770
0.824818
0.824867
0.824916
0.824964
0.825013
0.825062
0.825111
0.825160
0.825208
0.825257
0.825306
0.825355
0.825403
0.825452
0.825501
0.825550
0.825598
0.825647
0.825696
0.825745
0.825793
0.825842
0.825891
0.825940
0.825989
0.826037
0.826086
0.826135
0.826184
0.826233
0.826282
0.826330
0.826379
0.826428
0.826477
0.826526
0.826575
0.826623
0.826672
0.826721
0.826770
0.826819
0.826867
0.826916
0.826965
0.827014
0.827063
0.827111
0.827160
0.827209
0.827258
0.827307
0.827356
0.827405
0.827454
0.827502
0.827551
0.827600
0.827649
0.827698
0.827747
0.827795
0.827844
0.827893
0.827942
0.827991
0.828040
0.828089
0.828138
0.828187
0.828235
0.828284
0.828333
0.828382
0.828431
0.828480
0.828529
0.828578
0.828627
0.828676
0.828725
0.828773
0.828822
0.828871
0.828920
0.828969
0.829018
0.829067
0.829116
0.829165
0.829214
0.829263
0.829312
0.829361
0.829409
0.829458
0.829507
0.829556
0.829605
0.829654
0.829703
0.829752
0.829801
0.829850
0.829899
0.829948
0.829997
0.830046
0.830095
0.830144
0.830193
0.830242
0.830291
0.830340
0.830389
0.830438
0.830487
0.830536
0.830585
0.830634
0.830683
0.830732
0.830781
0.830830
0.830879
0.830928
0.830977
0.831026
0.831075
0.831124
0.831173
0.831222
0.831271
0.831320
0.831369
0.831418
0.831467
0.831516
0.831565
0.831614
0.831663
0.831712
0.831761
0.831810
0.831859
0.831908
0.831957
0.832006
0.832055
0.832105
0.832154
0.832202
0.832252
0.832301
0.832350
0.832399
0.832448
0.832497
0.832546
0.832595
0.832644
0.832693
0.832742
0.832792
0.832840
0.832890
0.832939
0.832988
0.833037
0.833086
0.833135
0.833184
0.833234
0.833282
0.833332
0.833381
0.833430
0.833479
0.833528
0.833577
0.833626
0.833676
0.833725
0.833774
0.833823
0.833872
0.833921
0.833970
0.834020
0.834069
0.834118
0.834167
0.834216
0.834265
0.834315
0.834363
0.834413
0.834462
0.834511
0.834560
0.834609
0.834659
0.834708
0.834757
0.834806
0.834855
0.834904
0.834954
0.835003
0.835052
0.835101
0.835150
0.835200
0.835249
0.835298
0.835347
0.835396
0.835445
0.835495
0.835544
0.835593
0.835642
0.835692
0.835741
0.835790
0.835839
0.835888
0.835938
0.835987
0.836036
0.836085
0.836135
0.836184
0.836233
0.836283
0.836332
0.836381
0.836430
0.836479
0.836528
0.836578
0.836627
0.836677
0.836726
0.836775
0.836824
0.836874
0.836923
0.836972
0.837021
0.837071
0.837120
0.837169
0.837218
0.837268
0.837317
0.837366
0.837415
0.837465
0.837514
0.837563
0.837613
0.837662
0.837711
0.837761
0.837810
0.837859
0.837909
0.837958
0.838007
0.838056
0.838106
0.838155
0.838205
0.838254
0.838303
0.838353
0.838402
0.838451
0.838500
0.838550
0.838599
0.838649
0.838698
0.838747
0.838797
0.838846
0.838895
0.838945
0.838994
0.839043
0.839093
0.839142
0.839191
0.839241
0.839290
0.839339
0.839389
0.839438
0.839488
0.839537
0.839586
0.839636
0.839685
0.839735
0.839784
0.839833
0.839883
0.839932
0.839982
0.840031
0.840081
0.840130
0.840179
0.840229
0.840278
0.840328
0.840377
0.840426
0.840476
0.840525
0.840575
0.840624
0.840673
0.840723
0.840773
0.840822
0.840871
0.840921
0.840970
0.841020
0.841069
0.841119
0.841168
0.841218
0.841267
0.841316
0.841366
0.841415
0.841465
0.841514
0.841564
0.841613
0.841663
0.841712
0.841762
0.841811
0.841861
0.841910
0.841959
0.842009
0.842059
0.842108
0.842157
0.842207
0.842257
0.842306
0.842356
0.842405
0.842455
0.842504
0.842554
0.842603
0.842653
0.842702
0.842752
0.842801
0.842851
0.842900
0.842950
0.843000
0.843049
0.843098
0.843148
0.843198
0.843247
0.843297
0.843346
0.843396
0.843445
0.843495
0.843544
0.843594
0.843644
0.843693
0.843743
0.843792
0.843842
0.843891
0.843941
0.843991
0.844040
0.844090
0.844139
0.844189
0.844239
0.844288
0.844338
0.844387
0.844437
0.844487
0.844536
0.844586
0.844635
0.844685
0.844735
0.844784
0.844834
0.844883
0.844933
0.844982
0.845032
0.845082
0.845131
0.845181
0.845231
0.845280
0.845330
0.845380
0.845429
0.845479
0.845529
0.845578
0.845628
0.845677
0.845727
0.845777
0.845827
0.845876
0.845926
0.845975
0.846025
0.846075
0.846124
0.846174
0.846224
0.846274
0.846323
0.846373
0.846423
0.846472
0.846522
0.846572
0.846621
0.846671
0.846720
0.846770
0.846820
0.846870
0.846920
0.846969
0.847019
0.847069
0.847118
0.847168
0.847218
0.847267
0.847317
0.847367
0.847417
0.847466
0.847516
0.847566
0.847615
0.847665
0.847715
0.847765
0.847814
0.847864
0.847914
0.847964
0.848014
0.848063
0.848113
0.848163
0.848213
0.848262
0.848312
0.848362
0.848412
0.848461
0.848511
0.848561
0.848611
0.848661
0.848710
0.848760
0.848810
0.848860
0.848909
0.848959
0.849009
0.849059
0.849109
0.849158
0.849208
0.849258
0.849308
0.849357
0.849407
0.849457
0.849507
0.849557
0.849607
0.849656
0.849706
0.849756
0.849806
0.849856
0.849906
0.849956
0.850005
0.850055
0.850105
0.850155
0.850205
0.850254
0.850304
0.850354
0.850404
0.850454
0.850504
0.850554
0.850604
0.850653
0.850703
0.850753
0.850803
0.850853
0.850903
0.850953
0.851003
0.851053
0.851102
0.851152
0.851202
0.851252
0.851302
0.851352
0.851402
0.851452
0.851502
0.851551
0.851601
0.851651
0.851701
0.851751
0.851801
0.851851
0.851901
0.851951
0.852000
0.852050
0.852100
0.852151
0.852200
0.852250
0.852300
0.852350
0.852400
0.852450
0.852500
0.852550
0.852600
0.852650
0.852700
0.852750
0.852800
0.852850
0.852900
0.852950
0.853000
0.853050
0.853099
0.853149
0.853199
0.853249
0.853299
0.853349
0.853399
0.853449
0.853499
0.853549
0.853599
0.853649
0.853699
0.853749
0.853799
0.853849
0.853899
0.853949
0.853999
0.854049
0.854099
0.854149
0.854199
0.854249
0.854300
0.854350
0.854399
0.854449
0.854500
0.854550
0.854599
0.854650
0.854700
0.854750
0.854800
0.854850
0.854900
0.854950
0.855000
0.855050
0.855100
0.855150
0.855200
0.855250
0.855300
0.855350
0.855401
0.855451
0.855501
0.855551
0.855601
0.855651
0.855701
0.855751
0.855801
0.855851
0.855901
0.855951
0.856001
0.856052
0.856102
0.856152
0.856202
0.856252
0.856302
0.856352
0.856402
0.856452
0.856503
0.856553
0.856603
0.856653
0.856703
0.856753
0.856803
0.856853
0.856904
0.856954
0.857004
0.857054
0.857104
0.857154
0.857205
0.857254
0.857305
0.857355
0.857405
0.857455
0.857505
0.857555
0.857606
0.857656
0.857706
0.857756
0.857806
0.857857
0.857907
0.857957
0.858007
0.858057
0.858108
0.858158
0.858208
0.858258
0.858308
0.858358
0.858409
0.858459
0.858509
0.858559
0.858609
0.858660
0.858710
0.858760
0.858810
0.858860
0.858911
0.858961
0.859011
0.859061
0.859112
0.859162
0.859212
0.859262
0.859312
0.859363
0.859413
0.859463
0.859513
0.859564
0.859614
0.859664
0.859714
0.859765
0.859815
0.859865
0.859915
0.859966
0.860016
0.860066
0.860117
0.860167
0.860217
0.860268
0.860318
0.860368
0.860418
0.860469
0.860519
0.860569
0.860619
0.860670
0.860720
0.860770
0.860821
0.860871
0.860921
0.860972
0.861022
0.861072
0.861123
0.861173
0.861223
0.861273
0.861324
0.861374
0.861424
0.861475
0.861525
0.861575
0.861626
0.861676
0.861726
0.861777
0.861827
0.861877
0.861928
0.861978
0.862029
0.862079
0.862129
0.862180
0.862230
0.862280
0.862331
0.862381
0.862431
0.862482
0.862532
0.862582
0.862633
0.862683
0.862734
0.862784
0.862834
0.862885
0.862935
0.862985
0.863036
0.863086
0.863137
0.863187
0.863238
0.863288
0.863339
0.863389
0.863439
0.863490
0.863540
0.863591
0.863641
0.863691
0.863742
0.863792
0.863843
0.863893
0.863944
0.863994
0.864045
0.864095
0.864145
0.864196
0.864246
0.864296
0.864347
0.864398
0.864448
0.864499
0.864549
0.864599
0.864650
0.864700
0.864751
0.864801
0.864852
0.864902
0.864953
0.865003
0.865054
0.865104
0.865155
0.865205
0.865256
0.865306
0.865357
0.865407
0.865457
0.865508
0.865559
0.865609
0.865659
0.865710
0.865761
0.865811
0.865862
0.865912
0.865963
0.866013
0.866064
0.866114
0.866165
0.866215
0.866266
0.866316
0.866367
0.866417
0.866468
0.866518
0.866569
0.866620
0.866670
0.866721
0.866771
0.866822
0.866872
0.866923
0.866973
0.867024
0.867075
0.867125
0.867176
0.867226
0.867277
0.867328
0.867378
0.867429
0.867479
0.867530
0.867581
0.867631
0.867682
0.867732
0.867783
0.867834
0.867884
0.867935
0.867985
0.868036
0.868086
0.868137
0.868188
0.868238
0.868289
0.868339
0.868390
0.868441
0.868492
0.868542
0.868593
0.868643
0.868694
0.868744
0.868795
0.868846
0.868897
0.868947
0.868998
0.869048
0.869099
0.869150
0.869200
0.869251
0.869302
0.869353
0.869403
0.869454
0.869504
0.869555
0.869606
0.869656
0.869707
0.869758
0.869809
0.869859
0.869910
0.869961
0.870011
0.870062
0.870113
0.870163
0.870214
0.870265
0.870315
0.870366
0.870417
0.870468
0.870518
0.870569
0.870620
0.870671
0.870721
0.870772
0.870823
0.870873
0.870924
0.870975
0.871026
0.871076
0.871127
0.871178
0.871228
0.871279
0.871330
0.871381
0.871431
0.871482
0.871533
0.871584
0.871634
0.871685
0.871736
0.871787
0.871838
0.871888
0.871939
0.871990
0.872041
0.872091
0.872142
0.872193
0.872244
0.872294
0.872345
0.872396
0.872447
0.872498
0.872548
0.872599
0.872650
0.872701
0.872752
0.872803
0.872853
0.872904
0.872955
0.873006
0.873057
0.873108
0.873158
0.873209
0.873260
0.873311
0.873362
0.873412
0.873463
0.873514
0.873565
0.873616
0.873667
0.873718
0.873768
0.873819
0.873870
0.873921
0.873972
0.874023
0.874074
0.874124
0.874175
0.874226
0.874277
0.874328
0.874379
0.874430
0.874481
0.874531
0.874582
0.874633
0.874684
0.874735
0.874786
0.874837
0.874888
0.874939
0.874989
0.875040
0.875091
0.875142
0.875193
0.875244
0.875295
0.875346
0.875397
0.875448
0.875499
0.875550
0.875601
0.875651
0.875702
0.875753
0.875804
0.875855
0.875906
0.875957
0.876008
0.876059
0.876110
0.876161
0.876212
0.876263
0.876314
0.876365
0.876416
0.876467
0.876518
0.876568
0.876619
0.876671
0.876722
0.876772
0.876823
0.876874
0.876925
0.876976
0.877027
0.877078
0.877129
0.877180
0.877231
0.877282
0.877333
0.877384
0.877435
0.877486
0.877531
0.877576
0.877620
0.877664
0.877709
0.877753
0.877798
0.877842
0.877887
0.877931
0.877976
0.878020
0.878064
0.878109
0.878153
0.878198
0.878242
0.878287
0.878331
0.878376
0.878420
0.878464
0.878509
0.878553
0.878598
0.878642
0.878687
0.878731
0.878776
0.878820
0.878865
0.878909
0.878954
0.878998
0.879042
0.879087
0.879131
0.879176
0.879220
0.879265
0.879309
0.879354
0.879398
0.879443
0.879487
0.879532
0.879576
0.879621
0.879665
0.879710
0.879754
0.879799
0.879843
0.879888
0.879932
0.879977
0.880021
0.880066
0.880110
0.880155
0.880199
0.880244
0.880289
0.880333
0.880377
0.880422
0.880467
0.880511
0.880556
0.880600
0.880645
0.880689
0.880734
0.880778
0.880823
0.880868
0.880912
0.880956
0.881001
0.881046
0.881090
0.881135
0.881179
0.881224
0.881269
0.881313
0.881358
0.881402
0.881447
0.881492
0.881536
0.881581
0.881625
0.881670
0.881714
0.881759
0.881803
0.881848
0.881893
0.881937
0.881982
0.882026
0.882071
0.882116
0.882160
0.882205
0.882250
0.882294
0.882339
0.882383
0.882428
0.882473
0.882517
0.882562
0.882607
0.882651
0.882696
0.882740
0.882785
0.882830
0.882874
0.882919
0.882963
0.883008
0.883053
0.883098
0.883142
0.883187
0.883231
0.883276
0.883321
0.883365
0.883410
0.883455
0.883499
0.883544
0.883589
0.883633
0.883678
0.883723
0.883767
0.883812
0.883857
0.883901
0.883946
0.883991
0.884035
0.884080
0.884125
0.884169
0.884214
0.884259
0.884303
0.884348
0.884393
0.884438
0.884482
0.884527
0.884572
0.884616
0.884661
0.884706
0.884751
0.884795
0.884840
0.884885
0.884929
0.884974
0.885019
0.885064
0.885108
0.885153
0.885198
0.885243
0.885287
0.885332
0.885377
0.885421
0.885466
0.885511
0.885556
0.885600
0.885645
0.885690
0.885735
0.885779
0.885824
0.885869
0.885914
0.885958
0.886003
0.886048
0.886093
0.886137
0.886182
0.886227
0.886272
0.886317
0.886361
0.886406
0.886451
0.886496
0.886540
0.886585
0.886630
0.886675
0.886720
0.886764
0.886809
0.886854
0.886899
0.886944
0.886988
0.887033
0.887078
0.887123
0.887168
0.887212
0.887257
0.887302
0.887347
0.887392
0.887436
0.887481
0.887526
0.887571
0.887616
0.887661
0.887705
0.887750
0.887795
0.887840
0.887885
0.887930
0.887975
0.888019
0.888064
0.888109
0.888154
0.888199
0.888244
0.888288
0.888333
0.888378
0.888423
0.888468
0.888513
0.888558
0.888603
0.888647
0.888692
0.888737
0.888782
0.888827
0.888872
0.888917
0.888962
0.889006
0.889051
0.889096
0.889141
0.889186
0.889231
0.889276
0.889321
0.889366
0.889410
0.889455
0.889500
0.889545
0.889590
0.889635
0.889680
0.889725
0.889770
0.889814
0.889859
0.889905
0.889949
0.889994
0.890039
0.890084
0.890129
0.890174
0.890219
0.890264
0.890309
0.890354
0.890399
0.890444
0.890489
0.890534
0.890578
0.890623
0.890668
0.890713
0.890758
0.890801
0.890840
0.890878
0.890916
0.890954
0.890993
0.891031
0.891069
0.891108
0.891146
0.891184
0.891222
0.891261
0.891299
0.891337
0.891376
0.891414
0.891452
0.891490
0.891529
0.891567
0.891606
0.891644
0.891682
0.891720
0.891759
0.891797
0.891835
0.891874
0.891912
0.891950
0.891989
0.892027
0.892065
0.892104
0.892142
0.892180
0.892219
0.892257
0.892295
0.892334
0.892372
0.892410
0.892449
0.892487
0.892525
0.892564
0.892602
0.892640
0.892679
0.892717
0.892755
0.892794
0.892832
0.892870
0.892909
0.892947
0.892985
0.893024
0.893062
0.893101
0.893139
0.893177
0.893216
0.893254
0.893292
0.893331
0.893369
0.893408
0.893446
0.893484
0.893523
0.893561
0.893600
0.893638
0.893676
0.893715
0.893753
0.893792
0.893830
0.893868
0.893907
0.893945
0.893983
0.894022
0.894060
0.894099
0.894137
0.894175
0.894214
0.894252
0.894291
0.894329
0.894367
0.894406
0.894444
0.894483
0.894521
0.894560
0.894598
0.894637
0.894675
0.894713
0.894752
0.894790
0.894829
0.894867
0.894905
0.894944
0.894982
0.895021
0.895059
0.895098
0.895136
0.895175
0.895213
0.895251
0.895290
0.895328
0.895367
0.895405
0.895444
0.895482
0.895521
0.895559
0.895598
0.895636
0.895674
0.895713
0.895752
0.895790
0.895829
0.895867
0.895905
0.895944
0.895982
0.896021
0.896059
0.896098
0.896136
0.896175
0.896213
0.896252
0.896290
0.896329
0.896367
0.896406
0.896444
0.896483
0.896521
0.896560
0.896598
0.896637
0.896675
0.896714
0.896752
0.896791
0.896829
0.896868
0.896906
0.896945
0.896983
0.897022
0.897060
0.897099
0.897137
0.897176
0.897214
0.897253
0.897292
0.897330
0.897368
0.897407
0.897446
0.897484
0.897523
0.897561
0.897600
0.897638
0.897677
0.897715
0.897754
0.897793
0.897831
0.897870
0.897908
0.897947
0.897985
0.898024
0.898062
0.898101
0.898140
0.898178
0.898217
0.898255
0.898294
0.898332
0.898371
0.898409
0.898448
0.898487
0.898525
0.898564
0.898602
0.898641
0.898680
0.898718
0.898757
0.898795
0.898834
0.898873
0.898911
0.898950
0.898988
0.899027
0.899066
0.899104
0.899143
0.899181
0.899220
0.899259
0.899297
0.899336
0.899375
0.899413
0.899452
0.899490
0.899529
0.899567
0.899606
0.899645
0.899683
0.899722
0.899761
0.899799
0.899838
0.899877
0.899915
0.899954
0.899992
0.900031
0.900070
0.900108
0.900147
0.900186
0.900224
0.900263
0.900302
0.900340
0.900379
0.900417
0.900456
0.900495
0.900534
0.900572
0.900611
0.900649
0.900688
0.900727
0.900765
0.900804
0.900843
0.900882
0.900920
0.900959
0.900997
0.901036
0.901075
0.901113
0.901152
0.901191
0.901230
0.901268
0.901307
0.901346
0.901384
0.901423
0.901462
0.901500
0.901539
0.901578
0.901616
0.901655
0.901694
0.901733
0.901771
0.901810
0.901849
0.901888
0.901926
0.901965
0.902004
0.902042
0.902081
0.902120
0.902158
0.902197
0.902236
0.902275
0.902313
0.902352
0.902391
0.902430
0.902468
0.902507
0.902546
0.902585
0.902623
0.902662
0.902701
0.902740
0.902778
0.902817
0.902856
0.902895
0.902933
0.902972
0.903011
0.903049
0.903088
0.903127
0.903166
0.903205
0.903243
0.903282
0.903321
0.903360
0.903398
0.903437
0.903476
0.903515
0.903553
0.903592
0.903631
0.903670
0.903709
0.903747
0.903786
0.903825
0.903864
0.903903
0.903941
0.903980
0.904019
0.904058
0.904096
0.904135
0.904174
0.904213
0.904252
0.904291
0.904329
0.904368
0.904407
0.904446
0.904484
0.904523
0.904562
0.904601
0.904640
0.904679
0.904717
0.904756
0.904795
0.904834
0.904873
0.904912
0.904950
0.904989
0.905028
0.905067
0.905106
0.905145
0.905183
0.905222
0.905261
0.905300
0.905339
0.905378
0.905416
0.905455
0.905494
0.905533
0.905572
0.905611
0.905650
0.905688
0.905727
0.905766
0.905805
0.905844
0.905883
0.905922
0.905961
0.905999
0.906038
0.906077
0.906116
0.906155
0.906194
0.906233
0.906271
0.906310
0.906349
0.906388
0.906427
0.906466
0.906505
0.906544
0.906583
0.906621
0.906660
0.906699
0.906738
0.906777
0.906816
0.906855
0.906894
0.906933
0.906972
0.907011
0.907049
0.907088
0.907127
0.907166
0.907205
0.907244
0.907283
0.907322
0.907361
0.907400
0.907439
0.907478
0.907517
0.907555
0.907594
0.907633
0.907672
0.907711
0.907750
0.907789
0.907828
0.907867
0.907906
0.907945
0.907984
0.908023
0.908062
0.908101
0.908140
0.908179
0.908218
0.908256
0.908295
0.908334
0.908373
0.908412
0.908451
0.908490
0.908529
0.908568
0.908607
0.908646
0.908685
0.908724
0.908763
0.908802
0.908841
0.908880
0.908919
0.908958
0.908997
0.909036
0.909075
0.909114
0.909153
0.909192
0.909231
0.909270
0.909309
0.909348
0.909387
0.909426
0.909465
0.909504
0.909543
0.909582
0.909621
0.909660
0.909699
0.909738
0.909777
0.909816
0.909855
0.909894
0.909933
0.909972
0.910011
0.910050
0.910089
0.910128
0.910167
0.910206
0.910245
0.910285
0.910323
0.910362
0.910402
0.910441
0.910480
0.910519
0.910558
0.910597
0.910636
0.910675
0.910714
0.910753
0.910792
0.910831
0.910870
0.910909
0.910948
0.910987
0.911026
0.911065
0.911105
0.911144
0.911183
0.911222
0.911261
0.911300
0.911339
0.911378
0.911417
0.911456
0.911495
0.911534
0.911574
0.911613
0.911652
0.911691
0.911730
0.911769
0.911808
0.911847
0.911886
0.911925
0.911965
0.912003
0.912043
0.912082
0.912121
0.912160
0.912199
0.912238
0.912277
0.912317
0.912355
0.912395
0.912434
0.912473
0.912512
0.912551
0.912590
0.912629
0.912669
0.912708
0.912747
0.912786
0.912825
0.912864
0.912903
0.912943
0.912982
0.913021
0.913060
0.913099
0.913138
0.913177
0.913216
0.913256
0.913295
0.913334
0.913373
0.913412
0.913451
0.913491
0.913530
0.913569
0.913608
0.913647
0.913687
0.913725
0.913765
0.913804
0.913843
0.913882
0.913921
0.913961
0.914000
0.914039
0.914078
0.914117
0.914157
0.914196
0.914235
0.914274
0.914313
0.914353
0.914392
0.914431
0.914470
0.914509
0.914549
0.914588
0.914627
0.914666
0.914705
0.914745
0.914784
0.914823
0.914862
0.914902
0.914941
0.914980
0.915019
0.915058
0.915097
0.915137
0.915176
0.915215
0.915255
0.915294
0.915333
0.915372
0.915411
0.915450
0.915490
0.915529
0.915568
0.915608
0.915647
0.915686
0.915725
0.915765
0.915804
0.915843
0.915882
0.915922
0.915961
0.916000
0.916039
0.916079
0.916118
0.916157
0.916196
0.916236
0.916275
0.916314
0.916353
0.916393
0.916432
0.916471
0.916510
0.916550
0.916589
0.916628
0.916668
0.916707
0.916746
0.916786
0.916825
0.916864
0.916903
0.916943
0.916982
0.917021
0.917061
0.917100
0.917139
0.917178
0.917218
0.917257
0.917296
0.917336
0.917375
0.917414
0.917454
0.917493
0.917532
0.917572
0.917611
0.917650
0.917690
0.917729
0.917768
0.917808
0.917847
0.917886
0.917926
0.917965
0.918004
0.918043
0.918083
0.918122
0.918162
0.918201
0.918240
0.918280
0.918319
0.918358
0.918398
0.918437
0.918476
0.918516
0.918555
0.918594
0.918634
0.918673
0.918713
0.918752
0.918791
0.918831
0.918870
0.918909
0.918949
0.918988
0.919027
0.919067
0.919106
0.919146
0.919185
0.919224
0.919264
0.919303
0.919343
0.919382
0.919421
0.919461
0.919500
0.919540
0.919579
0.919618
0.919658
0.919697
0.919737
0.919776
0.919815
0.919855
0.919894
0.919933
0.919973
0.920012
0.920052
0.920091
0.920130
0.920170
0.920209
0.920249
0.920288
0.920328
0.920367
0.920407
0.920446
0.920485
0.920525
0.920564
0.920604
0.920643
0.920683
0.920722
0.920761
0.920801
0.920840
0.920880
0.920919
0.920959
0.920998
0.921038
0.921077
0.921117
0.921156
0.921195
0.921235
0.921274
0.921314
0.921353
0.921393
0.921432
0.921472
0.921511
0.921551
0.921590
0.921630
0.921669
0.921708
0.921748
0.921787
0.921827
0.921866
0.921906
0.921945
0.921985
0.922024
0.922064
0.922103
0.922143
0.922182
0.922222
0.922261
0.922301
0.922340
0.922380
0.922419
0.922459
0.922498
0.922538
0.922577
0.922617
0.922656
0.922696
0.922735
0.922775
0.922814
0.922854
0.922893
0.922933
0.922973
0.923012
0.923051
0.923091
0.923131
0.923170
0.923210
0.923249
0.923289
0.923328
0.923368
0.923407
0.923447
0.923486
0.923526
0.923566
0.923605
0.923645
0.923684
0.923724
0.923763
0.923803
0.923842
0.923882
0.923921
0.923961
0.924001
0.924040
0.924080
0.924119
0.924159
0.924199
0.924238
0.924278
0.924317
0.924357
0.924396
0.924436
0.924476
0.924515
0.924555
0.924594
0.924634
0.924673
0.924713
0.924753
0.924792
0.924832
0.924871
0.924911
0.924951
0.924990
0.925030
0.925070
0.925109
0.925149
0.925188
0.925228
0.925268
0.925307
0.925347
0.925386
0.925426
0.925466
0.925505
0.925545
0.925585
0.925624
0.925664
0.925703
0.925743
0.925783
0.925822
0.925862
0.925902
0.925941
0.925981
0.926020
0.926060
0.926100
0.926139
0.926179
0.926219
0.926258
0.926298
0.926338
0.926377
0.926417
0.926457
0.926496
0.926536
0.926576
0.926615
0.926655
0.926695
0.926734
0.926774
0.926814
0.926853
0.926893
0.926933
0.926972
0.927012
0.927052
0.927091
0.927131
0.927171
0.927210
0.927250
0.927290
0.927329
0.927369
0.927409
0.927449
0.927488
0.927528
0.927568
0.927607
0.927647
0.927687
0.927727
0.927766
0.927806
0.927846
0.927885
0.927925
0.927965
0.928004
0.928044
0.928084
0.928124
0.928163
0.928203
0.928243
0.928282
0.928322
0.928362
0.928402
0.928441
0.928481
0.928521
0.928561
0.928601
0.928640
0.928680
0.928720
0.928759
0.928799
0.928839
0.928879
0.928918
0.928958
0.928998
0.929038
0.929077
0.929117
0.929157
0.929197
0.929236
0.929276
0.929316
0.929356
0.929395
0.929435
0.929475
0.929515
0.929555
0.929594
0.929634
0.929674
0.929714
0.929753
0.929793
0.929833
0.929873
0.929913
0.929952
0.929992
0.930032
0.930072
0.930112
0.930151
0.930191
0.930231
0.930271
0.930311
0.930351
0.930390
0.930430
0.930470
0.930510
0.930549
0.930589
0.930629
0.930669
0.930709
0.930748
0.930788
0.930828
0.930868
0.930908
0.930948
0.930988
0.931027
0.931067
0.931107
0.931147
0.931187
0.931227
0.931266
0.931306
0.931346
0.931386
0.931426
0.931466
0.931505
0.931545
0.931585
0.931625
0.931665
0.931705
0.931745
0.931784
0.931824
0.931864
0.931904
0.931942
0.931978
0.932013
0.932048
0.932084
0.932119
0.932154
0.932190
0.932225
0.932260
0.932295
0.932331
0.932366
0.932401
0.932437
0.932472
0.932507
0.932543
0.932578
0.932613
0.932648
0.932684
0.932719
0.932754
0.932790
0.932825
0.932860
0.932895
0.932931
0.932966
0.933002
0.933037
0.933072
0.933107
0.933143
0.933178
0.933213
0.933249
0.933284
0.933320
0.933355
0.933390
0.933425
0.933461
0.933496
0.933531
0.933567
0.933602
0.933638
0.933673
0.933708
0.933744
0.933779
0.933814
0.933850
0.933885
0.933920
0.933956
0.933991
0.934026
0.934062
0.934097
0.934132
0.934168
0.934203
0.934239
0.934274
0.934309
0.934345
0.934380
0.934415
0.934451
0.934486
0.934522
0.934557
0.934592
0.934628
0.934663
0.934698
0.934734
0.934769
0.934804
0.934840
0.934875
0.934911
0.934946
0.934982
0.935017
0.935052
0.935088
0.935123
0.935159
0.935194
0.935229
0.935265
0.935300
0.935336
0.935371
0.935406
0.935442
0.935477
0.935512
0.935548
0.935583
0.935619
0.935654
0.935690
0.935725
0.935761
0.935796
0.935831
0.935867
0.935902
0.935938
0.935973
0.936008
0.936044
0.936079
0.936115
0.936150
0.936186
0.936221
0.936257
0.936292
0.936327
0.936363
0.936398
0.936434
0.936469
0.936505
0.936540
0.936576
0.936611
0.936646
0.936682
0.936717
0.936753
0.936788
0.936824
0.936859
0.936895
0.936930
0.936966
0.937001
0.937037
0.937072
0.937107
0.937143
0.937178
0.937214
0.937249
0.937285
0.937320
0.937356
0.937391
0.937427
0.937462
0.937498
0.937533
0.937569
0.937604
0.937640
0.937675
0.937711
0.937746
0.937782
0.937817
0.937853
0.937888
0.937924
0.937959
0.937995
0.938030
0.938066
0.938101
0.938137
0.938172
0.938208
0.938243
0.938279
0.938314
0.938350
0.938385
0.938421
0.938456
0.938492
0.938527
0.938563
0.938598
0.938634
0.938669
0.938705
0.938741
0.938776
0.938812
0.938847
0.938883
0.938918
0.938954
0.938989
0.939025
0.939060
0.939096
0.939131
0.939167
0.939203
0.939238
0.939274
0.939309
0.939345
0.939380
0.939416
0.939451
0.939487
0.939523
0.939558
0.939594
0.939629
0.939665
0.939700
0.939736
0.939771
0.939807
0.939843
0.939878
0.939914
0.939949
0.939985
0.940021
0.940056
0.940092
0.940127
0.940163
0.940198
0.940234
0.940270
0.940305
0.940341
0.940376
0.940412
0.940448
0.940483
0.940519
0.940554
0.940590
0.940626
0.940661
0.940697
0.940732
0.940768
0.940804
0.940839
0.940875
0.940910
0.940946
0.940982
0.941017
0.941053
0.941089
0.941124
0.941160
0.941195
0.941231
0.941267
0.941302
0.941338
0.941374
0.941409
0.941445
0.941480
0.941516
0.941552
0.941587
0.941623
0.941659
0.941694
0.941730
0.941765
0.941801
0.941837
0.941873
0.941908
0.941944
0.941979
0.942015
0.942051
0.942086
0.942122
0.942158
0.942195
0.942231
0.942268
0.942304
0.942340
0.942377
0.942413
0.942450
0.942486
0.942523
0.942559
0.942595
0.942632
0.942668
0.942705
0.942741
0.942777
0.942814
0.942850
0.942887
0.942923
0.942960
0.942996
0.943032
0.943069
0.943105
0.943142
0.943178
0.943215
0.943251
0.943288
0.943324
0.943360
0.943397
0.943433
0.943470
0.943506
0.943543
0.943579
0.943616
0.943652
0.943689
0.943725
0.943762
0.943798
0.943834
0.943871
0.943907
0.943944
0.943980
0.944017
0.944053
0.944090
0.944126
0.944163
0.944199
0.944236
0.944272
0.944309
0.944345
0.944382
0.944418
0.944455
0.944491
0.944528
0.944564
0.944601
0.944637
0.944674
0.944710
0.944747
0.944783
0.944820
0.944856
0.944893
0.944929
0.944966
0.945002
0.945039
0.945075
0.945112
0.945148
0.945185
0.945222
0.945258
0.945294
0.945331
0.945368
0.945404
0.945441
0.945477
0.945514
0.945550
0.945587
0.945623
0.945660
0.945696
0.945733
0.945769
0.945806
0.945843
0.945879
0.945915
0.945952
0.945989
0.946025
0.946062
0.946098
0.946135
0.946171
0.946208
0.946244
0.946281
0.946318
0.946354
0.946391
0.946427
0.946464
0.946501
0.946537
0.946574
0.946610
0.946647
0.946683
0.946720
0.946757
0.946793
0.946830
0.946866
0.946903
0.946940
0.946976
0.947013
0.947049
0.947086
0.947122
0.947159
0.947196
0.947232
0.947269
0.947306
0.947342
0.947379
0.947415
0.947452
0.947489
0.947525
0.947562
0.947598
0.947635
0.947671
0.947708
0.947745
0.947781
0.947818
0.947855
0.947891
0.947928
0.947965
0.948001
0.948038
0.948074
0.948111
0.948148
0.948184
0.948221
0.948258
0.948294
0.948331
0.948367
0.948404
0.948441
0.948477
0.948514
0.948551
0.948587
0.948624
0.948661
0.948697
0.948734
0.948771
0.948807
0.948844
0.948881
0.948917
0.948954
0.948990
0.949027
0.949064
0.949101
0.949137
0.949174
0.949211
0.949247
0.949284
0.949320
0.949357
0.949394
0.949430
0.949467
0.949504
0.949541
0.949577
0.949614
0.949651
0.949687
0.949724
0.949761
0.949797
0.949834
0.949871
0.949908
0.949944
0.949981
0.950018
0.950054
0.950091
0.950128
0.950164
0.950201
0.950238
0.950275
0.950311
0.950348
0.950385
0.950421
0.950458
0.950495
0.950532
0.950568
0.950605
0.950642
0.950679
0.950715
0.950752
0.950789
0.950825
0.950862
0.950899
0.950935
0.950972
0.951009
0.951046
0.951082
0.951119
0.951156
0.951193
0.951229
0.951266
0.951303
0.951340
0.951376
0.951413
0.951450
0.951487
0.951523
0.951560
0.951597
0.951634
0.951671
0.951707
0.951744
0.951781
0.951818
0.951854
0.951891
0.951928
0.951965
0.952002
0.952038
0.952075
0.952112
0.952149
0.952185
0.952222
0.952259
0.952296
0.952332
0.952369
0.952406
0.952443
0.952480
0.952516
0.952553
0.952590
0.952627
0.952664
0.952700
0.952737
0.952774
0.952811
0.952848
0.952884
0.952921
0.952958
0.952995
0.953032
0.953069
0.953105
0.953142
0.953179
0.953216
0.953253
0.953289
0.953326
0.953363
0.953400
0.953437
0.953473
0.953510
0.953547
0.953584
0.953621
0.953658
0.953695
0.953731
0.953768
0.953805
0.953842
0.953879
0.953916
0.953952
0.953989
0.954026
0.954063
0.954100
0.954137
0.954174
0.954210
0.954247
0.954284
0.954321
0.954358
0.954395
0.954431
0.954468
0.954505
0.954542
0.954579
0.954616
0.954653
0.954690
0.954727
0.954763
0.954800
0.954837
0.954874
0.954911
0.954948
0.954985
0.955022
0.955059
0.955095
0.955132
0.955169
0.955206
0.955243
0.955280
0.955317
0.955354
0.955391
0.955427
0.955464
0.955501
0.955538
0.955575
0.955612
0.955649
0.955686
0.955723
0.955760
0.955796
0.955833
0.955870
0.955907
0.955944
0.955981
0.956018
0.956055
0.956092
0.956129
0.956166
0.956203
0.956240
0.956277
0.956313
0.956350
0.956387
0.956424
0.956461
0.956498
0.956535
0.956572
0.956609
0.956646
0.956683
0.956720
0.956757
0.956794
0.956831
0.956868
0.956905
0.956942
0.956979
0.957015
0.957052
0.957089
0.957126
0.957161
0.957196
0.957232
0.957267
0.957303
0.957338
0.957373
0.957408
0.957444
0.957479
0.957514
0.957550
0.957585
0.957621
0.957656
0.957691
0.957727
0.957762
0.957798
0.957833
0.957868
0.957904
0.957939
0.957974
0.958010
0.958045
0.958080
0.958116
0.958151
0.958187
0.958222
0.958257
0.958293
0.958328
0.958364
0.958399
0.958434
0.958470
0.958505
0.958540
0.958576
0.958611
0.958647
0.958682
0.958718
0.958753
0.958788
0.958824
0.958859
0.958894
0.958930
0.958965
0.959001
0.959036
0.959071
0.959107
0.959142
0.959178
0.959213
0.959248
0.959284
0.959320
0.959355
0.959390
0.959426
0.959461
0.959497
0.959532
0.959567
0.959603
0.959638
0.959674
0.959709
0.959745
0.959780
0.959816
0.959851
0.959886
0.959922
0.959957
0.959993
0.960028
0.960064
0.960099
0.960134
0.960170
0.960205
0.960241
0.960276
0.960312
0.960347
0.960383
0.960418
0.960453
0.960489
0.960525
0.960560
0.960596
0.960631
0.960666
0.960702
0.960737
0.960773
0.960808
0.960844
0.960879
0.960915
0.960950
0.960986
0.961021
0.961057
0.961092
0.961128
0.961163
0.961199
0.961234
0.961269
0.961305
0.961341
0.961376
0.961412
0.961447
0.961483
0.961518
0.961553
0.961589
0.961625
0.961660
0.961695
0.961731
0.961767
0.961802
0.961838
0.961873
0.961909
0.961944
0.961980
0.962015
0.962051
0.962086
0.962122
0.962157
0.962193
0.962228
0.962264
0.962299
0.962335
0.962370
0.962406
0.962441
0.962477
0.962512
0.962548
0.962584
0.962619
0.962655
0.962690
0.962726
0.962761
0.962797
0.962832
0.962868
0.962903
0.962939
0.962974
0.963010
0.963046
0.963081
0.963117
0.963152
0.963188
0.963223
0.963258
0.963294
0.963329
0.963365
0.963400
0.963435
0.963471
0.963506
0.963542
0.963577
0.963613
0.963648
0.963684
0.963719
0.963754
0.963790
0.963825
0.963861
0.963896
0.963931
0.963967
0.964002
0.964038
0.964073
0.964109
0.964144
0.964180
0.964215
0.964251
0.964286
0.964321
0.964357
0.964392
0.964428
0.964463
0.964499
0.964534
0.964570
0.964605
0.964641
0.964676
0.964711
0.964747
0.964782
0.964818
0.964853
0.964889
0.964924
0.964960
0.964995
0.965031
0.965066
0.965102
0.965137
0.965173
0.965208
0.965244
0.965279
0.965314
0.965350
0.965385
0.965421
0.965456
0.965492
0.965527
0.965563
0.965598
0.965634
0.965669
0.965705
0.965740
0.965776
0.965811
0.965847
0.965882
0.965918
0.965953
0.965989
0.966025
0.966060
0.966095
0.966131
0.966167
0.966202
0.966237
0.966273
0.966309
0.966344
0.966379
0.966415
0.966451
0.966486
0.966522
0.966557
0.966593
0.966628
0.966664
0.966699
0.966735
0.966770
0.966806
0.966841
0.966877
0.966913
0.966948
0.966984
0.967019
0.967055
0.967090
0.967126
0.967161
0.967197
0.967233
0.967268
0.967304
0.967339
0.967375
0.967410
0.967446
0.967481
0.967517
0.967553
0.967588
0.967624
0.967659
0.967695
0.967730
0.967766
0.967801
0.967837
0.967873
0.967908
0.967944
0.967979
0.968015
0.968051
0.968086
0.968122
0.968157
0.968193
0.968229
0.968264
0.968300
0.968335
0.968371
0.968406
0.968442
0.968478
0.968513
0.968549
0.968584
0.968620
0.968656
0.968691
0.968727
0.968762
0.968798
0.968834
0.968869
0.968905
0.968941
0.968976
0.969012
0.969047
0.969083
0.969119
0.969154
0.969190
0.969225
0.969261
0.969297
0.969332
0.969368
0.969404
0.969439
0.969475
0.969510
0.969546
0.969582
0.969617
0.969653
0.969689
0.969724
0.969760
0.969796
0.969831
0.969867
0.969903
0.969938
0.969974
0.970009
0.970045
0.970081
0.970116
0.970152
0.970188
0.970223
0.970259
0.970295
0.970330
0.970366
0.970402
0.970437
0.970473
0.970509
0.970544
0.970580
0.970616
0.970651
0.970687
0.970723
0.970758
0.970794
0.970830
0.970865
0.970901
0.970937
0.970973
0.971008
0.971044
0.971080
0.971115
0.971151
0.971187
0.971222
0.971258
0.971294
0.971329
0.971365
0.971401
0.971437
0.971472
0.971508
0.971544
0.971579
0.971615
0.971651
0.971686
0.971722
0.971758
0.971794
0.971829
0.971865
0.971901
0.971936
0.971972
0.972008
0.972044
0.972079
0.972115
0.972151
0.972186
0.972222
0.972258
0.972294
0.972329
0.972365
0.972401
0.972437
0.972472
0.972508
0.972544
0.972580
0.972615
0.972651
0.972687
0.972723
0.972758
0.972794
0.972830
0.972866
0.972901
0.972937
0.972973
0.973009
0.973044
0.973080
0.973116
0.973152
0.973187
0.973223
0.973259
0.973295
0.973330
0.973366
0.973402
0.973438
0.973474
0.973509
0.973545
0.973581
0.973617
0.973652
0.973688
0.973724
0.973760
0.973796
0.973831
0.973867
0.973903
0.973939
0.973975
0.974010
0.974046
0.974082
0.974118
0.974154
0.974189
0.974225
0.974261
0.974297
0.974333
0.974368
0.974404
0.974440
0.974476
0.974511
0.974547
0.974583
0.974619
0.974655
0.974691
0.974726
0.974762
0.974798
0.974834
0.974870
0.974905
0.974941
0.974977
0.975013
0.975049
0.975085
0.975121
0.975156
0.975192
0.975228
0.975264
0.975299
0.975335
0.975371
0.975407
0.975443
0.975479
0.975515
0.975551
0.975586
0.975622
0.975658
0.975694
0.975730
0.975765
0.975801
0.975837
0.975873
0.975909
0.975945
0.975981
0.976017
0.976053
0.976088
0.976124
0.976160
0.976196
0.976232
0.976268
0.976304
0.976339
0.976375
0.976411
0.976447
0.976483
0.976519
0.976555
0.976590
0.976626
0.976662
0.976698
0.976734
0.976770
0.976806
0.976842
0.976878
0.976914
0.976949
0.976985
0.977021
0.977057
0.977093
0.977129
0.977165
0.977201
0.977237
0.977273
0.977308
0.977344
0.977380
0.977416
0.977452
0.977488
0.977524
0.977560
0.977596
0.977632
0.977667
0.977703
0.977739
0.977775
0.977811
0.977847
0.977883
0.977919
0.977955
0.977991
0.978027
0.978063
0.978099
0.978135
0.978171
0.978207
0.978240
0.978271
0.978301
0.978332
0.978363
0.978393
0.978424
0.978455
0.978485
0.978516
0.978547
0.978577
0.978608
0.978639
0.978669
0.978700
0.978730
0.978761
0.978792
0.978822
0.978853
0.978884
0.978914
0.978945
0.978976
0.979006
0.979037
0.979068
0.979098
0.979129
0.979160
0.979190
0.979221
0.979252
0.979282
0.979313
0.979344
0.979374
0.979405
0.979436
0.979466
0.979497
0.979528
0.979558
0.979589
0.979620
0.979650
0.979681
0.979712
0.979743
0.979773
0.979804
0.979835
0.979865
0.979896
0.979927
0.979957
0.979988
0.980019
0.980049
0.980080
0.980111
0.980142
0.980172
0.980203
0.980234
0.980264
0.980295
0.980326
0.980356
0.980387
0.980418
0.980449
0.980479
0.980510
0.980541
0.980571
0.980602
0.980633
0.980664
0.980694
0.980725
0.980756
0.980786
0.980817
0.980848
0.980879
0.980909
0.980940
0.980971
0.981001
0.981032
0.981063
0.981094
0.981124
0.981155
0.981186
0.981217
0.981247
0.981278
0.981309
0.981340
0.981370
0.981401
0.981432
0.981463
0.981493
0.981524
0.981555
0.981586
0.981616
0.981647
0.981678
0.981709
0.981739
0.981770
0.981801
0.981832
0.981862
0.981893
0.981924
0.981955
0.981985
0.982016
0.982047
0.982078
0.982108
0.982139
0.982170
0.982201
0.982231
0.982262
0.982293
0.982324
0.982354
0.982385
0.982416
0.982447
0.982478
0.982508
0.982539
0.982570
0.982601
0.982632
0.982662
0.982693
0.982724
0.982755
0.982786
0.982816
0.982847
0.982878
0.982909
0.982940
0.982970
0.983001
0.983032
0.983063
0.983094
0.983124
0.983155
0.983186
0.983217
0.983248
0.983278
0.983309
0.983340
0.983371
0.983402
0.983432
0.983463
0.983494
0.983525
0.983556
0.983586
0.983617
0.983648
0.983679
0.983710
0.983741
0.983771
0.983802
0.983833
0.983864
0.983895
0.983926
0.983956
0.983987
0.984018
0.984049
0.984080
0.984110
0.984141
0.984172
0.984203
0.984234
0.984265
0.984296
0.984326
0.984357
0.984388
0.984419
0.984450
0.984481
0.984511
0.984542
0.984573
0.984604
0.984635
0.984666
0.984697
0.984728
0.984758
0.984789
0.984820
0.984851
0.984882
0.984913
0.984943
0.984974
0.985005
0.985036
0.985067
0.985098
0.985129
0.985159
0.985190
0.985221
0.985252
0.985283
0.985314
0.985345
0.985376
0.985407
0.985437
0.985468
0.985499
0.985530
0.985561
0.985592
0.985623
0.985654
0.985685
0.985715
0.985746
0.985777
0.985808
0.985839
0.985870
0.985901
0.985932
0.985963
0.985993
0.986024
0.986055
0.986086
0.986117
0.986148
0.986179
0.986210
0.986241
0.986272
0.986303
0.986334
0.986365
0.986395
0.986426
0.986457
0.986488
0.986519
0.986550
0.986581
0.986612
0.986643
0.986674
0.986705
0.986736
0.986766
0.986797
0.986828
0.986859
0.986890
0.986921
0.986952
0.986983
0.987014
0.987045
0.987076
0.987107
0.987138
0.987169
0.987199
0.987230
0.987261
0.987292
0.987323
0.987354
0.987385
0.987416
0.987447
0.987478
0.987509
0.987540
0.987571
0.987602
0.987633
0.987664
0.987695
0.987726
0.987757
0.987788
0.987819
0.987850
0.987880
0.987911
0.987942
0.987974
0.988005
0.988035
0.988066
0.988097
0.988128
0.988159
0.988190
0.988221
0.988252
0.988283
0.988314
0.988345
0.988376
0.988407
0.988438
0.988469
0.988500
0.988531
0.988562
0.988593
0.988624
0.988655
0.988686
0.988717
0.988748
0.988779
0.988810
0.988841
0.988872
0.988903
0.988934
0.988965
0.988996
0.989027
0.989058
0.989089
0.989120
0.989151
0.989182
0.989213
0.989244
0.989275
0.989306
0.989337
0.989368
0.989399
0.989430
0.989461
0.989492
0.989523
0.989554
0.989585
0.989616
0.989647
0.989678
0.989709
0.989741
0.989772
0.989802
0.989834
0.989865
0.989896
0.989927
0.989958
0.989989
0.990020
0.990051
0.990082
0.990113
0.990144
0.990175
0.990206
0.990237
0.990268
0.990299
0.990330
0.990361
0.990392
0.990423
0.990455
0.990485
0.990517
0.990548
0.990579
0.990610
0.990641
0.990672
0.990703
0.990734
0.990765
0.990796
0.990827
0.990858
0.990889
0.990920
0.990951
0.990983
0.991013
0.991045
0.991076
0.991107
0.991138
0.991169
0.991200
0.991231
0.991262
0.991293
0.991324
0.991356
0.991387
0.991418
0.991449
0.991480
0.991511
0.991542
0.991573
0.991604
0.991635
0.991666
0.991697
0.991729
0.991760
0.991791
0.991822
0.991853
0.991884
0.991915
0.991946
0.991977
0.992008
0.992040
0.992071
0.992102
0.992133
0.992164
0.992195
0.992226
0.992257
0.992289
0.992320
0.992351
0.992382
0.992413
0.992444
0.992475
0.992506
0.992537
0.992569
0.992600
0.992631
0.992662
0.992693
0.992724
0.992755
0.992786
0.992818
0.992849
0.992880
0.992911
0.992942
0.992973
0.993005
0.993036
0.993067
0.993098
0.993129
0.993160
0.993191
0.993222
0.993253
0.993284
0.993315
0.993346
0.993377
0.993408
0.993439
0.993470
0.993501
0.993532
0.993563
0.993594
0.993625
0.993656
0.993687
0.993718
0.993749
0.993780
0.993811
0.993842
0.993873
0.993904
0.993935
0.993967
0.993998
0.994029
0.994060
0.994091
0.994122
0.994153
0.994184
0.994215
0.994246
0.994277
0.994308
0.994339
0.994370
0.994401
0.994432
0.994463
0.994494
0.994525
0.994556
0.994587
0.994619
0.994650
0.994681
0.994712
0.994743
0.994774
0.994805
0.994836
0.994867
0.994898
0.994929
0.994960
0.994991
0.995022
0.995054
0.995085
0.995116
0.995147
0.995178
0.995209
0.995240
0.995271
0.995302
0.995333
0.995364
0.995395
0.995427
0.995458
0.995489
0.995520
0.995551
0.995582
0.995613
0.995644
0.995675
0.995706
0.995738
0.995769
0.995800
0.995831
0.995862
0.995893
0.995924
0.995955
0.995986
0.996018
0.996049
0.996080
0.996111
0.996142
0.996173
0.996204
0.996235
0.996266
0.996298
0.996329
0.996360
0.996391
0.996422
0.996453
0.996484
0.996515
0.996547
0.996578
0.996609
0.996640
0.996671
0.996702
0.996733
0.996764
0.996796
0.996827
0.996858
0.996889
0.996920
0.996951
0.996983
0.997014
0.997045
0.997076
0.997107
0.997138
0.997169
0.997201
0.997232
0.997263
0.997294
0.997325
0.997356
0.997388
0.997419
0.997450
0.997481
0.997512
0.997543
0.997574
0.997606
0.997637
0.997668
0.997699
0.997730
0.997760
0.997788
0.997816
0.997844
0.997872
0.997900
0.997928
0.997955
0.997984
0.998012
0.998040
0.998067
0.998095
0.998123
0.998151
0.998179
0.998207
0.998235
0.998263
0.998291
0.998319
0.998347
0.998375
0.998403
0.998431
0.998459
0.998487
0.998515
0.998543
0.998571
0.998599
0.998627
0.998655
0.998683
0.998711
0.998739
0.998767
0.998795
0.998823
0.998851
0.998879
0.998907
0.998935
0.998963
0.998991
0.999019
0.999047
0.999071
0.999094
0.999116
0.999138
0.999161
0.999183
0.999205
0.999228
0.999250
0.999272
0.999295
0.999317
0.999339
0.999362
0.999384
0.999406
0.999429
0.999451
0.999473
0.999496
0.999518
0.999540
0.999563
0.999585
0.999607
0.999630
0.999652
0.999674
0.999696
0.999719
0.999741
0.999763
0.999786
0.999808
0.999831
0.999853
0.999875
0.999898
0.999920
0.999942
0.999965
0.999987
1.000009
1.000032
1.000054
1.000076
1.000099
1.000121
1.000143
1.000166
1.000188
1.000210
1.000233
1.000255
1.000277
1.000300
1.000322
1.000344
1.000367
1.000389
1.000412
1.000434
1.000456
1.000479
1.000501
1.000523
1.000546
1.000568
1.000591
1.000613
1.000635
1.000658
1.000680
1.000702
1.000725
1.000747
1.000769
1.000792
1.000814
1.000836
1.000859
1.000881
1.000904
1.000926
1.000948
1.000971
1.000993
1.001015
1.001038
1.001060
1.001083
1.001105
1.001127
1.001150
1.001172
1.001195
1.001217
1.001239
1.001262
1.001284
1.001306
1.001329
1.001351
1.001374
1.001396
1.001418
1.001441
1.001463
1.001486
1.001508
1.001530
1.001553
1.001575
1.001598
1.001620
1.001642
1.001665
1.001687
1.001710
1.001732
1.001754
1.001777
1.001799
1.001822
1.001844
1.001866
1.001889
1.001911
1.001934
1.001956
1.001979
1.002001
1.002023
1.002046
1.002068
1.002091
1.002113
1.002135
1.002158
1.002180
1.002203
1.002225
1.002247
1.002270
1.002292
1.002315
1.002337
1.002360
1.002382
1.002404
1.002427
1.002449
1.002472
1.002494
1.002517
1.002539
1.002562
1.002584
1.002606
1.002629
1.002651
1.002674
1.002696
1.002718
1.002741
1.002763
1.002786
1.002808
1.002831
1.002853
1.002876
1.002898
1.002920
1.002943
1.002965
1.002988
1.003010
1.003033
1.003055
1.003077
1.003100
1.003122
1.003145
1.003167
1.003190
1.003212
1.003235
1.003257
1.003280
1.003302
1.003325
1.003347
1.003369
1.003392
1.003414
1.003437
1.003459
1.003482
1.003504
1.003527
1.003549
1.003572
1.003594
1.003617
1.003639
1.003662
1.003684
1.003706
1.003729
1.003751
1.003774
1.003796
1.003819
1.003841
1.003864
1.003886
1.003909
1.003931
1.003954
1.003976
1.003999
1.004021
1.004044
1.004066
1.004088
1.004111
1.004133
1.004156
1.004178
1.004201
1.004223
1.004246
1.004268
1.004291
1.004313
1.004336
1.004358
1.004381
1.004403
1.004426
1.004448
1.004471
1.004493
1.004516
1.004538
1.004561
1.004583
1.004606
1.004628
1.004651
1.004673
1.004696
1.004718
1.004741
1.004763
1.004786
1.004808
1.004831
1.004853
1.004876
1.004898
1.004921
1.004943
1.004966
1.004988
1.005011
1.005033
1.005056
1.005078
1.005101
1.005124
1.005146
1.005169
1.005191
1.005214
1.005236
1.005259
1.005281
1.005304
1.005326
1.005349
1.005371
1.005394
1.005416
1.005439
1.005461
1.005484
1.005506
1.005529
1.005551
1.005574
1.005596
1.005619
1.005642
1.005664
1.005687
1.005709
1.005732
1.005754
1.005777
1.005799
1.005822
1.005844
1.005867
1.005889
1.005912
1.005935
1.005957
1.005980
1.006002
1.006025
1.006047
1.006070
1.006092
1.006115
1.006138
1.006160
1.006183
1.006205
1.006228
1.006250
1.006273
1.006295
1.006318
1.006340
1.006363
1.006386
1.006408
1.006431
1.006453
1.006476
1.006498
1.006521
1.006543
1.006566
1.006589
1.006611
1.006634
1.006656
1.006679
1.006702
1.006724
1.006747
1.006769
1.006792
1.006814
1.006837
1.006859
1.006882
1.006905
1.006927
1.006950
1.006972
1.006995
1.007018
1.007040
1.007063
1.007085
1.007108
1.007130
1.007153
1.007176
1.007198
1.007221
1.007243
1.007266
1.007289
1.007311
1.007334
1.007356
1.007379
1.007402
1.007424
1.007447
1.007469
1.007492
1.007515
1.007537
1.007560
1.007582
1.007605
1.007627
1.007650
1.007673
1.007695
1.007718
1.007741
1.007763
1.007786
1.007808
1.007831
1.007853
1.007876
1.007899
1.007921
1.007944
1.007967
1.007989
1.008012
1.008034
1.008057
1.008080
1.008102
1.008125
1.008147
1.008170
1.008193
1.008215
1.008238
1.008261
1.008283
1.008306
1.008328
1.008351
1.008374
1.008396
1.008419
1.008442
1.008464
1.008487
1.008510
1.008532
1.008555
1.008577
1.008600
1.008623
1.008645
1.008668
1.008691
1.008713
1.008736
1.008758
1.008781
1.008804
1.008826
1.008849
1.008872
1.008894
1.008917
1.008940
1.008962
1.008985
1.009008
1.009030
1.009053
1.009075
1.009098
1.009121
1.009143
1.009166
1.009189
1.009211
1.009234
1.009257
1.009279
1.009302
1.009325
1.009347
1.009370
1.009393
1.009415
1.009438
1.009461
1.009483
1.009506
1.009529
1.009551
1.009574
1.009597
1.009619
1.009642
1.009665
1.009687
1.009710
1.009733
1.009755
1.009778
1.009801
1.009823
1.009846
1.009869
1.009891
1.009914
1.009937
1.009959
1.009982
1.010005
1.010027
1.010050
1.010073
1.010095
1.010118
1.010141
1.010163
1.010186
1.010209
1.010231
1.010254
1.010277
1.010300
1.010322
1.010345
1.010368
1.010390
1.010413
1.010436
1.010458
1.010481
1.010504
1.010526
1.010549
1.010572
1.010595
1.010617
1.010640
1.010663
1.010685
1.010708
1.010731
1.010754
1.010776
1.010799
1.010822
1.010844
1.010867
1.010890
1.010912
1.010935
1.010958
1.010981
1.011003
1.011026
1.011049
1.011072
1.011094
1.011117
1.011140
1.011162
1.011185
1.011208
1.011230
1.011253
1.011276
1.011299
1.011321
1.011344
1.011367
1.011390
1.011412
1.011435
1.011458
1.011480
1.011503
1.011526
1.011549
1.011571
1.011594
1.011617
1.011640
1.011662
1.011685
1.011708
1.011731
1.011753
1.011776
1.011799
1.011821
1.011844
1.011867
1.011890
1.011912
1.011935
1.011958
1.011981
1.012003
1.012026
1.012049
1.012072
1.012094
1.012117
1.012140
1.012163
1.012185
1.012208
1.012231
1.012254
1.012277
1.012299
1.012322
1.012345
1.012368
1.012390
1.012413
1.012436
1.012459
1.012481
1.012504
1.012527
1.012550
1.012572
1.012595
1.012618
1.012641
1.012663
1.012686
1.012709
1.012732
1.012754
1.012777
1.012800
1.012823
1.012846
1.012868
1.012891
1.012914
1.012937
1.012960
1.012982
1.013005
1.013028
1.013051
1.013073
1.013096
1.013119
1.013142
1.013165
1.013187
1.013210
1.013233
1.013256
1.013278
1.013301
1.013324
1.013347
1.013370
1.013392
1.013415
1.013438
1.013461
1.013484
1.013506
1.013529
1.013552
1.013575
1.013598
1.013620
1.013643
1.013666
1.013689
1.013711
1.013734
1.013757
1.013780
1.013803
1.013826
1.013849
1.013872
1.013894
1.013917
1.013940
1.013963
1.013986
1.014009
1.014032
1.014055
1.014077
1.014100
1.014123
1.014146
1.014169
1.014192
1.014215
1.014238
1.014260
1.014283
1.014306
1.014329
1.014352
1.014375
1.014398
1.014421
1.014444
1.014466
1.014489
1.014512
1.014535
1.014558
1.014581
1.014604
1.014627
1.014650
1.014673
1.014695
1.014718
1.014741
1.014764
1.014787
1.014810
1.014833
1.014856
1.014879
1.014902
1.014924
1.014947
1.014970
1.014993
1.015016
1.015039
1.015062
1.015085
1.015108
1.015131
1.015153
1.015176
1.015199
1.015222
1.015245
1.015268
1.015291
1.015314
1.015337
1.015360
1.015383
1.015406
1.015428
1.015451
1.015474
1.015497
1.015520
1.015543
1.015566
1.015589
1.015612
1.015635
1.015658
1.015681
1.015704
1.015727
1.015749
1.015772
1.015795
1.015818
1.015841
1.015864
1.015887
1.015910
1.015933
1.015956
1.015979
1.016002
1.016025
1.016048
1.016071
1.016094
1.016116
1.016139
1.016162
1.016185
1.016208
1.016231
1.016254
1.016277
1.016300
1.016323
1.016346
1.016369
1.016392
1.016415
1.016438
1.016461
1.016484
1.016507
1.016530
1.016553
1.016576
1.016599
1.016621
1.016644
1.016667
1.016690
1.016713
1.016736
1.016759
1.016782
1.016805
1.016828
1.016851
1.016874
1.016897
1.016920
1.016943
1.016966
1.016989
1.017012
1.017035
1.017058
1.017081
1.017104
1.017127
1.017150
1.017173
1.017196
1.017219
1.017242
1.017265
1.017288
1.017311
1.017334
1.017357
1.017380
1.017403
1.017425
1.017448
1.017471
1.017495
1.017518
1.017540
1.017563
1.017587
1.017610
1.017632
1.017655
1.017678
1.017702
1.017725
1.017747
1.017770
1.017793
1.017817
1.017839
1.017862
1.017885
1.017908
1.017931
1.017954
1.017977
1.018001
1.018024
1.018046
1.018070
1.018093
1.018116
1.018138
1.018161
1.018185
1.018208
1.018231
1.018254
1.018277
1.018300
1.018323
1.018346
1.018369
1.018392
1.018415
1.018438
1.018461
1.018484
1.018507
1.018530
1.018553
1.018576
1.018599
1.018622
1.018645
1.018668
1.018691
1.018714
1.018737
1.018760
1.018783
1.018806
1.018829
1.018852
1.018875
1.018898
1.018921
1.018944
1.018967
1.018990
1.019014
1.019037
1.019060
1.019083
1.019106
1.019129
1.019146
1.019163
1.019181
1.019198
1.019215
1.019233
1.019250
1.019268
1.019285
1.019302
1.019320
1.019337
1.019354
1.019372
1.019389
1.019406
1.019424
1.019441
1.019459
1.019476
1.019493
1.019511
1.019528
1.019545
1.019563
1.019580
1.019597
1.019615
1.019632
1.019650
1.019667
1.019684
1.019702
1.019719
1.019736
1.019754
1.019771
1.019789
1.019806
1.019823
1.019841
1.019858
1.019875
1.019893
1.019910
1.019928
1.019945
1.019962
1.019980
1.019997
1.020015
1.020032
1.020049
1.020067
1.020084
1.020101
1.020119
1.020136
1.020154
1.020171
1.020188
1.020206
1.020223
1.020240
1.020258
1.020275
1.020293
1.020310
1.020328
1.020345
1.020362
1.020380
1.020397
1.020414
1.020432
1.020449
1.020467
1.020484
1.020501
1.020519
1.020536
1.020554
1.020571
1.020588
1.020606
1.020623
1.020641
1.020658
1.020675
1.020693
1.020710
1.020728
1.020745
1.020762
1.020780
1.020797
1.020815
1.020832
1.020849
1.020867
1.020884
1.020902
1.020919
1.020937
1.020954
1.020971
1.020989
1.021006
1.021024
1.021041
1.021058
1.021076
1.021093
1.021111
1.021128
1.021145
1.021163
1.021180
1.021198
1.021215
1.021233
1.021250
1.021267
1.021285
1.021302
1.021320
1.021337
1.021354
1.021372
1.021389
1.021407
1.021424
1.021442
1.021459
1.021477
1.021494
1.021511
1.021529
1.021546
1.021564
1.021581
1.021598
1.021616
1.021633
1.021651
1.021668
1.021686
1.021703
1.021721
1.021738
1.021755
1.021773
1.021790
1.021808
1.021825
1.021843
1.021860
1.021878
1.021895
1.021912
1.021930
1.021947
1.021965
1.021982
1.021999
1.022017
1.022034
1.022052
1.022069
1.022087
1.022104
1.022122
1.022139
1.022157
1.022174
1.022191
1.022209
1.022226
1.022244
1.022261
1.022279
1.022296
1.022314
1.022331
1.022348
1.022366
1.022383
1.022401
1.022418
1.022436
1.022453
1.022471
1.022488
1.022505
1.022523
1.022540
1.022558
1.022575
1.022593
1.022610
1.022628
1.022645
1.022663
1.022680
1.022698
1.022715
1.022733
1.022750
1.022768
1.022785
1.022802
1.022820
1.022837
1.022855
1.022872
1.022890
1.022907
1.022925
1.022942
1.022960
1.022977
1.022995
1.023012
1.023030
1.023047
1.023064
1.023082
1.023099
1.023117
1.023134
1.023152
1.023169
1.023187
1.023204
1.023222
1.023239
1.023257
1.023274
1.023292
1.023309
1.023327
1.023344
1.023362
1.023379
1.023397
1.023414
1.023432
1.023449
1.023467
1.023484
1.023501
1.023519
1.023536
1.023554
1.023571
1.023589
1.023606
1.023624
1.023641
1.023659
1.023676
1.023694
1.023711
1.023729
1.023746
1.023764
1.023781
1.023799
1.023816
1.023834
1.023851
1.023869
1.023886
1.023904
1.023921
1.023939
1.023956
1.023974
1.023991
1.024009
1.024026
1.024044
1.024061
1.024079
1.024096
1.024114
1.024131
1.024149
1.024166
1.024184
1.024201
1.024219
1.024236
1.024254
1.024271
1.024289
1.024306
1.024324
1.024342
1.024359
1.024376
1.024394
1.024412
1.024429
1.024447
1.024464
1.024482
1.024499
1.024517
1.024534
1.024552
1.024569
1.024587
1.024604
1.024622
1.024639
1.024657
1.024674
1.024692
1.024709
1.024727
1.024744
1.024762
1.024779
1.024797
1.024814
1.024832
1.024850
1.024867
1.024885
1.024902
1.024920
1.024937
1.024955
1.024972
1.024990
1.025007
1.025025
1.025042
1.025060
1.025077
1.025095
1.025113
1.025130
1.025148
1.025165
1.025183
1.025200
1.025218
1.025235
1.025253
1.025270
1.025288
1.025305
1.025323
1.025341
1.025358
1.025376
1.025393
1.025411
1.025428
1.025446
1.025463
1.025481
1.025498
1.025516
1.025534
1.025551
1.025569
1.025586
1.025604
1.025621
1.025639
1.025656
1.025674
1.025691
1.025709
1.025727
1.025744
1.025762
1.025779
1.025797
1.025814
1.025832
1.025850
1.025867
1.025885
1.025902
1.025920
1.025937
1.025955
1.025972
1.025990
1.026008
1.026025
1.026043
1.026060
1.026078
1.026095
1.026113
1.026130
1.026148
1.026166
1.026183
1.026201
1.026218
1.026236
1.026254
1.026271
1.026289
1.026306
1.026324
1.026341
1.026359
1.026377
1.026394
1.026412
1.026429
1.026447
1.026464
1.026482
1.026500
1.026517
1.026535
1.026552
1.026570
1.026587
1.026605
1.026623
1.026640
1.026658
1.026675
1.026693
1.026711
1.026728
1.026746
1.026763
1.026781
1.026798
1.026816
1.026834
1.026851
1.026869
1.026886
1.026904
1.026922
1.026939
1.026957
1.026974
1.026992
1.027009
1.027027
1.027045
1.027062
1.027080
1.027098
1.027115
1.027133
1.027150
1.027168
1.027185
1.027203
1.027221
1.027238
1.027256
1.027273
1.027291
1.027309
1.027326
1.027344
1.027361
1.027379
1.027397
1.027414
1.027432
1.027449
1.027467
1.027485
1.027502
1.027520
1.027538
1.027555
1.027573
1.027590
1.027608
1.027626
1.027643
1.027661
1.027678
1.027696
1.027714
1.027731
1.027749
1.027766
1.027784
1.027802
1.027819
1.027837
1.027855
1.027872
1.027890
1.027907
1.027925
1.027943
1.027960
1.027978
1.027996
1.028013
1.028031
1.028048
1.028066
1.028084
1.028101
1.028119
1.028136
1.028154
1.028172
1.028189
1.028207
1.028225
1.028242
1.028260
1.028277
1.028295
1.028313
1.028330
1.028348
1.028366
1.028383
1.028401
1.028419
1.028436
1.028454
1.028472
1.028489
1.028507
1.028524
1.028542
1.028560
1.028577
1.028595
1.028613
1.028630
1.028648
1.028665
1.028683
1.028701
1.028719
1.028736
1.028754
1.028771
1.028789
1.028807
1.028824
1.028842
1.028860
1.028877
1.028895
1.028913
1.028930
1.028948
1.028966
1.028983
1.029001
1.029018
1.029036
1.029054
1.029071
1.029089
1.029107
1.029124
1.029142
1.029160
1.029177
1.029195
1.029213
1.029230
1.029248
1.029266
1.029283
1.029301
1.029319
1.029336
1.029354
1.029372
1.029389
1.029407
1.029425
1.029442
1.029460
1.029478
1.029495
1.029513
1.029531
1.029548
1.029566
1.029584
1.029601
1.029619
1.029637
1.029654
1.029672
1.029690
1.029707
1.029725
1.029743
1.029760
1.029778
1.029796
1.029813
1.029831
1.029849
1.029866
1.029884
1.029902
1.029919
1.029937
1.029955
1.029973
1.029990
1.030008
1.030026
1.030043
1.030061
1.030079
1.030096
1.030114
1.030132
1.030149
1.030167
1.030185
1.030202
1.030220
1.030238
1.030255
1.030273
1.030291
1.030308
1.030326
1.030344
1.030362
1.030379
1.030397
1.030415
1.030432
1.030450
1.030468
1.030485
1.030503
1.030521
1.030538
1.030556
1.030574
1.030592
1.030609
1.030627
1.030645
1.030662
1.030680
1.030698
1.030715
1.030733
1.030751
1.030769
1.030786
1.030804
1.030822
1.030839
1.030857
1.030875
1.030893
1.030910
1.030928
1.030946
1.030963
1.030981
1.030999
1.031017
1.031034
1.031052
1.031070
1.031087
1.031105
1.031123
1.031141
1.031158
1.031176
1.031194
1.031211
1.031229
1.031247
1.031265
1.031282
1.031300
1.031318
1.031335
1.031353
1.031371
1.031389
1.031406
1.031424
1.031442
1.031459
1.031477
1.031495
1.031513
1.031530
1.031548
1.031566
1.031584
1.031601
1.031619
1.031637
1.031654
1.031672
1.031690
1.031708
1.031725
1.031743
1.031761
1.031779
1.031796
1.031814
1.031832
1.031850
1.031867
1.031882
1.031895
1.031908
1.031921
1.031934
1.031947
1.031959
1.031972
1.031985
1.031998
1.032011
1.032024
1.032037
1.032050
1.032063
1.032076
1.032089
1.032102
1.032115
1.032128
1.032141
1.032154
1.032166
1.032179
1.032192
1.032205
1.032218
1.032231
1.032244
1.032257
1.032270
1.032283
1.032296
1.032309
1.032322
1.032335
1.032348
1.032361
1.032374
1.032387
1.032399
1.032413
1.032425
1.032438
1.032451
1.032464
1.032477
1.032490
1.032503
1.032516
1.032529
1.032542
1.032555
1.032568
1.032581
1.032594
1.032607
1.032620
1.032633
1.032646
1.032659
1.032671
1.032685
1.032697
1.032710
1.032723
1.032736
1.032749
1.032762
1.032775
1.032788
1.032801
1.032814
1.032827
1.032840
1.032853
1.032866
1.032879
1.032892
1.032905
1.032918
1.032931
1.032944
1.032957
1.032970
1.032983
1.032996
1.033008
1.033021
1.033035
1.033047
1.033060
1.033073
1.033086
1.033099
1.033112
1.033125
1.033138
1.033151
1.033164
1.033177
1.033190
1.033203
1.033216
1.033229
1.033242
1.033255
1.033268
1.033281
1.033294
1.033307
1.033320
1.033333
1.033346
1.033359
1.033372
1.033385
1.033398
1.033411
1.033424
1.033437
1.033449
1.033462
1.033475
1.033488
1.033501
1.033514
1.033527
1.033540
1.033553
1.033566
1.033579
1.033592
1.033605
1.033618
1.033631
1.033644
1.033657
1.033670
1.033683
1.033696
1.033709
1.033722
1.033735
1.033748
1.033761
1.033774
1.033787
1.033800
1.033813
1.033826
1.033839
1.033852
1.033865
1.033878
1.033891
1.033904
1.033917
1.033930
1.033943
1.033956
1.033969
1.033982
1.033995
1.034008
1.034021
1.034034
1.034047
1.034060
1.034073
1.034086
1.034099
1.034112
1.034125
1.034138
1.034151
1.034164
1.034177
1.034190
1.034203
1.034216
1.034229
1.034242
1.034255
1.034268
1.034281
1.034294
1.034307
1.034320
1.034333
1.034346
1.034359
1.034369
1.034376
1.034383
1.034390
1.034397
1.034405
1.034412
1.034419
1.034426
1.034433
1.034440
1.034448
1.034455
1.034462
1.034469
1.034476
1.034484
1.034491
1.034498
1.034505
1.034512
1.034519
1.034527
1.034534
1.034541
1.034548
1.034555
1.034562
1.034570
1.034577
1.034584
1.034591
1.034598
1.034605
1.034613
1.034620
1.034627
1.034634
1.034641
1.034648
1.034656
1.034663
1.034670
1.034677
1.034684
1.034692
1.034699
1.034706
1.034713
1.034720
1.034728
1.034735
1.034742
1.034749
1.034756
1.034763
1.034771
1.034778
1.034785
1.034792
1.034799
1.034806
1.034814
1.034821
1.034828
1.034835
1.034842
1.034850
1.034857
1.034864
1.034871
1.034878
1.034885
1.034893
1.034900
1.034907
1.034914
1.034921
1.034929
1.034936
1.034943
1.034950
1.034957
1.034964
1.034972
1.034979
1.034986
1.034993
1.035000
1.035008
1.035015
1.035022
1.035029
1.035036
1.035043
1.035051
1.035058
1.035065
1.035072
1.035079
1.035087
1.035094
1.035101
1.035108
1.035115
1.035122
1.035130
1.035137
1.035144
1.035151
1.035158
1.035166
1.035173
1.035180
1.035187
1.035194
1.035201
1.035209
1.035216
1.035223
1.035230
1.035237
1.035245
1.035252
1.035259
1.035266
1.035273
1.035281
1.035288
1.035295
1.035302
1.035309
1.035316
1.035324
1.035331
1.035338
1.035345
1.035352
1.035360
1.035367
1.035374
1.035381
1.035388
1.035396
1.035403
1.035410
1.035417
1.035424
1.035432
1.035439
1.035446
1.035453
1.035460
1.035467
1.035475
1.035482
1.035489
1.035496
1.035503
1.035511
1.035518
1.035525
1.035532
1.035539
1.035547
1.035554
1.035561
1.035568
1.035575
1.035582
1.035590
1.035597
1.035604
1.035611
1.035618
1.035626
1.035633
1.035640
1.035647
1.035654
1.035662
1.035669
1.035676
1.035683
1.035690
1.035698
1.035705
1.035712
1.035719
1.035726
1.035734
1.035741
1.035748
1.035755
1.035762
1.035769
1.035777
1.035784
1.035791
1.035798
1.035805
1.035813
1.035820
1.035827
1.035834
1.035841
1.035849
1.035856
1.035863
1.035870
1.035877
1.035885
1.035892
1.035899
1.035906
1.035913
1.035921
1.035928
1.035935
1.035942
1.035949
1.035956
1.035964
1.035971
1.035978
1.035985
1.035992
1.036000
1.036007
1.036014
1.036021
1.036029
1.036036
1.036043
1.036050
1.036057
1.036064
1.036072
1.036079
1.036086
1.036093
1.036100
1.036108
1.036115
1.036122
1.036129
1.036136
1.036144
1.036151
1.036158
1.036165
1.036172
1.036180
1.036187
1.036194
1.036201
1.036208
1.036216
1.036223
1.036230
1.036237
1.036244
1.036252
1.036259
1.036266
1.036273
1.036280
1.036288
1.036295
1.036302
1.036309
1.036316
1.036324
1.036331
1.036338
1.036345
1.036352
1.036360
1.036367
1.036374
1.036381
1.036388
1.036396
1.036403
1.036410
1.036417
1.036424
1.036432
1.036439
1.036446
1.036453
1.036461
1.036468
1.036475
1.036482
1.036489
1.036496
1.036504
1.036511
1.036518
1.036525
1.036533
1.036540
1.036547
1.036554
1.036561
1.036569
1.036576
1.036583
1.036590
1.036597
1.036605
1.036612
1.036619
1.036626
1.036633
1.036641
1.036648
1.036655
1.036662
1.036669
1.036677
1.036684
1.036691
1.036698
1.036706
1.036713
1.036720
1.036727
1.036734
1.036741
1.036749
1.036756
1.036763
1.036770
1.036777
1.036785
1.036792
1.036799
1.036806
1.036814
1.036821
1.036828
1.036835
1.036842
1.036850
1.036857
1.036864
1.036871
1.036878
1.036886
1.036893
1.036900
1.036907
1.036914
1.036922
1.036929
1.036936
1.036943
1.036951
1.036958
1.036965
1.036972
1.036979
1.036987
1.036994
1.037001
1.037008
1.037015
1.037023
1.037030
1.037037
1.037044
1.037051
1.037059
1.037066
1.037073
1.037080
1.037088
1.037095
1.037102
1.037109
1.037116
1.037124
1.037131
1.037138
1.037145
1.037152
1.037160
1.037167
1.037174
1.037181
1.037189
1.037196
1.037203
1.037210
1.037217
1.037225
1.037232
1.037239
1.037246
1.037253
1.037261
1.037268
1.037275
1.037282
1.037289
1.037297
1.037304
1.037311
1.037318
1.037326
1.037333
1.037340
1.037347
1.037354
1.037362
1.037369
1.037376
1.037383
1.037390
1.037398
1.037405
1.037412
1.037419
1.037427
1.037434
1.037441
1.037448
1.037455
1.037463
1.037470
1.037477
1.037484
1.037492
1.037499
1.037506
1.037513
1.037520
1.037528
1.037535
1.037542
1.037549
1.037556
1.037564
1.037571
1.037578
1.037585
1.037593
1.037600
1.037607
1.037614
1.037622
1.037629
1.037636
1.037643
1.037650
1.037658
1.037665
1.037672
1.037679
1.037686
1.037694
1.037701
1.037708
1.037715
1.037723
1.037730
1.037737
1.037744
1.037751
1.037759
1.037766
1.037773
1.037780
1.037788
1.037795
1.037802
1.037809
1.037816
1.037824
1.037831
1.037838
1.037845
1.037853
1.037860
1.037867
1.037874
1.037881
1.037889
1.037896
1.037903
1.037910
1.037918
1.037925
1.037932
1.037939
1.037946
1.037954
1.037961
1.037968
1.037975
1.037983
1.037990
1.037997
1.038004
1.038012
1.038019
1.038026
1.038033
1.038040
1.038048
1.038055
1.038062
1.038069
1.038077
1.038084
1.038091
1.038098
1.038105
1.038113
1.038120
1.038127
1.038134
1.038142
1.038149
1.038156
1.038163
1.038170
1.038178
1.038185
1.038192
1.038199
1.038207
1.038214
1.038221
1.038228
1.038236
1.038243
1.038250
1.038257
1.038264
1.038272
1.038279
1.038286
1.038293
1.038301
1.038308
1.038315
1.038322
1.038329
1.038337
1.038344
1.038351
1.038358
1.038366
1.038373
1.038380
1.038387
1.038395
1.038402
1.038409
1.038416
1.038424
1.038431
1.038438
1.038445
1.038452
1.038460
1.038467
1.038474
1.038481
1.038489
1.038496
1.038503
1.038510
1.038518
1.038525
1.038532
1.038539
1.038546
1.038554
1.038561
1.038568
1.038575
1.038583
1.038590
1.038597
1.038604
1.038612
1.038619
1.038626
1.038633
1.038640
1.038648
1.038655
1.038662
1.038669
1.038677
1.038684
1.038691
1.038698
1.038706
1.038713
1.038720
1.038727
1.038734
1.038742
1.038749
1.038756
1.038763
1.038771
1.038778
1.038785
1.038792
1.038800
1.038807
1.038814
1.038821
1.038829
1.038836
1.038843
1.038850
1.038858
1.038865
1.038872
1.038879
1.038886
1.038894
1.038901
1.038908
1.038915
1.038923
1.038930
1.038937
1.038944
1.038952
1.038959
1.038966
1.038973
1.038981
1.038988
1.038995
1.039002
1.039009
1.039017
1.039024
1.039031
1.039038
1.039046
1.039053
1.039060
1.039067
1.039075
1.039082
1.039089
1.039096
1.039104
1.039111
1.039118
1.039125
1.039133
1.039140
1.039147
1.039154
1.039162
1.039169
1.039176
1.039183
1.039191
1.039198
1.039205
1.039212
1.039220
1.039227
1.039234
1.039241
1.039248
1.039256
1.039263
1.039270
1.039277
1.039285
1.039292
1.039299
1.039306
1.039314
1.039321
1.039328
1.039335
1.039343
1.039350
1.039357
1.039364
1.039372
1.039379
1.039386
1.039393
1.039401
1.039408
1.039415
1.039422
1.039430
1.039437
1.039444
1.039451
1.039459
1.039466
1.039473
1.039480
1.039488
1.039495
1.039502
1.039509
1.039517
1.039524
1.039531
1.039538
1.039546
1.039553
1.039560
1.039567
1.039574
1.039582
1.039589
1.039596
1.039603
1.039611
1.039618
1.039625
1.039632
1.039640
1.039647
1.039654
1.039661
1.039669
1.039676
1.039683
1.039690
1.039698
1.039705
1.039712
1.039719
1.039727
1.039734
1.039741
1.039748
1.039756
1.039763
1.039770
1.039777
1.039785
1.039792
1.039799
1.039806
1.039814
1.039821
1.039828
1.039835
1.039843
1.039850
1.039857
1.039864
1.039872
1.039879
1.039886
1.039893
1.039901
1.039908
1.039915
1.039922
1.039930
1.039937
1.039944
1.039951
1.039959
1.039966
1.039973
1.039980
1.039988
1.039995
1.040002
1.040009
1.040017
1.040024
1.040031
1.040038
1.040046
1.040053
1.040060
1.040068
1.040075
1.040082
1.040089
1.040097
1.040104
1.040111
1.040118
1.040126
1.040133
1.040140
1.040147
1.040155
1.040162
1.040169
1.040176
1.040184
1.040191
1.040198
1.040205
1.040213
1.040220
1.040227
1.040234
1.040242
1.040249
1.040256
1.040263
1.040271
1.040278
1.040285
1.040292
1.040300
1.040307
1.040314
1.040321
1.040329
1.040336
1.040343
1.040351
1.040358
1.040365
1.040372
1.040380
1.040387
1.040394
1.040401
1.040409
1.040416
1.040423
1.040430
1.040438
1.040445
1.040452
1.040459
1.040467
1.040474
1.040481
1.040488
1.040496
1.040503
1.040510
1.040517
1.040525
1.040532
1.040539
1.040546
1.040554
1.040561
1.040568
1.040576
1.040583
1.040590
1.040597
1.040605
1.040612
1.040619
1.040626
1.040634
1.040641
1.040648
1.040656
1.040663
1.040670
1.040677
1.040685
1.040692
1.040699
1.040706
1.040714
1.040721
1.040728
1.040735
1.040743
1.040750
1.040757
1.040764
1.040772
1.040779
1.040786
1.040793
1.040801
1.040808
1.040815
1.040822
1.040830
1.040837
1.040844
1.040852
1.040859
1.040866
1.040873
1.040881
1.040888
1.040895
1.040902
1.040910
1.040917
1.040924
1.040931
1.040939
1.040946
1.040953
1.040961
1.040968
1.040975
1.040982
1.040990
1.040997
1.041004
1.041011
1.041019
1.041026
1.041033
1.041040
1.041048
1.041055
1.041062
1.041070
1.041077
1.041084
1.041091
1.041099
1.041106
1.041113
1.041120
1.041128
1.041135
1.041142
1.041150
1.041157
1.041164
1.041171
1.041179
1.041186
1.041193
1.041200
1.041208
1.041215
1.041222
1.041229
1.041237
1.041244
1.041251
1.041259
1.041266
1.041273
1.041280
1.041288
1.041295
1.041302
1.041309
1.041317
1.041324
1.041331
1.041339
1.041346
1.041353
1.041360
1.041368
1.041375
1.041382
1.041389
1.041397
1.041404
1.041411
1.041419
1.041426
1.041433
1.041440
1.041448
1.041455
1.041462
1.041469
1.041477
1.041484
1.041491
1.041499
1.041506
1.041513
1.041520
1.041528
1.041535
1.041542
1.041550
1.041557
1.041564
1.041571
1.041579
1.041586
1.041593
1.041600
1.041608
1.041615
1.041622
1.041630
1.041637
1.041644
1.041651
1.041659
1.041666
1.041673
1.041680
1.041688
1.041695
1.041702
1.041710
1.041717
1.041724
1.041731
1.041739
1.041746
1.041753
1.041760
1.041768
1.041775
1.041782
1.041790
1.041797
1.041804
1.041811
1.041819
1.041826
1.041833
1.041841
1.041848
1.041855
1.041862
1.041870
1.041877
1.041884
1.041891
1.041899
1.041906
1.041913
1.041921
1.041928
1.041935
1.041942
1.041950
1.041957
1.041964
1.041972
1.041979
1.041986
1.041993
1.042001
1.042008
1.042015
1.042023
1.042030
1.042037
1.042044
1.042052
1.042059
1.042066
1.042073
1.042081
1.042088
1.042095
1.042103
1.042110
1.042117
1.042124
1.042132
1.042139
1.042146
1.042154
1.042161
1.042168
1.042175
1.042183
1.042190
1.042197
1.042205
1.042212
1.042219
1.042226
1.042234
1.042241
1.042248
1.042256
1.042263
1.042270
1.042277
1.042285
1.042292
1.042299
1.042307
1.042314
1.042321
1.042328
1.042336
1.042343
1.042350
1.042358
1.042365
1.042372
1.042379
1.042387
1.042394
1.042401
1.042409
1.042416
1.042423
1.042430
1.042438
1.042445
1.042452
1.042460
1.042467
1.042474
1.042481
1.042489
1.042496
1.042503
1.042511
1.042518
1.042525
1.042532
1.042540
1.042547
1.042554
1.042562
1.042569
1.042576
1.042583
1.042591
1.042598
1.042605
1.042613
1.042620
1.042627
1.042635
1.042642
1.042649
1.042656
1.042664
1.042671
1.042678
1.042686
1.042693
1.042700
1.042707
1.042715
1.042722
1.042729
1.042737
1.042744
1.042751
1.042758
1.042766
1.042773
1.042780
1.042788
1.042795
1.042802
1.042809
1.042817
1.042824
1.042831
1.042839
1.042846
1.042853
1.042861
1.042868
1.042875
1.042882
1.042890
1.042897
1.042904
1.042912
1.042919
1.042926
1.042934
1.042941
1.042948
1.042955
1.042963
1.042970
1.042977
1.042985
1.042992
1.042999
1.043006
1.043014
1.043021
1.043028
1.043036
1.043043
1.043050
1.043057
1.043065
1.043072
1.043079
1.043087
1.043094
1.043101
1.043109
1.043116
1.043123
1.043130
1.043138
1.043145
1.043152
1.043160
1.043167
1.043174
1.043182
1.043189
1.043196
1.043203
1.043211
1.043218
1.043225
1.043233
1.043240
1.043247
1.043255
1.043262
1.043269
1.043276
1.043284
1.043291
1.043298
1.043306
1.043313
1.043320
1.043328
1.043335
1.043342
1.043349
1.043357
1.043364
1.043371
1.043379
1.043386
1.043393
1.043400
1.043408
1.043415
1.043422
1.043430
1.043437
1.043444
1.043452
1.043459
1.043466
1.043474
1.043481
1.043488
1.043495
1.043503
1.043510
1.043517
1.043525
1.043532
1.043539
1.043547
1.043554
1.043561
1.043568
1.043576
1.043583
1.043590
1.043598
1.043605
1.043612
1.043620
1.043627
1.043634
1.043642
1.043649
1.043656
1.043663
1.043671
1.043678
1.043685
1.043693
1.043700
1.043707
1.043715
1.043722
1.043729
1.043736
1.043744
1.043751
1.043758
1.043766
1.043773
1.043780
1.043788
1.043795
1.043802
1.043810
1.043817
1.043824
1.043831
1.043839
1.043846
1.043853
1.043861
1.043868
1.043875
1.043883
1.043890
1.043897
1.043905
1.043912
1.043919
1.043926
1.043934
1.043941
1.043948
1.043956
1.043963
1.043970
1.043978
1.043985
1.043992
1.044000
1.044007
1.044014
1.044021
1.044029
1.044036
1.044043
1.044051
1.044058
1.044065
1.044073
1.044080
1.044087
1.044095
1.044102
1.044109
1.044117
1.044124
1.044131
1.044138
1.044146
1.044153
1.044160
1.044168
1.044175
1.044182
1.044190
1.044197
1.044204
1.044212
1.044219
1.044226
1.044233
1.044241
1.044248
1.044255
1.044263
1.044270
1.044277
1.044285
1.044292
1.044299
1.044307
1.044314
1.044321
1.044329
1.044336
1.044343
1.044350
1.044358
1.044365
1.044372
1.044380
1.044387
1.044394
1.044402
1.044409
1.044416
1.044424
1.044431
1.044438
1.044446
1.044453
1.044460
1.044468
1.044475
1.044482
1.044489
1.044497
1.044504
1.044511
1.044519
1.044526
1.044533
1.044541
1.044548
1.044555
1.044563
1.044570
1.044577
1.044585
1.044592
1.044599
1.044607
1.044614
1.044621
1.044628
1.044636
1.044643
1.044650
1.044658
1.044665
1.044672
1.044680
1.044687
1.044694
1.044702
1.044709
1.044716
1.044724
1.044731
1.044738
1.044746
1.044753
1.044760
1.044767
1.044775
1.044782
1.044789
1.044797
1.044804
1.044811
1.044819
1.044826
1.044833
1.044841
1.044848
1.044855
1.044863
1.044870
1.044877
1.044885
1.044892
1.044899
1.044907
1.044914
1.044921
1.044929
1.044936
1.044943
1.044951
1.044958
1.044965
1.044973
1.044980
1.044987
1.044994
1.045002
1.045009
1.045016
1.045024
1.045031
1.045038
1.045046
1.045053
1.045060
1.045068
1.045075
1.045082
1.045090
1.045097
1.045104
1.045112
1.045119
1.045126
1.045134
1.045141
1.045148
1.045156
1.045163
1.045170
1.045178
1.045185
1.045192
1.045200
1.045207
1.045214
1.045221
1.045229
1.045236
1.045243
1.045251
1.045258
1.045265
1.045273
1.045280
1.045287
1.045295
1.045302
1.045309
1.045317
1.045324
1.045331
1.045339
1.045346
1.045353
1.045361
1.045368
1.045375
1.045383
1.045390
1.045397
1.045405
1.045412
1.045419
1.045427
1.045434
1.045441
1.045449
1.045456
1.045463
1.045471
1.045478
1.045485
1.045493
1.045500
1.045507
1.045515
1.045522
1.045529
1.045537
1.045544
1.045551
1.045559
1.045566
1.045573
1.045581
1.045588
1.045595
1.045603
1.045610
1.045617
1.045625
1.045632
1.045639
1.045647
1.045654
1.045661
1.045669
1.045676
1.045683
1.045691
1.045698
1.045705
1.045713
1.045720
1.045727
1.045735
1.045742
1.045749
1.045757
1.045764
1.045771
1.045778
1.045786
1.045793
1.045801
1.045808
1.045815
1.045823
1.045830
1.045837
1.045845
1.045852
1.045859
1.045867
1.045874
1.045881
1.045889
1.045896
1.045903
1.045911
1.045918
1.045925
1.045933
1.045940
1.045947
1.045955
1.045962
1.045969
1.045977
1.045984
1.045991
1.045999
1.046006
1.046013
1.046021
1.046028
1.046035
1.046043
1.046050
1.046057
1.046065
1.046072
1.046079
1.046087
1.046094
1.046101
1.046109
1.046116
1.046123
1.046131
1.046138
1.046145
1.046153
1.046160
1.046167
1.046175
1.046182
1.046189
1.046197
1.046204
1.046211
1.046219
1.046226
1.046233
1.046241
1.046248
1.046255
1.046263
1.046270
1.046277
1.046285
1.046292
1.046300
1.046307
1.046314
1.046322
1.046329
1.046336
1.046343
1.046351
1.046358
1.046366
1.046373
1.046380
1.046388
1.046395
1.046402
1.046410
1.046417
1.046424
1.046432
1.046439
1.046446
1.046454
1.046461
1.046468
1.046476
1.046483
1.046490
1.046498
1.046505
1.046512
1.046520
1.046527
1.046534
1.046542
1.046549
1.046556
1.046564
1.046571
1.046579
1.046586
1.046593
1.046601
1.046608
1.046615
1.046623
1.046630
1.046637
1.046645
1.046652
1.046659
1.046667
1.046674
1.046681
1.046689
1.046696
1.046703
1.046711
1.046718
1.046725
1.046733
1.046740
1.046748
1.046755
1.046763
1.046771
1.046779
1.046787
1.046794
1.046802
1.046810
1.046818
1.046826
1.046833
1.046841
1.046849
1.046857
1.046865
1.046873
1.046880
1.046888
1.046896
1.046904
1.046912
1.046919
1.046927
1.046935
1.046943
1.046951
1.046958
1.046966
1.046974
1.046982
1.046990
1.046997
1.047005
1.047013
1.047021
1.047029
1.047037
1.047044
1.047052
1.047060
1.047068
1.047076
1.047083
1.047091
1.047099
1.047107
1.047115
1.047122
1.047130
1.047138
1.047146
1.047154
1.047162
1.047169
1.047177
1.047185
1.047193
1.047201
1.047208
1.047216
1.047224
1.047232
1.047240
1.047247
1.047255
1.047263
1.047271
1.047279
1.047287
1.047294
1.047302
1.047310
1.047318
1.047326
1.047333
1.047341
1.047349
1.047357
1.047365
1.047373
1.047380
1.047388
1.047396
1.047404
1.047412
1.047419
1.047427
1.047435
1.047443
1.047451
1.047459
1.047466
1.047474
1.047482
1.047490
1.047498
1.047505
1.047513
1.047521
1.047529
1.047537
1.047545
1.047552
1.047560
1.047568
1.047576
1.047584
1.047591
1.047599
1.047607
1.047615
1.047623
1.047631
1.047638
1.047646
1.047654
1.047662
1.047670
1.047678
1.047685
1.047693
1.047701
1.047709
1.047717
1.047724
1.047732
1.047740
1.047748
1.047756
1.047764
1.047771
1.047779
1.047787
1.047795
1.047803
1.047810
1.047818
1.047826
1.047834
1.047842
1.047850
1.047857
1.047865
1.047873
1.047881
1.047889
1.047897
1.047904
1.047912
1.047920
1.047928
1.047936
1.047943
1.047951
1.047959
1.047967
1.047975
1.047983
1.047990
1.047998
1.048006
1.048014
1.048022
1.048030
1.048037
1.048045
1.048053
1.048061
1.048069
1.048076
1.048084
1.048092
1.048100
1.048108
1.048116
1.048124
1.048131
1.048139
1.048147
1.048155
1.048163
1.048170
1.048178
1.048186
1.048194
1.048202
1.048210
1.048217
1.048225
1.048233
1.048241
1.048249
1.048257
1.048264
1.048272
1.048280
1.048288
1.048296
1.048304
1.048311
1.048319
1.048327
1.048335
1.048343
1.048351
1.048358
1.048366
1.048374
1.048382
1.048390
1.048398
1.048405
1.048413
1.048421
1.048429
1.048437
1.048445
1.048452
1.048460
1.048468
1.048476
1.048484
1.048492
1.048499
1.048507
1.048515
1.048523
1.048531
1.048539
1.048546
1.048554
1.048562
1.048570
1.048578
1.048586
1.048593
1.048601
1.048609
1.048617
1.048625
1.048633
1.048640
1.048648
1.048656
1.048664
1.048672
1.048680
1.048687
1.048695
1.048703
1.048711
1.048719
1.048727
1.048734
1.048742
1.048750
1.048758
1.048766
1.048774
1.048782
1.048789
1.048797
1.048805
1.048813
1.048821
1.048829
1.048836
1.048844
1.048852
1.048860
1.048868
1.048876
1.048883
1.048891
1.048899
1.048907
1.048915
1.048923
1.048930
1.048938
1.048946
1.048954
1.048962
1.048970
1.048978
1.048985
1.048993
1.049001
1.049009
1.049017
1.049024
1.049032
1.049040
1.049048
1.049056
1.049064
1.049072
1.049079
1.049087
1.049095
1.049103
1.049111
1.049119
1.049127
1.049134
1.049142
1.049150
1.049158
1.049166
1.049174
1.049181
1.049189
1.049197
1.049205
1.049213
1.049221
1.049229
1.049236
1.049244
1.049252
1.049260
1.049268
1.049276
1.049283
1.049291
1.049299
1.049307
1.049315
1.049323
1.049331
1.049338
1.049346
1.049354
1.049362
1.049370
1.049378
1.049385
1.049393
1.049401
1.049409
1.049417
1.049425
1.049433
1.049440
1.049448
1.049456
1.049464
1.049472
1.049480
1.049487
1.049495
1.049503
1.049511
1.049519
1.049527
1.049535
1.049542
1.049550
1.049558
1.049566
1.049574
1.049582
1.049590
1.049597
1.049605
1.049613
1.049621
1.049629
1.049637
1.049644
1.049652
1.049660
1.049668
1.049676
1.049684
1.049692
1.049699
1.049707
1.049715
1.049723
1.049731
1.049739
1.049747
1.049754
1.049762
1.049770
1.049778
1.049786
1.049794
1.049802
1.049809
1.049817
1.049825
1.049833
1.049841
1.049849
1.049857
1.049864
1.049872
1.049880
1.049888
1.049896
1.049904
1.049912
1.049919
1.049927
1.049935
1.049943
1.049951
1.049959
1.049967
1.049974
1.049982
1.049990
1.049998
1.050006
1.050014
1.050022
1.050029
1.050037
1.050045
1.050053
1.050061
1.050069
1.050077
1.050084
1.050092
1.050100
1.050108
1.050116
1.050124
1.050132
1.050139
1.050147
1.050155
1.050163
1.050171
1.050179
1.050187
1.050194
1.050202
1.050210
1.050218
1.050226
1.050234
1.050242
1.050249
1.050257
1.050265
1.050273
1.050281
1.050289
1.050297
1.050304
1.050312
1.050320
1.050328
1.050336
1.050344
1.050352
1.050360
1.050367
1.050375
1.050383
1.050391
1.050399
1.050407
1.050415
1.050422
1.050430
1.050438
1.050446
1.050454
1.050462
1.050470
1.050478
1.050485
1.050493
1.050501
1.050509
1.050517
1.050525
1.050533
1.050540
1.050548
1.050556
1.050564
1.050572
1.050580
1.050588
1.050596
1.050603
1.050611
1.050619
1.050627
1.050635
1.050643
1.050651
1.050658
1.050666
1.050674
1.050682
1.050690
1.050698
1.050706
1.050713
1.050721
1.050729
1.050737
1.050745
1.050753
1.050761
1.050769
1.050776
1.050784
1.050792
1.050800
1.050808
1.050816
1.050824
1.050831
1.050839
1.050847
1.050855
1.050863
1.050871
1.050879
1.050887
1.050894
1.050902
1.050910
1.050918
1.050926
1.050934
1.050942
1.050950
1.050957
1.050965
1.050973
1.050981
1.050989
1.050997
1.051005
1.051013
1.051021
1.051028
1.051036
1.051044
1.051052
1.051060
1.051068
1.051076
1.051083
1.051091
1.051099
1.051107
1.051115
1.051123
1.051131
1.051139
1.051146
1.051154
1.051162
1.051170
1.051178
1.051186
1.051194
1.051202
1.051209
1.051217
1.051225
1.051233
1.051241
1.051249
1.051257
1.051265
1.051272
1.051280
1.051288
1.051296
1.051304
1.051312
1.051320
1.051328
1.051335
1.051343
1.051351
1.051359
1.051367
1.051375
1.051383
1.051390
1.051393
1.051397
1.051401
1.051404
1.051408
1.051412
1.051416
1.051419
1.051423
1.051427
1.051430
1.051434
1.051438
1.051442
1.051445
1.051449
1.051453
1.051456
1.051460
1.051464
1.051468
1.051471
1.051475
1.051479
1.051482
1.051486
1.051490
1.051494
1.051497
1.051501
1.051505
1.051508
1.051512
1.051516
1.051520
1.051523
1.051527
1.051531
1.051534
1.051538
1.051542
1.051546
1.051549
1.051553
1.051557
1.051560
1.051564
1.051568
1.051572
1.051575
1.051579
1.051583
1.051586
1.051590
1.051594
1.051598
1.051601
1.051605
1.051609
1.051612
1.051616
1.051620
1.051624
1.051627
1.051631
1.051635
1.051638
1.051642
1.051646
1.051650
1.051653
1.051657
1.051661
1.051664
1.051668
1.051672
1.051676
1.051679
1.051683
1.051687
1.051690
1.051694
1.051698
1.051702
1.051705
1.051709
1.051713
1.051716
1.051720
1.051724
1.051728
1.051731
1.051735
1.051739
1.051742
1.051746
1.051750
1.051754
1.051757
1.051761
1.051765
1.051768
1.051772
1.051776
1.051780
1.051783
1.051787
1.051791
1.051794
1.051798
1.051802
1.051806
1.051809
1.051813
1.051817
1.051820
1.051824
1.051828
1.051832
1.051835
1.051839
1.051843
1.051846
1.051850
1.051854
1.051858
1.051861
1.051865
1.051869
1.051872
1.051876
1.051880
1.051884
1.051887
1.051891
1.051895
1.051898
1.051902
1.051906
1.051910
1.051913
1.051917
1.051921
1.051924
1.051928
1.051932
1.051936
1.051939
1.051943
1.051947
1.051950
1.051954
1.051958
1.051962
1.051965
1.051969
1.051973
1.051976
1.051980
1.051984
1.051988
1.051991
1.051995
1.051999
1.052002
1.052006
1.052010
1.052014
1.052017
1.052021
1.052025
1.052028
1.052032
1.052036
1.052040
1.052043
1.052047
1.052051
1.052054
1.052058
1.052062
1.052066
1.052069
1.052073
1.052077
1.052080
1.052084
1.052088
1.052092
1.052095
1.052099
1.052103
1.052106
1.052110
1.052114
1.052118
1.052121
1.052125
1.052129
1.052132
1.052136
1.052140
1.052144
1.052147
1.052151
1.052155
1.052158
1.052162
1.052166
1.052170
1.052173
1.052177
1.052181
1.052184
1.052188
1.052192
1.052196
1.052199
1.052203
1.052207
1.052211
1.052214
1.052218
1.052222
1.052225
1.052229
1.052233
1.052237
1.052240
1.052244
1.052248
1.052251
1.052255
1.052259
1.052263
1.052266
1.052270
1.052274
1.052277
1.052281
1.052285
1.052289
1.052292
1.052296
1.052300
1.052303
1.052307
1.052311
1.052315
1.052318
1.052322
1.052326
1.052329
1.052333
1.052337
1.052341
1.052344
1.052348
1.052352
1.052355
1.052359
1.052363
1.052367
1.052370
1.052374
1.052378
1.052381
1.052385
1.052389
1.052393
1.052396
1.052400
1.052404
1.052407
1.052411
1.052415
1.052419
1.052422
1.052426
1.052430
1.052433
1.052437
1.052441
1.052445
1.052448
1.052452
1.052456
1.052459
1.052463
1.052467
1.052471
1.052474
1.052478
1.052482
1.052485
1.052489
1.052493
1.052497
1.052500
1.052504
1.052508
1.052512
1.052515
1.052519
1.052523
1.052526
1.052530
1.052534
1.052537
1.052541
1.052545
1.052549
1.052552
1.052556
1.052560
1.052564
1.052567
1.052571
1.052575
1.052578
1.052582
1.052586
1.052590
1.052593
1.052597
1.052601
1.052604
1.052608
1.052612
1.052616
1.052619
1.052623
1.052627
1.052630
1.052634
1.052638
1.052642
1.052645
1.052649
1.052653
1.052656
1.052660
1.052664
1.052668
1.052671
1.052675
1.052679
1.052682
1.052686
1.052690
1.052694
1.052697
1.052701
1.052705
1.052708
1.052712
1.052716
1.052720
1.052723
1.052727
1.052731
1.052734
1.052738
1.052742
1.052746
1.052749
1.052753
1.052757
1.052761
1.052764
1.052768
1.052772
1.052775
1.052779
1.052783
1.052787
1.052790
1.052794
1.052798
1.052801
1.052805
1.052809
1.052813
1.052816
1.052820
1.052824
1.052827
1.052831
1.052835
1.052839
1.052842
1.052846
1.052850
1.052853
1.052857
1.052861
1.052865
1.052868
1.052872
1.052876
1.052879
1.052883
1.052887
1.052891
1.052894
1.052898
1.052902
1.052905
1.052909
1.052913
1.052917
1.052920
1.052924
1.052928
1.052932
1.052935
1.052939
1.052943
1.052946
1.052950
1.052954
1.052958
1.052961
1.052965
1.052969
1.052972
1.052976
1.052980
1.052984
1.052987
1.052991
1.052995
1.052998
1.053002
1.053006
1.053010
1.053013
1.053017
1.053021
1.053024
1.053028
1.053032
1.053036
1.053039
1.053043
1.053047
1.053050
1.053054
1.053058
1.053062
1.053065
1.053069
1.053073
1.053076
1.053080
1.053084
1.053088
1.053091
1.053095
1.053099
1.053103
1.053106
1.053110
1.053114
1.053117
1.053121
1.053125
1.053129
1.053132
1.053136
1.053140
1.053143
1.053147
1.053151
1.053155
1.053158
1.053162
1.053166
1.053169
1.053173
1.053177
1.053181
1.053184
1.053188
1.053192
1.053195
1.053199
1.053203
1.053207
1.053210
1.053214
1.053218
1.053221
1.053225
1.053229
1.053233
1.053236
1.053240
1.053244
1.053248
1.053251
1.053255
1.053259
1.053262
1.053266
1.053270
1.053274
1.053277
1.053281
1.053285
1.053288
1.053292
1.053296
1.053300
1.053303
1.053307
1.053311
1.053314
1.053318
1.053322
1.053326
1.053329
1.053333
1.053337
1.053340
1.053344
1.053348
1.053352
1.053355
1.053359
1.053363
1.053367
1.053370
1.053374
1.053378
1.053381
1.053385
1.053389
1.053393
1.053396
1.053400
1.053404
1.053407
1.053411
1.053415
1.053419
1.053422
1.053426
1.053430
1.053433
1.053437
1.053441
1.053445
1.053448
1.053452
1.053456
1.053460
1.053463
1.053467
1.053471
1.053474
1.053478
1.053482
1.053486
1.053489
1.053493
1.053497
1.053500
1.053504
1.053508
1.053512
1.053515
1.053519
1.053523
1.053526
1.053530
1.053534
1.053538
1.053541
1.053545
1.053549
1.053552
1.053556
1.053560
1.053564
1.053567
1.053571
1.053575
1.053579
1.053582
1.053586
1.053590
1.053593
1.053597
1.053601
1.053605
1.053608
1.053612
1.053616
1.053619
1.053623
1.053627
1.053631
1.053634
1.053638
1.053642
1.053646
1.053649
1.053653
1.053657
1.053660
1.053664
1.053668
1.053671
1.053675
1.053679
1.053683
1.053686
1.053690
1.053694
1.053698
1.053701
1.053705
1.053709
1.053712
1.053716
1.053720
1.053724
1.053727
1.053731
1.053735
1.053738
1.053742
1.053746
1.053750
1.053753
1.053757
1.053761
1.053764
1.053768
1.053772
1.053776
1.053779
1.053783
1.053787
1.053790
1.053794
1.053798
1.053802
1.053805
1.053809
1.053813
1.053817
1.053820
1.053824
1.053828
1.053831
1.053835
1.053839
1.053843
1.053846
1.053850
1.053854
1.053857
1.053861
1.053865
1.053869
1.053872
1.053876
1.053880
1.053884
1.053887
1.053891
1.053895
1.053898
1.053902
1.053906
1.053910
1.053913
1.053917
1.053921
1.053925
1.053928
1.053932
1.053936
1.053939
1.053943
1.053947
1.053950
1.053954
1.053958
1.053962
1.053965
1.053969
1.053973
1.053977
1.053980
1.053984
1.053988
1.053991
1.053995
1.053999
1.054003
1.054006
1.054010
1.054014
1.054017
1.054021
1.054025
1.054029
1.054032
1.054036
1.054040
1.054044
1.054047
1.054051
1.054055
1.054058
1.054062
1.054066
1.054070
1.054073
1.054077
1.054081
1.054084
1.054088
1.054092
1.054096
1.054099
1.054103
1.054107
1.054110
1.054114
1.054118
1.054122
1.054125
1.054129
1.054133
1.054137
1.054140
1.054144
1.054148
1.054151
1.054155
1.054159
1.054163
1.054166
1.054170
1.054174
1.054177
1.054181
1.054185
1.054189
1.054192
1.054196
1.054200
1.054203
1.054207
1.054211
1.054215
1.054218
1.054222
1.054226
1.054230
1.054233
1.054237
1.054241
1.054244
1.054248
1.054252
1.054256
1.054259
1.054263
1.054267
1.054270
1.054274
1.054278
1.054282
1.054285
1.054289
1.054293
1.054296
1.054300
1.054304
1.054308
1.054311
1.054315
1.054319
1.054323
1.054326
1.054330
1.054334
1.054337
1.054341
1.054345
1.054349
1.054352
1.054356
1.054360
1.054363
1.054367
1.054371
1.054375
1.054378
1.054382
1.054386
1.054390
1.054393
1.054397
1.054401
1.054404
1.054408
1.054412
1.054416
1.054419
1.054423
1.054427
1.054430
1.054434
1.054438
1.054442
1.054445
1.054449
1.054453
1.054456
1.054460
1.054464
1.054468
1.054471
1.054475
1.054479
1.054483
1.054486
1.054490
1.054494
1.054497
1.054501
1.054505
1.054509
1.054512
1.054516
1.054520
1.054524
1.054527
1.054531
1.054535
1.054538
1.054542
1.054546
1.054550
1.054553
1.054557
1.054561
1.054564
1.054568
1.054572
1.054576
1.054579
1.054583
1.054587
1.054590
1.054594
1.054598
1.054602
1.054605
1.054609
1.054613
1.054617
1.054620
1.054624
1.054628
1.054631
1.054635
1.054639
1.054643
1.054646
1.054650
1.054654
1.054657
1.054661
1.054665
1.054669
1.054672
1.054676
1.054680
1.054684
1.054687
1.054691
1.054695
1.054698
1.054702
1.054706
1.054710
1.054713
1.054717
1.054721
1.054725
1.054728
1.054732
1.054736
1.054739
1.054743
1.054747
1.054751
1.054754
1.054758
1.054762
1.054765
1.054769
1.054773
1.054777
1.054780
1.054784
1.054788
1.054791
1.054795
1.054799
1.054803
1.054806
1.054810
1.054814
1.054818
1.054821
1.054825
1.054829
1.054832
1.054836
1.054840
1.054844
1.054847
1.054851
1.054855
1.054858
1.054862
1.054866
1.054870
1.054873
1.054877
1.054881
1.054885
1.054888
1.054892
1.054896
1.054899
1.054903
1.054907
1.054911
1.054914
1.054918
1.054922
1.054926
1.054929
1.054933
1.054937
1.054940
1.054944
1.054948
1.054952
1.054955
1.054959
1.054963
1.054966
1.054970
1.054974
1.054978
1.054981
1.054985
1.054989
1.054993
1.054996
1.055000
1.055004
1.055007
1.055011
1.055015
1.055019
1.055022
1.055026
1.055030
1.055033
1.055037
1.055041
1.055045
1.055048
1.055052
1.055056
1.055060
1.055063
1.055067
1.055071
1.055074
1.055078
1.055082
1.055086
1.055089
1.055093
1.055097
1.055100
1.055104
1.055108
1.055112
1.055115
1.055119
1.055123
1.055127
1.055130
1.055134
1.055138
1.055141
1.055145
1.055149
1.055153
1.055156
1.055160
1.055164
1.055167
1.055171
1.055175
1.055179
1.055182
1.055186
1.055190
1.055194
1.055197
1.055201
1.055205
1.055208
1.055212
1.055216
1.055220
1.055223
1.055227
1.055231
1.055234
1.055238
1.055242
1.055246
1.055249
1.055253
1.055257
1.055261
1.055264
1.055268
1.055272
1.055276
1.055279
1.055283
1.055287
1.055290
1.055294
1.055298
1.055302
1.055306
1.055310
1.055314
1.055318
1.055322
1.055326
1.055330
1.055334
1.055338
1.055342
1.055346
1.055350
1.055354
1.055358
1.055362
1.055366
1.055370
1.055374
1.055378
1.055382
1.055386
1.055390
1.055394
1.055398
1.055402
1.055406
1.055410
1.055414
1.055418
1.055422
1.055426
1.055430
1.055434
1.055438
1.055442
1.055446
1.055449
1.055454
1.055458
1.055462
1.055466
1.055469
1.055473
1.055477
1.055481
1.055485
1.055489
1.055493
1.055497
1.055501
1.055505
1.055509
1.055513
1.055517
1.055521
1.055525
1.055529
1.055533
1.055537
1.055541
1.055545
1.055549
1.055553
1.055557
1.055561
1.055565
1.055569
1.055573
1.055577
1.055581
1.055585
1.055589
1.055593
1.055597
1.055601
1.055605
1.055609
1.055613
1.055617
1.055621
1.055625
1.055629
1.055633
1.055637
1.055641
1.055645
1.055649
1.055653
1.055657
1.055661
1.055665
1.055669
1.055673
1.055677
1.055681
1.055685
1.055689
1.055693
1.055697
1.055701
1.055705
1.055709
1.055713
1.055717
1.055721
1.055725
1.055729
1.055733
1.055737
1.055741
1.055745
1.055749
1.055753
1.055757
1.055761
1.055765
1.055769
1.055773
1.055777
1.055781
1.055785
1.055788
1.055792
1.055797
1.055801
1.055805
1.055808
1.055812
1.055816
1.055820
1.055824
1.055828
1.055832
1.055836
1.055840
1.055844
1.055848
1.055852
1.055856
1.055860
1.055864
1.055868
1.055872
1.055876
1.055880
1.055884
1.055888
1.055892
1.055896
1.055900
1.055904
1.055908
1.055912
1.055916
1.055920
1.055924
1.055928
1.055932
1.055936
1.055940
1.055944
1.055948
1.055952
1.055956
1.055960
1.055964
1.055968
1.055972
1.055976
1.055980
1.055984
1.055988
1.055992
1.055996
1.056000
1.056004
1.056008
1.056012
1.056016
1.056020
1.056024
1.056028
1.056032
1.056036
1.056040
1.056044
1.056048
1.056052
1.056056
1.056060
1.056064
1.056068
1.056072
1.056076
1.056080
1.056084
1.056088
1.056092
1.056096
1.056100
1.056104
1.056108
1.056112
1.056116
1.056120
1.056124
1.056128
1.056132
1.056136
1.056140
1.056144
1.056148
1.056152
1.056156
1.056160
1.056164
1.056168
1.056172
1.056175
1.056179
1.056183
1.056187
1.056191
1.056195
1.056199
1.056203
1.056207
1.056211
1.056215
1.056219
1.056223
1.056227
1.056231
1.056235
1.056239
1.056243
1.056247
1.056251
1.056255
1.056259
1.056263
1.056267
1.056271
1.056275
1.056279
1.056283
1.056287
1.056291
1.056295
1.056299
1.056303
1.056307
1.056311
1.056315
1.056319
1.056323
1.056327
1.056331
1.056335
1.056339
1.056343
1.056347
1.056351
1.056355
1.056359
1.056363
1.056367
1.056371
1.056375
1.056379
1.056383
1.056387
1.056391
1.056395
1.056399
1.056403
1.056407
1.056411
1.056415
1.056419
1.056423
1.056427
1.056431
1.056435
1.056439
1.056443
1.056447
1.056451
1.056455
1.056459
1.056463
1.056467
1.056471
1.056475
1.056479
1.056483
1.056487
1.056491
1.056495
1.056499
1.056503
1.056507
1.056511
1.056515
1.056519
1.056523
1.056527
1.056531
1.056535
1.056539
1.056543
1.056547
1.056551
1.056555
1.056559
1.056563
1.056567
1.056571
1.056575
1.056579
1.056583
1.056587
1.056591
1.056594
1.056598
1.056602
1.056606
1.056610
1.056614
1.056618
1.056622
1.056626
1.056630
1.056634
1.056638
1.056642
1.056646
1.056650
1.056654
1.056658
1.056662
1.056666
1.056670
1.056674
1.056678
1.056682
1.056686
1.056690
1.056694
1.056698
1.056702
1.056706
1.056710
1.056714
1.056718
1.056722
1.056726
1.056730
1.056734
1.056738
1.056742
1.056746
1.056750
1.056754
1.056758
1.056762
1.056766
1.056770
1.056774
1.056778
1.056782
1.056786
1.056790
1.056794
1.056798
1.056802
1.056806
1.056810
1.056814
1.056818
1.056822
1.056826
1.056830
1.056834
1.056838
1.056842
1.056846
1.056850
1.056854
1.056858
1.056862
1.056866
1.056870
1.056874
1.056878
1.056882
1.056886
1.056890
1.056894
1.056898
1.056902
1.056906
1.056910
1.056914
1.056918
1.056922
1.056926
1.056930
1.056934
1.056938
1.056942
1.056946
1.056950
1.056954
1.056958
1.056962
1.056966
1.056970
1.056974
1.056978
1.056982
1.056986
1.056990
1.056994
1.056998
1.057002
1.057006
1.057010
1.057014
1.057018
1.057022
1.057026
1.057030
1.057034
1.057038
1.057042
1.057046
1.057050
1.057054
1.057058
1.057062
1.057065
1.057069
1.057073
1.057078
1.057081
1.057085
1.057089
1.057093
1.057097
1.057101
1.057105
1.057109
1.057113
1.057117
1.057121
1.057125
1.057129
1.057133
1.057137
1.057141
1.057145
1.057149
1.057153
1.057157
1.057161
1.057165
1.057169
1.057173
1.057177
1.057181
1.057185
1.057189
1.057193
1.057197
1.057201
1.057205
1.057209
1.057213
1.057217
1.057221
1.057225
1.057229
1.057233
1.057237
1.057241
1.057245
1.057249
1.057253
1.057257
1.057261
1.057265
1.057269
1.057273
1.057277
1.057281
1.057285
1.057289
1.057293
1.057297
1.057301
1.057305
1.057309
1.057313
1.057317
1.057321
1.057325
1.057329
1.057333
1.057337
1.057341
1.057345
1.057349
1.057353
1.057357
1.057361
1.057365
1.057369
1.057373
1.057377
1.057381
1.057385
1.057389
1.057393
1.057397
1.057401
1.057405
1.057409
1.057413
1.057417
1.057421
1.057425
1.057429
1.057433
1.057437
1.057441
1.057445
1.057449
1.057453
1.057457
1.057461
1.057465
1.057469
1.057473
1.057477
1.057481
1.057485
1.057489
1.057493
1.057497
1.057501
1.057505
1.057509
1.057513
1.057517
1.057521
1.057525
1.057529
1.057533
1.057537
1.057541
1.057545
1.057549
1.057553
1.057557
1.057561
1.057565
1.057569
1.057573
1.057577
1.057581
1.057585
1.057589
1.057593
1.057597
1.057601
1.057605
1.057609
1.057613
1.057617
1.057621
1.057625
1.057629
1.057633
1.057636
1.057641
1.057644
1.057648
1.057653
1.057657
1.057661
1.057664
1.057668
1.057672
1.057676
1.057680
1.057684
1.057688
1.057692
1.057696
1.057700
1.057704
1.057708
1.057712
1.057716
1.057720
1.057724
1.057728
1.057732
1.057736
1.057740
1.057744
1.057748
1.057752
1.057756
1.057760
1.057764
1.057768
1.057772
1.057776
1.057780
1.057784
1.057788
1.057792
1.057796
1.057800
1.057804
1.057808
1.057812
1.057816
1.057820
1.057824
1.057828
1.057832
1.057836
1.057840
1.057844
1.057848
1.057852
1.057856
1.057860
1.057864
1.057868
1.057872
1.057876
1.057880
1.057884
1.057888
1.057892
1.057896
1.057900
1.057904
1.057908
1.057912
1.057916
1.057920
1.057924
1.057928
1.057932
1.057936
1.057940
1.057944
1.057948
1.057952
1.057956
1.057960
1.057964
1.057968
1.057972
1.057976
1.057980
1.057984
1.057988
1.057992
1.057996
1.058000
1.058004
1.058008
1.058012
1.058016
1.058020
1.058024
1.058028
1.058032
1.058036
1.058040
1.058044
1.058048
1.058052
1.058056
1.058060
1.058064
1.058068
1.058072
1.058076
1.058080
1.058084
1.058088
1.058092
1.058096
1.058100
1.058104
1.058108
1.058112
1.058116
1.058120
1.058124
1.058128
1.058132
1.058136
1.058140
1.058144
1.058148
1.058152
1.058156
1.058160
1.058164
1.058168
1.058172
1.058176
1.058180
1.058184
1.058188
1.058192
1.058196
1.058200
1.058204
1.058208
1.058212
1.058216
1.058220
1.058224
1.058228
1.058232
1.058236
1.058240
1.058244
1.058248
1.058252
1.058256
1.058260
1.058264
1.058268
1.058272
1.058276
1.058280
1.058284
1.058288
1.058292
1.058296
1.058300
1.058304
1.058308
1.058312
1.058316
1.058320
1.058324
1.058328
1.058332
1.058336
1.058340
1.058344
1.058348
1.058352
1.058356
1.058360
1.058364
1.058368
1.058372
1.058376
1.058380
1.058384
1.058388
1.058392
1.058396
1.058399
1.058404
1.058408
1.058412
1.058416
1.058420
1.058424
1.058428
1.058432
1.058435
1.058440
1.058444
1.058448
1.058451
1.058455
1.058460
1.058463
1.058467
1.058472
1.058476
1.058479
1.058484
1.058487
1.058491
1.058495
1.058500
1.058503
1.058507
1.058511
1.058515
1.058519
1.058523
1.058527
1.058531
1.058535
1.058539
1.058543
1.058547
1.058551
1.058555
1.058559
1.058563
1.058567
1.058571
1.058575
1.058579
1.058583
1.058587
1.058591
1.058595
1.058599
1.058603
1.058607
1.058611
1.058615
1.058619
1.058623
1.058627
1.058631
1.058635
1.058639
1.058643
1.058647
1.058651
1.058655
1.058659
1.058663
1.058667
1.058671
1.058675
1.058679
1.058683
1.058687
1.058691
1.058695
1.058699
1.058703
1.058707
1.058711
1.058715
1.058719
1.058723
1.058727
1.058731
1.058735
1.058739
1.058743
1.058747
1.058751
1.058755
1.058759
1.058763
1.058767
1.058771
1.058775
1.058779
1.058783
1.058787
1.058791
1.058795
1.058799
1.058803
1.058807
1.058811
1.058815
1.058819
1.058823
1.058827
1.058831
1.058835
1.058839
1.058843
1.058847
1.058851
1.058855
1.058859
1.058863
1.058867
1.058871
1.058875
1.058879
1.058883
1.058887
1.058891
1.058895
1.058899
1.058903
1.058907
1.058911
1.058915
1.058919
1.058923
1.058927
1.058931
1.058935
1.058939
1.058943
1.058947
1.058951
1.058955
1.058959
1.058963
1.058967
1.058971
1.058975
1.058979
1.058983
1.058987
1.058991
1.058995
1.058999
1.059003
1.059007
1.059011
1.059015
1.059019
1.059023
1.059027
1.059031
1.059035
1.059039
1.059043
1.059047
1.059051
1.059055
1.059059
1.059063
1.059067
1.059071
1.059075
1.059079
1.059083
1.059087
1.059091
1.059095
1.059099
1.059103
1.059107
1.059111
1.059115
1.059119
1.059123
1.059127
1.059131
1.059135
1.059139
1.059143
1.059147
1.059151
1.059155
1.059159
1.059163
1.059167
1.059171
1.059175
1.059179
1.059183
1.059187
1.059191
1.059195
1.059199
1.059203
1.059207
1.059211
1.059215
1.059219
1.059223
1.059227
1.059231
1.059235
1.059239
1.059243
1.059247
1.059251
1.059255
1.059259
1.059263
1.059267
1.059271
1.059275
1.059279
1.059283
1.059287
1.059291
1.059295
1.059299
1.059303
1.059307
1.059311
1.059315
1.059319
1.059323
1.059327
1.059331
1.059335
1.059339
1.059343
1.059347
1.059351
1.059355
1.059359
1.059363
1.059367
1.059371
1.059375
1.059379
1.059383
1.059387
1.059391
1.059395
1.059399
1.059403
1.059407
1.059411
1.059415
1.059419
1.059423
1.059427
1.059431
1.059435
1.059439
1.059443
1.059447
1.059451
1.059455
1.059459
1.059463
1.059467
1.059471
1.059475
1.059479
1.059483
1.059487
1.059491
1.059495
1.059499
1.059503
1.059507
1.059511
1.059515
1.059519
1.059523
1.059527
1.059531
1.059535
1.059539
1.059543
1.059547
1.059551
1.059555
1.059559
1.059563
1.059567
1.059571
1.059575
1.059579
1.059583
1.059587
1.059591
1.059595
1.059599
1.059603
1.059607
1.059611
1.059615
1.059619
1.059623
1.059627
1.059631
1.059635
1.059639
1.059643
1.059647
1.059651
1.059655
1.059659
1.059663
1.059667
1.059671
1.059675
1.059679
1.059683
1.059687
1.059691
1.059695
1.059699
1.059703
1.059707
1.059711
1.059715
1.059719
1.059723
1.059727
1.059731
1.059735
1.059739
1.059743
1.059747
1.059751
1.059755
1.059759
1.059763
1.059767
1.059771
1.059775
1.059779
1.059783
1.059787
1.059791
1.059795
1.059799
1.059803
1.059807
1.059811
1.059815
1.059819
1.059823
1.059827
1.059831
1.059835
1.059839
1.059843
1.059847
1.059851
1.059855
1.059859
1.059863
1.059867
1.059871
1.059875
1.059879
1.059883
1.059887
1.059891
1.059895
1.059899
1.059903
1.059907
1.059911
1.059915
1.059919
1.059923
1.059927
1.059931
1.059935
1.059939
1.059943
1.059947
1.059951
1.059955
1.059959
1.059963
1.059967
1.059971
1.059975
1.059979
1.059983
1.059987
1.059991
1.059995
1.059999
1.060003
1.060007
1.060011
1.060015
1.060019
1.060023
1.060027
1.060031
1.060035
1.060039
1.060043
1.060047
1.060051
1.060055
1.060059
1.060063
1.060067
1.060071
1.060075
1.060079
1.060083
1.060087
1.060091
1.060095
1.060099
1.060103
1.060107
1.060111
1.060115
1.060119
1.060123
1.060127
1.060131
1.060135
1.060139
1.060143
1.060147
1.060151
1.060155
1.060159
1.060163
1.060167
1.060171
1.060175
1.060179
1.060183
1.060187
1.060191
1.060195
1.060199
1.060203
1.060207
1.060211
1.060215
1.060219
1.060223
1.060227
1.060231
1.060235
1.060239
1.060243
1.060247
1.060251
1.060255
1.060259
1.060263
1.060267
1.060271
1.060275
1.060279
1.060283
1.060287
1.060291
1.060295
1.060299
1.060303
1.060307
1.060311
1.060315
1.060319
1.060323
1.060327
1.060331
1.060335
1.060339
1.060343
1.060347
1.060351
1.060355
1.060359
1.060363
1.060367
1.060371
1.060375
1.060379
1.060383
1.060387
1.060391
1.060395
1.060399
1.060403
1.060407
1.060411
1.060415
1.060419
1.060423
1.060427
1.060431
1.060435
1.060439
1.060443
1.060447
1.060451
1.060455
1.060459
1.060463
1.060467
1.060471
1.060475
1.060479
1.060483
1.060487
1.060491
1.060495
1.060499
1.060503
1.060507
1.060511
1.060515
1.060519
1.060523
1.060527
1.060531
1.060535
1.060539
1.060543
1.060547
1.060551
1.060555
1.060559
1.060563
1.060567
1.060571
1.060575
1.060579
1.060583
1.060587
1.060591
1.060595
1.060599
1.060603
1.060607
1.060611
1.060615
1.060619
1.060623
1.060627
1.060631
1.060635
1.060639
1.060643
1.060647
1.060651
1.060655
1.060659
1.060663
1.060667
1.060671
1.060675
1.060679
1.060683
1.060687
1.060691
1.060695
1.060699
1.060703
1.060707
1.060711
1.060715
1.060719
1.060723
1.060727
1.060731
1.060735
1.060739
1.060743
1.060747
1.060751
1.060755
1.060759
1.060763
1.060767
1.060771
1.060775
1.060779
1.060783
1.060787
1.060791
1.060795
1.060799
1.060803
1.060807
1.060811
1.060815
1.060819
1.060823
1.060827
1.060831
1.060835
1.060839
1.060843
1.060847
1.060851
1.060855
1.060859
1.060863
1.060867
1.060871
1.060875
1.060879
1.060883
1.060887
1.060891
1.060895
1.060899
1.060903
1.060907
1.060911
1.060915
1.060919
1.060923
1.060927
1.060931
1.060935
1.060939
1.060943
1.060947
1.060951
1.060955
1.060959
1.060963
1.060967
1.060971
1.060975
1.060979
1.060983
1.060987
1.060991
1.060995
1.060999
1.061003
1.061007
1.061011
1.061015
1.061019
1.061023
1.061027
1.061031
1.061035
1.061039
1.061043
1.061047
1.061051
1.061055
1.061059
1.061063
1.061067
1.061071
1.061075
1.061079
1.061083
1.061087
1.061091
1.061095
1.061099
1.061103
1.061107
1.061111
1.061115
1.061119
1.061123
1.061127
1.061131
1.061135
1.061139
1.061143
1.061147
1.061151
1.061155
1.061159
1.061163
1.061167
1.061171
1.061175
1.061179
1.061183
1.061187
1.061191
1.061195
1.061199
1.061203
1.061207
1.061211
1.061215
1.061219
1.061223
1.061227
1.061231
1.061235
1.061239
1.061243
1.061247
1.061251
1.061255
1.061259
1.061263
1.061267
1.061271
1.061276
1.061279
1.061284
1.061288
1.061291
1.061295
1.061300
1.061304
1.061308
1.061312
1.061316
1.061320
1.061324
1.061328
1.061331
1.061336
1.061340
1.061344
1.061348
1.061352
1.061356
1.061360
1.061364
1.061368
1.061372
1.061376
1.061380
1.061384
1.061388
1.061392
1.061396
1.061400
1.061404
1.061408
1.061412
1.061416
1.061420
1.061424
1.061428
1.061432
1.061436
1.061440
1.061444
1.061448
1.061452
1.061456
1.061460
1.061464
1.061468
1.061472
1.061476
1.061480
1.061484
1.061488
1.061492
1.061496
1.061500
1.061504
1.061508
1.061512
1.061516
1.061520
1.061524
1.061528
1.061532
1.061536
1.061540
1.061544
1.061548
1.061552
1.061556
1.061560
1.061564
1.061568
1.061572
1.061576
1.061580
1.061584
1.061588
1.061592
1.061596
1.061600
1.061604
1.061608
1.061612
1.061616
1.061620
1.061624
1.061628
1.061632
1.061636
1.061640
1.061644
1.061648
1.061652
1.061656
1.061660
1.061664
1.061668
1.061672
1.061676
1.061680
1.061684
1.061688
1.061692
1.061696
1.061700
1.061704
1.061708
1.061712
1.061716
1.061720
1.061724
1.061728
1.061732
1.061736
1.061740
1.061744
1.061748
1.061752
1.061756
1.061760
1.061764
1.061768
1.061772
1.061776
1.061780
1.061784
1.061788
1.061792
1.061796
1.061800
1.061804
1.061808
1.061812
1.061816
1.061820
1.061824
1.061828
1.061832
1.061836
1.061840
1.061844
1.061848
1.061852
1.061856
1.061860
1.061864
1.061868
1.061872
1.061876
1.061880
1.061884
1.061888
1.061892
1.061896
1.061900
1.061904
1.061908
1.061912
1.061916
1.061920
1.061924
1.061928
1.061932
1.061936
1.061940
1.061944
1.061948
1.061952
1.061956
1.061960
1.061964
1.061968
1.061972
1.061976
1.061980
1.061984
1.061988
1.061992
1.061996
1.062000
1.062004
1.062008
1.062012
1.062016
1.062020
1.062024
1.062028
1.062032
1.062036
1.062040
1.062044
1.062048
1.062052
1.062056
1.062060
1.062064
1.062068
1.062072
1.062076
1.062080
1.062084
1.062088
1.062093
1.062097
1.062101
1.062105
1.062109
1.062112
1.062117
1.062121
1.062125
1.062129
1.062133
1.062137
1.062141
1.062145
1.062149
1.062153
1.062157
1.062161
1.062165
1.062169
1.062173
1.062177
1.062181
1.062185
1.062189
1.062193
1.062197
1.062201
1.062205
1.062209
1.062213
1.062217
1.062221
1.062225
1.062229
1.062233
1.062237
1.062241
1.062245
1.062249
1.062253
1.062257
1.062261
1.062265
1.062269
1.062273
1.062277
1.062281
1.062285
1.062289
1.062293
1.062297
1.062301
1.062305
1.062309
1.062313
1.062317
1.062321
1.062325
1.062329
1.062333
1.062337
1.062341
1.062345
1.062349
1.062353
1.062357
1.062361
1.062365
1.062369
1.062373
1.062377
1.062381
1.062385
1.062389
1.062393
1.062397
1.062401
1.062405
1.062409
1.062413
1.062417
1.062421
1.062425
1.062429
1.062433
1.062437
1.062441
1.062445
1.062449
1.062453
1.062457
1.062461
1.062465
1.062469
1.062473
1.062477
1.062481
1.062485
1.062489
1.062493
1.062497
1.062501
1.062505
1.062509
1.062513
1.062517
1.062521
1.062525
1.062529
1.062533
1.062537
1.062541
1.062545
1.062549
1.062553
1.062557
1.062561
1.062565
1.062569
1.062573
1.062577
1.062581
1.062585
1.062589
1.062593
1.062597
1.062601
1.062605
1.062609
1.062613
1.062617
1.062621
1.062625
1.062629
1.062633
1.062637
1.062641
1.062645
1.062649
1.062653
1.062657
1.062661
1.062665
1.062669
1.062673
1.062678
1.062682
1.062685
1.062690
1.062694
1.062698
1.062702
1.062706
1.062710
1.062714
1.062718
1.062722
1.062726
1.062730
1.062734
1.062738
1.062742
1.062746
1.062750
1.062754
1.062758
1.062762
1.062766
1.062770
1.062774
1.062778
1.062782
1.062786
1.062790
1.062794
1.062798
1.062802
1.062806
1.062810
1.062814
1.062818
1.062822
1.062826
1.062830
1.062834
1.062838
1.062842
1.062846
1.062850
1.062854
1.062858
1.062862
1.062866
1.062870
1.062874
1.062878
1.062882
1.062886
1.062890
1.062894
1.062898
1.062902
1.062906
1.062910
1.062914
1.062918
1.062922
1.062926
1.062930
1.062934
1.062938
1.062942
1.062946
1.062950
1.062954
1.062958
1.062962
1.062966
1.062970
1.062974
1.062978
1.062982
1.062986
1.062990
1.062994
1.062998
1.063002
1.063006
1.063010
1.063014
1.063018
1.063022
1.063026
1.063030
1.063034
1.063038
1.063042
1.063046
1.063050
1.063054
1.063058
1.063062
1.063066
1.063070
1.063074
1.063078
1.063082
1.063086
1.063090
1.063094
1.063098
1.063102
1.063106
1.063110
1.063114
1.063118
1.063122
1.063126
1.063130
1.063134
1.063138
1.063142
1.063146
1.063150
1.063154
1.063159
1.063162
1.063166
1.063171
1.063175
1.063178
1.063183
1.063187
1.063191
1.063195
1.063199
1.063203
1.063207
1.063211
1.063215
1.063219
1.063223
1.063227
1.063231
1.063235
1.063239
1.063243
1.063247
1.063251
1.063255
1.063259
1.063263
1.063267
1.063271
1.063275
1.063279
1.063283
1.063287
1.063291
1.063295
1.063299
1.063303
1.063307
1.063311
1.063315
1.063319
1.063323
1.063327
1.063331
1.063335
1.063339
1.063343
1.063347
1.063351
1.063355
1.063359
1.063363
1.063367
1.063371
1.063375
1.063379
1.063383
1.063387
1.063391
1.063395
1.063399
1.063403
1.063407
1.063411
1.063415
1.063419
1.063423
1.063427
1.063431
1.063435
1.063439
1.063443
1.063447
1.063451
1.063455
1.063459
1.063463
1.063467
1.063471
1.063475
1.063479
1.063483
1.063487
1.063491
1.063495
1.063499
1.063503
1.063507
1.063511
1.063515
1.063519
1.063523
1.063527
1.063531
1.063535
1.063539
1.063543
1.063547
1.063551
1.063555
1.063559
1.063563
1.063567
1.063571
1.063575
1.063579
1.063584
1.063588
1.063591
1.063596
1.063600
1.063604
1.063608
1.063612
1.063616
1.063620
1.063624
1.063628
1.063632
1.063636
1.063640
1.063644
1.063648
1.063652
1.063656
1.063660
1.063664
1.063668
1.063672
1.063676
1.063680
1.063684
1.063688
1.063692
1.063696
1.063700
1.063704
1.063708
1.063712
1.063716
1.063720
1.063724
1.063728
1.063732
1.063736
1.063740
1.063744
1.063748
1.063752
1.063756
1.063760
1.063764
1.063768
1.063772
1.063776
1.063780
1.063784
1.063788
1.063792
1.063796
1.063800
1.063804
1.063808
1.063812
1.063816
1.063820
1.063824
1.063828
1.063832
1.063836
1.063840
1.063844
1.063848
1.063852
1.063856
1.063860
1.063864
1.063868
1.063872
1.063876
1.063880
1.063884
1.063888
1.063892
1.063896
1.063900
1.063904
1.063908
1.063912
1.063916
1.063920
1.063924
1.063928
1.063932
1.063936
1.063940
1.063944
1.063948
1.063952
1.063956
1.063960
1.063965
1.063968
1.063973
1.063977
1.063981
1.063985
1.063989
1.063993
1.063997
1.064001
1.064005
1.064009
1.064013
1.064017
1.064021
1.064025
1.064029
1.064033
1.064037
1.064041
1.064045
1.064049
1.064053
1.064057
1.064061
1.064065
1.064069
1.064073
1.064077
1.064081
1.064085
1.064089
1.064093
1.064097
1.064101
1.064105
1.064109
1.064113
1.064117
1.064121
1.064125
1.064129
1.064133
1.064137
1.064141
1.064145
1.064149
1.064153
1.064157
1.064161
1.064165
1.064169
1.064173
1.064177
1.064181
1.064185
1.064189
1.064193
1.064197
1.064201
1.064205
1.064209
1.064213
1.064217
1.064221
1.064225
1.064229
1.064233
1.064237
1.064241
1.064245
1.064249
1.064253
1.064257
1.064261
1.064265
1.064269
1.064273
1.064277
1.064281
1.064285
1.064289
1.064293
1.064297
1.064301
1.064305
1.064309
1.064314
1.064318
1.064322
1.064326
1.064330
1.064334
1.064338
1.064342
1.064346
1.064350
1.064354
1.064358
1.064362
1.064366
1.064370
1.064374
1.064378
1.064382
1.064386
1.064390
1.064394
1.064398
1.064402
1.064406
1.064410
1.064414
1.064418
1.064422
1.064426
1.064430
1.064434
1.064438
1.064442
1.064446
1.064450
1.064454
1.064458
1.064462
1.064466
1.064470
1.064474
1.064478
1.064482
1.064486
1.064490
1.064494
1.064498
1.064502
1.064506
1.064510
1.064514
1.064518
1.064522
1.064526
1.064530
1.064534
1.064538
1.064542
1.064546
1.064550
1.064554
1.064558
1.064562
1.064566
1.064570
1.064574
1.064578
1.064582
1.064586
1.064590
1.064594
1.064598
1.064602
1.064606
1.064610
1.064614
1.064619
1.064622
1.064627
1.064630
1.064635
1.064638
1.064643
1.064647
1.064651
1.064655
1.064659
1.064663
1.064667
1.064671
1.064675
1.064679
1.064683
1.064687
1.064691
1.064695
1.064699
1.064703
1.064707
1.064711
1.064715
1.064719
1.064723
1.064727
1.064731
1.064735
1.064739
1.064743
1.064747
1.064751
1.064755
1.064759
1.064763
1.064767
1.064771
1.064775
1.064779
1.064783
1.064787
1.064791
1.064795
1.064799
1.064803
1.064807
1.064811
1.064815
1.064819
1.064823
1.064827
1.064831
1.064835
1.064839
1.064843
1.064847
1.064851
1.064855
1.064859
1.064863
1.064867
1.064871
1.064875
1.064879
1.064883
1.064887
1.064891
1.064895
1.064899
1.064903
1.064907
1.064912
1.064915
1.064919
1.064923
1.064927
1.064931
1.064936
1.064940
1.064944
1.064948
1.064952
1.064956
1.064960
1.064964
1.064968
1.064972
1.064976
1.064980
1.064984
1.064988
1.064992
1.064996
1.065000
1.065004
1.065008
1.065012
1.065016
1.065020
1.065024
1.065028
1.065032
1.065036
1.065040
1.065044
1.065048
1.065052
1.065056
1.065060
1.065064
1.065068
1.065072
1.065076
1.065080
1.065084
1.065088
1.065092
1.065096
1.065100
1.065104
1.065108
1.065112
1.065116
1.065120
1.065124
1.065128
1.065132
1.065136
1.065140
1.065144
1.065148
1.065152
1.065156
1.065160
1.065164
1.065168
1.065172
1.065176
1.065180
1.065184
1.065188
1.065192
1.065196
1.065200
1.065204
1.065208
1.065213
1.065217
1.065220
1.065225
1.065229
1.065233
1.065237
1.065241
1.065245
1.065249
1.065253
1.065257
1.065261
1.065265
1.065269
1.065273
1.065277
1.065281
1.065285
1.065289
1.065293
1.065297
1.065301
1.065305
1.065309
1.065313
1.065317
1.065321
1.065325
1.065329
1.065333
1.065337
1.065341
1.065345
1.065349
1.065353
1.065357
1.065361
1.065365
1.065369
1.065373
1.065377
1.065381
1.065385
1.065389
1.065393
1.065397
1.065401
1.065405
1.065409
1.065413
1.065417
1.065421
1.065425
1.065429
1.065433
1.065437
1.065441
1.065445
1.065449
1.065453
1.065457
1.065461
1.065465
1.065469
1.065473
1.065478
1.065482
1.065486
1.065490
1.065494
1.065498
1.065502
1.065506
1.065510
1.065514
1.065518
1.065522
1.065526
1.065530
1.065534
1.065538
1.065542
1.065546
1.065550
1.065554
1.065558
1.065562
1.065566
1.065570
1.065574
1.065578
1.065582
1.065586
1.065590
1.065594
1.065598
1.065602
1.065606
1.065610
1.065614
1.065618
1.065622
1.065626
1.065630
1.065634
1.065638
1.065642
1.065646
1.065650
1.065654
1.065658
1.065662
1.065666
1.065670
1.065674
1.065678
1.065682
1.065686
1.065690
1.065694
1.065698
1.065702
1.065706
1.065710
1.065714
1.065718
1.065722
1.065726
1.065730
1.065734
1.065738
1.065742
1.065747
1.065751
1.065755
1.065759
1.065763
1.065767
1.065771
1.065775
1.065779
1.065783
1.065787
1.065791
1.065795
1.065799
1.065803
1.065807
1.065811
1.065815
1.065819
1.065823
1.065827
1.065831
1.065835
1.065839
1.065843
1.065847
1.065851
1.065855
1.065859
1.065863
1.065867
1.065871
1.065875
1.065879
1.065883
1.065887
1.065891
1.065895
1.065899
1.065903
1.065907
1.065911
1.065915
1.065919
1.065923
1.065927
1.065931
1.065935
1.065939
1.065943
1.065947
1.065951
1.065955
1.065959
1.065963
1.065967
1.065971
1.065975
1.065979
1.065984
1.065988
1.065992
1.065996
1.066000
1.066004
1.066008
1.066012
1.066016
1.066020
1.066024
1.066028
1.066032
1.066036
1.066040
1.066044
1.066048
1.066052
1.066056
1.066060
1.066064
1.066068
1.066072
1.066076
1.066080
1.066084
1.066088
1.066092
1.066096
1.066100
1.066104
1.066108
1.066112
1.066116
1.066120
1.066124
1.066128
1.066132
1.066136
1.066140
1.066144
1.066148
1.066152
1.066156
1.066160
1.066164
1.066168
1.066172
1.066176
1.066180
1.066184
1.066188
1.066192
1.066196
1.066200
1.066204
1.066208
1.066212
1.066216
1.066221
1.066225
1.066229
1.066233
1.066237
1.066241
1.066245
1.066249
1.066253
1.066257
1.066261
1.066265
1.066269
1.066273
1.066277
1.066281
1.066285
1.066289
1.066293
1.066297
1.066301
1.066305
1.066309
1.066313
1.066317
1.066321
1.066325
1.066329
1.066333
1.066337
1.066341
1.066345
1.066349
1.066353
1.066357
1.066361
1.066365
1.066369
1.066373
1.066377
1.066381
1.066385
1.066389
1.066393
1.066397
1.066401
1.066405
1.066409
1.066413
1.066417
1.066421
1.066425
1.066429
1.066433
1.066437
1.066441
1.066445
1.066449
1.066454
1.066458
1.066462
1.066466
1.066470
1.066474
1.066478
1.066482
1.066486
1.066490
1.066494
1.066498
1.066502
1.066506
1.066510
1.066514
1.066518
1.066522
1.066526
1.066530
1.066534
1.066538
1.066542
1.066546
1.066550
1.066554
1.066558
1.066562
1.066566
1.066570
1.066574
1.066578
1.066582
1.066586
1.066590
1.066594
1.066598
1.066602
1.066606
1.066610
1.066614
1.066618
1.066622
1.066626
1.066630
1.066634
1.066638
1.066642
1.066646
1.066650
1.066654
1.066658
1.066662
1.066666
1.066670
1.066674
1.066678
1.066682
1.066686
1.066690
1.066694
1.066698
1.066702
1.066706
1.066710
1.066714
1.066718
1.066722
1.066727
1.066730
1.066734
1.066738
1.066742
1.066747
1.066751
1.066754
1.066759
1.066763
1.066767
1.066771
1.066775
1.066779
1.066783
1.066787
1.066791
1.066795
1.066799
1.066803
1.066807
1.066811
1.066815
1.066819
1.066823
1.066827
1.066831
1.066835
1.066839
1.066843
1.066847
1.066851
1.066855
1.066859
1.066863
1.066867
1.066871
1.066875
1.066879
1.066883
1.066887
1.066891
1.066895
1.066899
1.066903
1.066907
1.066911
1.066915
1.066919
1.066923
1.066927
1.066931
1.066935
1.066939
1.066943
1.066947
1.066951
1.066955
1.066959
1.066963
1.066967
1.066971
1.066975
1.066979
1.066983
1.066987
1.066991
1.066995
1.066999
1.067003
1.067007
1.067011
1.067015
1.067019
1.067023
1.067027
1.067032
1.067036
1.067040
1.067043
1.067048
1.067052
1.067056
1.067060
1.067064
1.067068
1.067072
1.067076
1.067080
1.067084
1.067088
1.067092
1.067096
1.067100
1.067104
1.067108
1.067112
1.067116
1.067120
1.067124
1.067128
1.067132
1.067136
1.067140
1.067144
1.067148
1.067152
1.067156
1.067160
1.067164
1.067168
1.067172
1.067176
1.067180
1.067184
1.067188
1.067192
1.067196
1.067200
1.067204
1.067208
1.067212
1.067216
1.067220
1.067224
1.067228
1.067232
1.067236
1.067240
1.067244
1.067248
1.067252
1.067256
1.067260
1.067264
1.067268
1.067272
1.067276
1.067280
1.067284
1.067288
1.067292
1.067296
1.067300
1.067304
1.067308
1.067313
1.067317
1.067321
1.067325
1.067329
1.067333
1.067337
1.067341
1.067345
1.067349
1.067353
1.067357
1.067361
1.067365
1.067369
1.067373
1.067377
1.067381
1.067385
1.067389
1.067393
1.067397
1.067401
1.067405
1.067409
1.067413
1.067417
1.067421
1.067425
1.067429
1.067433
1.067437
1.067441
1.067445
1.067449
1.067453
1.067457
1.067461
1.067465
1.067469
1.067473
1.067477
1.067481
1.067485
1.067489
1.067493
1.067497
1.067501
1.067505
1.067509
1.067513
1.067517
1.067521
1.067525
1.067529
1.067533
1.067537
1.067541
1.067545
1.067549
1.067553
1.067557
1.067562
1.067565
1.067569
1.067574
1.067578
1.067582
1.067586
1.067590
1.067594
1.067598
1.067602
1.067606
1.067610
1.067614
1.067618
1.067622
1.067626
1.067630
1.067634
1.067638
1.067642
1.067646
1.067650
1.067654
1.067658
1.067662
1.067666
1.067670
1.067674
1.067678
1.067682
1.067686
1.067690
1.067694
1.067698
1.067702
1.067706
1.067710
1.067714
1.067718
1.067722
1.067726
1.067730
1.067734
1.067738
1.067742
1.067746
1.067750
1.067754
1.067758
1.067762
1.067766
1.067770
1.067774
1.067778
1.067782
1.067786
1.067790
1.067794
1.067798
1.067802
1.067806
1.067810
1.067815
1.067818
1.067823
1.067827
1.067831
1.067835
1.067839
1.067843
1.067847
1.067851
1.067855
1.067859
1.067863
1.067867
1.067871
1.067875
1.067879
1.067883
1.067887
1.067891
1.067895
1.067899
1.067903
1.067907
1.067911
1.067915
1.067919
1.067923
1.067927
1.067931
1.067935
1.067939
1.067943
1.067947
1.067951
1.067955
1.067959
1.067963
1.067967
1.067971
1.067975
1.067979
1.067983
1.067987
1.067991
1.067995
1.067999
1.068003
1.068007
1.068011
1.068015
1.068019
1.068023
1.068027
1.068031
1.068035
1.068039
1.068043
1.068047
1.068052
1.068056
1.068060
1.068064
1.068068
1.068072
1.068076
1.068080
1.068084
1.068088
1.068092
1.068096
1.068100
1.068104
1.068108
1.068112
1.068116
1.068120
1.068124
1.068128
1.068132
1.068136
1.068140
1.068144
1.068148
1.068152
1.068156
1.068160
1.068164
1.068168
1.068172
1.068176
1.068180
1.068184
1.068188
1.068192
1.068196
1.068200
1.068204
1.068208
1.068212
1.068216
1.068220
1.068224
1.068228
1.068232
1.068236
1.068240
1.068244
1.068248
1.068252
1.068256
1.068260
1.068264
1.068268
1.068272
1.068276
1.068281
1.068285
1.068289
1.068293
1.068297
1.068301
1.068305
1.068309
1.068313
1.068317
1.068321
1.068325
1.068329
1.068333
1.068337
1.068341
1.068345
1.068349
1.068353
1.068357
1.068361
1.068365
1.068369
1.068373
1.068377
1.068381
1.068385
1.068389
1.068393
1.068397
1.068401
1.068405
1.068409
1.068413
1.068417
1.068421
1.068425
1.068429
1.068433
1.068437
1.068441
1.068445
1.068449
1.068453
1.068457
1.068461
1.068465
1.068469
1.068474
1.068478
1.068482
1.068486
1.068490
1.068494
1.068498
1.068502
1.068506
1.068510
1.068514
1.068519
1.068523
1.068527
1.068531
1.068535
1.068539
1.068543
1.068547
1.068551
1.068555
1.068560
1.068564
1.068568
1.068572
1.068576
1.068580
1.068584
1.068588
1.068592
1.068596
1.068601
1.068605
1.068609
1.068613
1.068617
1.068621
1.068625
1.068629
1.068633
1.068637
1.068641
1.068646
1.068650
1.068654
1.068658
1.068662
1.068666
1.068670
1.068674
1.068678
1.068683
1.068687
1.068691
1.068695
1.068699
1.068703
1.068707
1.068711
1.068715
1.068719
1.068724
1.068728
1.068732
1.068736
1.068740
1.068744
1.068748
1.068752
1.068756
1.068760
1.068765
1.068769
1.068773
1.068777
1.068781
1.068785
1.068789
1.068793
1.068797
1.068801
1.068805
1.068810
1.068814
1.068818
1.068822
1.068826
1.068830
1.068834
1.068838
1.068842
1.068846
1.068851
1.068855
1.068859
1.068863
1.068867
1.068871
1.068875
1.068879
1.068883
1.068887
1.068892
1.068896
1.068900
1.068904
1.068908
1.068912
1.068916
1.068920
1.068924
1.068928
1.068933
1.068937
1.068941
1.068945
1.068949
1.068953
1.068957
1.068961
1.068965
1.068969
1.068974
1.068978
1.068982
1.068986
1.068990
1.068994
1.068998
1.069002
1.069006
1.069010
1.069015
1.069019
1.069023
1.069027
1.069031
1.069035
1.069039
1.069043
1.069047
1.069051
1.069055
1.069060
1.069064
1.069068
1.069072
1.069076
1.069080
1.069084
1.069088
1.069092
1.069096
1.069101
1.069105
1.069109
1.069113
1.069117
1.069121
1.069125
1.069129
1.069133
1.069137
1.069142
1.069146
1.069150
1.069154
1.069158
1.069162
1.069166
1.069170
1.069174
1.069178
1.069183
1.069187
1.069191
1.069195
1.069199
1.069203
1.069207
1.069211
1.069215
1.069219
1.069224
1.069228
1.069232
1.069236
1.069240
1.069244
1.069248
1.069252
1.069256
1.069260
1.069265
1.069269
1.069273
1.069277
1.069281
1.069285
1.069289
1.069293
1.069297
1.069301
1.069306
1.069310
1.069314
1.069318
1.069322
1.069326
1.069330
1.069334
1.069338
1.069342
1.069347
1.069351
1.069355
1.069359
1.069363
1.069367
1.069371
1.069375
1.069379
1.069383
1.069388
1.069392
1.069396
1.069400
1.069404
1.069408
1.069412
1.069416
1.069420
1.069424
1.069429
1.069433
1.069437
1.069441
1.069445
1.069449
1.069453
1.069457
1.069461
1.069465
1.069470
1.069474
1.069478
1.069482
1.069486
1.069490
1.069494
1.069498
1.069502
1.069506
1.069511
1.069515
1.069519
1.069523
1.069527
1.069531
1.069535
1.069539
1.069543
1.069548
1.069552
1.069556
1.069560
1.069564
1.069568
1.069572
1.069576
1.069580
1.069584
1.069588
1.069593
1.069597
1.069601
1.069605
1.069609
1.069613
1.069617
1.069621
1.069625
1.069629
1.069634
1.069638
1.069642
1.069646
1.069650
1.069654
1.069658
1.069662
1.069666
1.069670
1.069675
1.069679
1.069683
1.069687
1.069691
1.069695
1.069699
1.069703
1.069707
1.069711
1.069716
1.069720
1.069724
1.069728
1.069732
1.069736
1.069740
1.069744
1.069748
1.069753
1.069757
1.069761
1.069765
1.069769
1.069773
1.069777
1.069781
1.069785
1.069789
1.069793
1.069798
1.069802
1.069806
1.069810
1.069814
1.069818
1.069822
1.069826
1.069830
1.069835
1.069839
1.069843
1.069847
1.069851
1.069855
1.069859
1.069863
1.069867
1.069871
1.069876
1.069880
1.069884
1.069888
1.069892
1.069896
1.069900
1.069904
1.069908
1.069912
1.069917
1.069921
1.069925
1.069929
1.069933
1.069937
1.069941
1.069945
1.069949
1.069953
1.069958
1.069962
1.069966
1.069970
1.069974
1.069978
1.069982
1.069986
1.069990
1.069994
1.069999
1.070003
1.070007
1.070011
1.070015
1.070019
1.070023
1.070027
1.070031
1.070035
1.070040
1.070044
1.070048
1.070052
1.070056
1.070060
1.070064
1.070068
1.070072
1.070077
1.070081
1.070085
1.070089
1.070093
1.070097
1.070101
1.070105
1.070109
1.070113
1.070118
1.070122
1.070126
1.070130
1.070134
1.070138
1.070142
1.070146
1.070150
1.070154
1.070159
1.070163
1.070167
1.070171
1.070175
1.070179
1.070183
1.070187
1.070191
1.070195
1.070200
1.070204
1.070208
1.070212
1.070216
1.070220
1.070224
1.070228
1.070232
1.070237
1.070241
1.070245
1.070249
1.070253
1.070257
1.070261
1.070265
1.070269
1.070273
1.070278
1.070282
1.070286
1.070290
1.070294
1.070298
1.070302
1.070306
1.070310
1.070314
1.070319
1.070323
1.070327
1.070331
1.070335
1.070339
1.070343
1.070347
1.070351
1.070355
1.070360
1.070364
1.070368
1.070372
1.070376
1.070380
1.070384
1.070388
1.070392
1.070397
1.070401
1.070405
1.070409
1.070413
1.070417
1.070421
1.070425
1.070429
1.070433
1.070438
1.070442
1.070446
1.070450
1.070454
1.070458
1.070462
1.070466
1.070470
1.070474
1.070479
1.070483
1.070487
1.070491
1.070495
1.070499
1.070503
1.070507
1.070511
1.070515
1.070520
1.070524
1.070528
1.070532
1.070536
1.070540
1.070544
1.070548
1.070552
1.070557
1.070561
1.070565
1.070569
1.070573
1.070577
1.070581
1.070585
1.070589
1.070593
1.070598
1.070602
1.070606
1.070610
1.070614
1.070618
1.070622
1.070626
1.070630
1.070635
1.070639
1.070643
1.070647
1.070651
1.070655
1.070659
1.070663
1.070667
1.070671
1.070676
1.070680
1.070684
1.070688
1.070692
1.070696
1.070700
1.070704
1.070708
1.070712
1.070717
1.070721
1.070725
1.070729
1.070733
1.070737
1.070741
1.070745
1.070749
1.070753
1.070758
1.070762
1.070766
1.070770
1.070774
1.070778
1.070782
1.070786
1.070790
1.070795
1.070799
1.070803
1.070807
1.070811
1.070815
1.070819
1.070823
1.070827
1.070831
1.070836
1.070840
1.070844
1.070848
1.070852
1.070856
1.070860
1.070864
1.070868
1.070872
1.070877
1.070881
1.070885
1.070889
1.070893
1.070897
1.070901
1.070905
1.070909
1.070914
1.070918
1.070922
1.070926
1.070930
1.070934
1.070938
1.070942
1.070946
1.070951
1.070955
1.070959
1.070963
1.070967
1.070971
1.070975
1.070979
1.070983
1.070987
1.070992
1.070996
1.071000
1.071004
1.071008
1.071012
1.071016
1.071020
1.071024
1.071028
1.071033
1.071037
1.071041
1.071045
1.071049
1.071053
1.071057
1.071061
1.071065
1.071070
1.071074
1.071078
1.071082
1.071086
1.071090
1.071094
1.071098
1.071102
1.071106
1.071111
1.071115
1.071119
1.071123
1.071127
1.071131
1.071135
1.071139
1.071143
1.071148
1.071152
1.071156
1.071160
1.071164
1.071168
1.071172
1.071176
1.071180
1.071184
1.071189
1.071193
1.071197
1.071201
1.071205
1.071209
1.071213
1.071217
1.071221
1.071226
1.071230
1.071234
1.071238
1.071242
1.071246
1.071250
1.071254
1.071258
1.071262
1.071267
1.071271
1.071275
1.071279
1.071283
1.071287
1.071291
1.071295
1.071299
1.071304
1.071308
1.071312
1.071316
1.071320
1.071324
1.071328
1.071332
1.071336
1.071340
1.071345
1.071349
1.071353
1.071357
1.071361
1.071365
1.071369
1.071373
1.071377
1.071382
1.071386
1.071390
1.071394
1.071398
1.071402
1.071406
1.071410
1.071414
1.071418
1.071423
1.071427
1.071431
1.071435
1.071439
1.071443
1.071447
1.071451
1.071455
1.071460
1.071464
1.071468
1.071472
1.071476
1.071480
1.071484
1.071488
1.071492
1.071496
1.071501
1.071505
1.071509
1.071513
1.071517
1.071521
1.071525
1.071529
1.071533
1.071538
1.071542
1.071546
1.071550
1.071554
1.071558
1.071562
1.071566
1.071570
1.071574
1.071579
1.071583
1.071587
1.071591
1.071595
1.071599
1.071603
1.071607
1.071611
1.071616
1.071620
1.071624
1.071628
1.071632
1.071636
1.071640
1.071644
1.071648
1.071652
1.071657
1.071661
1.071665
1.071669
1.071673
1.071677
1.071681
1.071685
1.071689
1.071694
1.071698
1.071702
1.071706
1.071710
1.071714
1.071718
1.071722
1.071726
1.071731
1.071735
1.071739
1.071743
1.071747
1.071751
1.071755
1.071759
1.071763
1.071768
1.071772
1.071776
1.071780
1.071784
1.071788
1.071792
1.071796
1.071800
1.071804
1.071809
1.071813
1.071817
1.071821
1.071825
1.071829
1.071833
1.071837
1.071841
1.071845
1.071850
1.071854
1.071858
1.071862
1.071866
1.071870
1.071874
1.071878
1.071882
1.071887
1.071891
1.071895
1.071899
1.071903
1.071907
1.071911
1.071915
1.071919
1.071924
1.071928
1.071932
1.071936
1.071940
1.071944
1.071948
1.071952
1.071956
1.071960
1.071965
1.071969
1.071973
1.071977
1.071981
1.071985
1.071989
1.071993
1.071997
1.072002
1.072006
1.072010
1.072014
1.072018
1.072022
1.072026
1.072030
1.072034
1.072039
1.072043
1.072047
1.072051
1.072055
1.072059
1.072063
1.072067
1.072071
1.072075
1.072080
1.072084
1.072088
1.072092
1.072096
1.072100
1.072104
1.072108
1.072112
1.072117
1.072121
1.072125
1.072129
1.072133
1.072137
1.072141
1.072145
1.072149
1.072154
1.072158
1.072162
1.072166
1.072170
1.072174
1.072178
1.072182
1.072186
1.072191
1.072195
1.072199
1.072203
1.072207
1.072211
1.072215
1.072219
1.072223
1.072227
1.072232
1.072236
1.072240
1.072244
1.072248
1.072252
1.072256
1.072260
1.072264
1.072269
1.072273
1.072277
1.072281
1.072285
1.072289
1.072293
1.072297
1.072301
1.072306
1.072310
1.072314
1.072318
1.072322
1.072326
1.072330
1.072334
1.072338
1.072342
1.072347
1.072351
1.072355
1.072359
1.072363
1.072367
1.072371
1.072375
1.072379
1.072384
1.072388
1.072392
1.072396
1.072400
1.072404
1.072408
1.072412
1.072416
1.072421
1.072425
1.072429
1.072433
1.072437
1.072441
1.072445
1.072449
1.072453
1.072458
1.072462
1.072466
1.072470
1.072474
1.072478
1.072482
1.072486
1.072490
1.072495
1.072499
1.072503
1.072507
1.072511
1.072515
1.072519
1.072523
1.072527
1.072532
1.072536
1.072540
1.072544
1.072548
1.072552
1.072556
1.072560
1.072564
1.072568
1.072573
1.072577
1.072581
1.072585
1.072589
1.072593
1.072597
1.072601
1.072605
1.072610
1.072614
1.072618
1.072622
1.072626
1.072630
1.072634
1.072638
1.072642
1.072647
1.072651
1.072655
1.072659
1.072663
1.072667
1.072671
1.072675
1.072679
1.072683
1.072688
1.072692
1.072696
1.072700
1.072704
1.072708
1.072712
1.072716
1.072721
1.072725
1.072729
1.072733
1.072737
1.072741
1.072745
1.072749
1.072753
1.072757
1.072762
1.072766
1.072770
1.072774
1.072778
1.072782
1.072786
1.072790
1.072794
1.072799
1.072803
1.072807
1.072811
1.072815
1.072819
1.072823
1.072827
1.072831
1.072836
1.072840
1.072844
1.072848
1.072852
1.072856
1.072860
1.072864
1.072868
1.072873
1.072877
1.072881
1.072885
1.072889
1.072893
1.072897
1.072901
1.072905
1.072910
1.072914
1.072918
1.072922
1.072926
1.072930
1.072934
1.072938
1.072942
1.072946
1.072951
1.072955
1.072959
1.072963
1.072967
1.072971
1.072975
1.072979
1.072983
1.072988
1.072992
1.072996
1.073000
1.073004
1.073008
1.073012
1.073016
1.073020
1.073025
1.073029
1.073033
1.073037
1.073041
1.073045
1.073049
1.073053
1.073057
1.073062
1.073066
1.073070
1.073074
1.073078
1.073082
1.073086
1.073090
1.073094
1.073099
1.073103
1.073107
1.073111
1.073115
1.073119
1.073123
1.073127
1.073131
1.073136
1.073140
1.073144
1.073148
1.073152
1.073156
1.073160
1.073164
1.073168
1.073173
1.073177
1.073181
1.073185
1.073189
1.073193
1.073197
1.073201
1.073205
1.073210
1.073214
1.073218
1.073222
1.073226
1.073230
1.073234
1.073238
1.073242
1.073247
1.073251
1.073255
1.073259
1.073263
1.073267
1.073271
1.073275
1.073279
1.073284
1.073288
1.073292
1.073296
1.073300
1.073304
1.073308
1.073312
1.073316
1.073321
1.073325
1.073329
1.073333
1.073337
1.073341
1.073345
1.073349
1.073353
1.073358
1.073362
1.073366
1.073370
1.073374
1.073378
1.073382
1.073386
1.073390
1.073395
1.073399
1.073403
1.073407
1.073411
1.073415
1.073419
1.073423
1.073427
1.073432
1.073436
1.073440
1.073444
1.073448
1.073452
1.073456
1.073460
1.073464
1.073469
1.073473
1.073477
1.073481
1.073485
1.073489
1.073493
1.073497
1.073501
1.073506
1.073510
1.073514
1.073518
1.073522
1.073526
1.073530
1.073534
1.073538
1.073543
1.073547
1.073551
1.073555
1.073559
1.073563
1.073567
1.073571
1.073575
1.073580
1.073584
1.073588
1.073592
1.073596
1.073600
1.073604
1.073608
1.073612
1.073617
1.073621
1.073625
1.073629
1.073633
1.073637
1.073641
1.073645
1.073649
1.073654
1.073658
1.073662
1.073666
1.073670
1.073674
1.073678
1.073682
1.073686
1.073690
1.073695
1.073699
1.073703
1.073707
1.073711
1.073715
1.073719
1.073723
1.073728
1.073732
1.073736
1.073740
1.073744
1.073748
1.073752
1.073756
1.073760
1.073765
1.073769
1.073773
1.073777
1.073781
1.073785
1.073789
1.073793
1.073797
1.073802
1.073806
1.073810
1.073814
1.073818
1.073822
1.073826
1.073830
1.073834
1.073839
1.073843
1.073847
1.073851
1.073855
1.073859
1.073863
1.073867
1.073871
1.073876
1.073880
1.073884
1.073888
1.073892
1.073896
1.073900
1.073904
1.073909
1.073913
1.073917
1.073921
1.073925
1.073929
1.073933
1.073937
1.073941
1.073945
1.073950
1.073954
1.073958
1.073962
1.073966
1.073970
1.073974
1.073978
1.073983
1.073987
1.073991
1.073995
1.073999
1.074003
1.074007
1.074011
1.074015
1.074020
1.074024
1.074028
1.074032
1.074036
1.074040
1.074044
1.074048
1.074052
1.074057
1.074061
1.074065
1.074069
1.074073
1.074077
1.074081
1.074085
1.074089
1.074094
1.074098
1.074102
1.074106
1.074110
1.074114
1.074118
1.074122
1.074126
1.074131
1.074135
1.074139
1.074143
1.074147
1.074151
1.074155
1.074159
1.074164
1.074168
1.074172
1.074176
1.074180
1.074184
1.074188
1.074192
1.074196
1.074201
1.074205
1.074209
1.074213
1.074217
1.074221
1.074225
1.074229
1.074233
1.074238
1.074242
1.074246
1.074250
1.074254
1.074258
1.074262
1.074266
1.074270
1.074274
1.074279
1.074283
1.074287
1.074291
1.074295
1.074299
1.074303
1.074307
1.074312
1.074316
1.074320
1.074324
1.074328
1.074332
1.074336
1.074340
1.074344
1.074349
1.074353
1.074357
1.074361
1.074365
1.074369
1.074373
1.074377
1.074382
1.074386
1.074390
1.074394
1.074398
1.074402
1.074406
1.074410
1.074414
1.074419
1.074423
1.074427
1.074431
1.074435
1.074439
1.074443
1.074447
1.074451
1.074456
1.074460
1.074464
1.074468
1.074472
1.074476
1.074480
1.074484
1.074488
1.074493
1.074497
1.074501
1.074505
1.074509
1.074513
1.074517
1.074521
1.074525
1.074530
1.074534
1.074538
1.074542
1.074546
1.074550
1.074554
1.074558
1.074563
1.074567
1.074571
1.074575
1.074579
1.074583
1.074587
1.074591
1.074595
1.074600
1.074604
1.074608
1.074612
1.074616
1.074620
1.074624
1.074628
1.074632
1.074637
1.074641
1.074645
1.074649
1.074653
1.074657
1.074661
1.074665
1.074669
1.074674
1.074678
1.074682
1.074686
1.074690
1.074694
1.074698
1.074702
1.074707
1.074711
1.074715
1.074719
1.074723
1.074727
1.074731
1.074735
1.074739
1.074744
1.074748
1.074752
1.074756
1.074760
1.074764
1.074768
1.074772
1.074776
1.074781
1.074785
1.074789
1.074793
1.074797
1.074801
1.074805
1.074809
1.074813
1.074818
1.074822
1.074826
1.074830
1.074834
1.074838
1.074842
1.074846
1.074851
1.074855
1.074859
1.074863
1.074867
1.074871
1.074875
1.074879
1.074883
1.074888
1.074892
1.074896
1.074900
1.074904
1.074908
1.074912
1.074916
1.074920
1.074925
1.074929
1.074933
1.074937
1.074941
1.074945
1.074949
1.074953
1.074958
1.074962
1.074966
1.074970
1.074974
1.074978
1.074982
1.074986
1.074990
1.074994
1.074999
1.075003
1.075007
1.075011
1.075015
1.075019
1.075023
1.075027
1.075032
1.075036
1.075040
1.075044
1.075048
1.075052
1.075056
1.075060
1.075064
1.075069
1.075073
1.075077
1.075081
1.075085
1.075089
1.075093
1.075097
1.075102
1.075106
1.075110
1.075114
1.075118
1.075122
1.075126
1.075130
1.075134
1.075139
1.075143
1.075147
1.075151
1.075155
1.075159
1.075163
1.075167
1.075171
1.075176
1.075180
1.075184
1.075188
1.075192
1.075196
1.075200
1.075204
1.075209
1.075213
1.075217
1.075221
1.075225
1.075229
1.075233
1.075237
1.075241
1.075246
1.075250
1.075254
1.075258
1.075262
1.075266
1.075270
1.075274
1.075278
1.075283
1.075287
1.075291
1.075295
1.075299
1.075303
1.075307
1.075311
1.075316
1.075320
1.075324
1.075328
1.075332
1.075336
1.075340
1.075344
1.075349
1.075353
1.075357
1.075361
1.075365
1.075369
1.075373
1.075377
1.075381
1.075385
1.075390
1.075394
1.075398
1.075402
1.075406
1.075410
1.075414
1.075418
1.075423
1.075427
1.075431
1.075435
1.075439
1.075443
1.075447
1.075451
1.075456
1.075460
1.075464
1.075468
1.075472
1.075476
1.075480
1.075484
1.075488
1.075493
1.075497
1.075501
1.075505
1.075509
1.075513
1.075517
1.075521
1.075526
1.075530
1.075534
1.075538
1.075542
1.075546
1.075550
1.075554
1.075558
1.075563
1.075567
1.075571
1.075575
1.075579
1.075583
1.075587
1.075591
1.075595
1.075600
1.075604
1.075608
1.075612
1.075616
1.075620
1.075624
1.075628
1.075633
1.075637
1.075641
1.075645
1.075649
1.075653
1.075657
1.075661
1.075665
1.075670
1.075674
1.075678
1.075682
1.075686
1.075690
1.075694
1.075698
1.075702
1.075707
1.075711
1.075715
1.075719
1.075723
1.075727
1.075731
1.075735
1.075740
1.075744
1.075748
1.075752
1.075756
1.075760
1.075764
1.075768
1.075773
1.075777
1.075781
1.075785
1.075789
1.075793
1.075797
1.075801
1.075805
1.075810
1.075814
1.075818
1.075822
1.075826
1.075830
1.075834
1.075838
1.075843
1.075847
1.075851
1.075855
1.075859
1.075863
1.075867
1.075871
1.075875
1.075880
1.075884
1.075888
1.075892
1.075896
1.075900
1.075904
1.075908
1.075913
1.075917
1.075921
1.075925
1.075929
1.075933
1.075937
1.075941
1.075945
1.075950
1.075954
1.075958
1.075962
1.075966
1.075970
1.075974
1.075978
1.075982
1.075987
1.075991
1.075995
1.075999
1.076003
1.076007
1.076011
1.076015
1.076020
1.076024
1.076028
1.076032
1.076036
1.076040
1.076044
1.076048
1.076052
1.076057
1.076061
1.076065
1.076069
1.076073
1.076077
1.076081
1.076085
1.076090
1.076094
1.076098
1.076102
1.076106
1.076110
1.076114
1.076118
1.076123
1.076127
1.076131
1.076135
1.076139
1.076143
1.076147
1.076151
1.076155
1.076160
1.076164
1.076168
1.076172
1.076176
1.076180
1.076184
1.076188
1.076193
1.076197
1.076201
1.076205
1.076209
1.076213
1.076217
1.076221
1.076226
1.076230
1.076234
1.076238
1.076242
1.076246
1.076250
1.076254
1.076258
1.076263
1.076267
1.076271
1.076275
1.076279
1.076283
1.076287
1.076291
1.076296
1.076300
1.076304
1.076308
1.076312
1.076316
1.076320
1.076324
1.076328
1.076333
1.076337
1.076341
1.076345
1.076349
1.076353
1.076357
1.076361
1.076366
1.076370
1.076374
1.076378
1.076382
1.076386
1.076390
1.076394
1.076398
1.076403
1.076407
1.076411
1.076415
1.076419
1.076423
1.076427
1.076431
1.076436
1.076440
1.076444
1.076448
1.076452
1.076456
1.076460
1.076464
1.076469
1.076473
1.076477
1.076481
1.076485
1.076489
1.076493
1.076497
1.076501
1.076506
1.076510
1.076514
1.076518
1.076522
1.076526
1.076530
1.076534
1.076539
1.076543
1.076547
1.076551
1.076555
1.076559
1.076563
1.076567
1.076572
1.076576
1.076580
1.076584
1.076588
1.076592
1.076596
1.076600
1.076604
1.076609
1.076613
1.076617
1.076621
1.076625
1.076629
1.076633
1.076637
1.076642
1.076646
1.076650
1.076654
1.076658
1.076662
1.076666
1.076670
1.076675
1.076679
1.076683
1.076687
1.076691
1.076695
1.076699
1.076703
1.076707
1.076712
1.076716
1.076720
1.076724
1.076728
1.076732
1.076736
1.076740
1.076744
1.076749
1.076753
1.076757
1.076761
1.076765
1.076769
1.076773
1.076777
1.076782
1.076786
1.076790
1.076794
1.076798
1.076802
1.076806
1.076810
1.076815
1.076819
1.076823
1.076827
1.076831
1.076835
1.076839
1.076843
1.076848
1.076852
1.076856
1.076860
1.076864
1.076868
1.076872
1.076876
1.076880
1.076885
1.076889
1.076893
1.076897
1.076901
1.076905
1.076909
1.076913
1.076918
1.076922
1.076926
1.076930
1.076934
1.076938
1.076942
1.076946
1.076951
1.076955
1.076959
1.076963
1.076967
1.076971
1.076975
1.076979
1.076984
1.076988
1.076992
1.076996
1.077000
1.077004
1.077008
1.077012
1.077016
1.077021
1.077025
1.077029
1.077033
1.077037
1.077041
1.077045
1.077049
1.077054
1.077058
1.077062
1.077066
1.077070
1.077074
1.077078
1.077082
1.077086
1.077091
1.077095
1.077099
1.077103
1.077107
1.077111
1.077115
1.077120
1.077124
1.077128
1.077132
1.077136
1.077140
1.077144
1.077148
1.077152
1.077157
1.077161
1.077165
1.077169
1.077173
1.077177
1.077181
1.077185
1.077190
1.077194
1.077198
1.077202
1.077206
1.077210
1.077214
1.077218
1.077223
1.077227
1.077231
1.077235
1.077239
1.077243
1.077247
1.077251
1.077255
1.077260
1.077264
1.077268
1.077272
1.077276
1.077280
1.077284
1.077288
1.077293
1.077297
1.077301
1.077305
1.077309
1.077313
1.077317
1.077321
1.077326
1.077330
1.077334
1.077338
1.077342
1.077346
1.077350
1.077354
1.077359
1.077363
1.077367
1.077371
1.077375
1.077379
1.077383
1.077387
1.077392
1.077396
1.077400
1.077404
1.077408
1.077412
1.077416
1.077420
1.077424
1.077429
1.077433
1.077437
1.077441
1.077445
1.077449
1.077453
1.077457
1.077462
1.077466
1.077470
1.077474
1.077478
1.077482
1.077486
1.077490
1.077495
1.077499
1.077503
1.077507
1.077511
1.077515
1.077519
1.077523
1.077528
1.077532
1.077536
1.077540
1.077544
1.077548
1.077552
1.077556
1.077560
1.077565
1.077569
1.077573
1.077577
1.077581
1.077585
1.077589
1.077593
1.077598
1.077602
1.077606
1.077610
1.077614
1.077618
1.077622
1.077626
1.077631
1.077635
1.077639
1.077643
1.077647
1.077651
1.077655
1.077659
1.077664
1.077668
1.077672
1.077676
1.077680
1.077684
1.077688
1.077692
1.077697
1.077701
1.077705
1.077709
1.077713
1.077717
1.077721
1.077725
1.077730
1.077734
1.077738
1.077742
1.077746
1.077750
1.077754
1.077758
1.077763
1.077767
1.077771
1.077775
1.077779
1.077783
1.077787
1.077791
1.077796
1.077800
1.077804
1.077808
1.077812
1.077816
1.077820
1.077824
1.077828
1.077833
1.077837
1.077841
1.077845
1.077849
1.077853
1.077857
1.077861
1.077866
1.077870
1.077874
1.077878
1.077882
1.077886
1.077890
1.077894
1.077899
1.077903
1.077907
1.077911
1.077915
1.077919
1.077923
1.077927
1.077932
1.077936
1.077940
1.077944
1.077948
1.077952
1.077956
1.077960
1.077965
1.077969
1.077973
1.077977
1.077981
1.077985
1.077989
1.077993
1.077998
1.078002
1.078006
1.078010
1.078014
1.078018
1.078022
1.078026
1.078031
1.078035
1.078039
1.078043
1.078047
1.078051
1.078055
1.078059
1.078063
1.078068
1.078072
1.078076
1.078080
1.078084
1.078088
1.078092
1.078096
1.078101
1.078105
1.078109
1.078113
1.078117
1.078121
1.078125
1.078130
1.078134
1.078138
1.078142
1.078146
1.078150
1.078154
1.078158
1.078162
1.078167
1.078171
1.078175
1.078179
1.078183
1.078187
1.078191
1.078195
1.078200
1.078204
1.078208
1.078212
1.078216
1.078220
1.078224
1.078228
1.078233
1.078237
1.078241
1.078245
1.078249
1.078253
1.078257
1.078261
1.078266
1.078270
1.078274
1.078278
1.078282
1.078286
1.078290
1.078294
1.078299
1.078303
1.078307
1.078311
1.078315
1.078319
1.078323
1.078327
1.078332
1.078336
1.078340
1.078344
1.078348
1.078352
1.078356
1.078360
1.078365
1.078369
1.078373
1.078377
1.078381
1.078385
1.078389
1.078393
1.078398
1.078402
1.078406
1.078410
1.078414
1.078418
1.078422
1.078426
1.078431
1.078435
1.078439
1.078443
1.078447
1.078451
1.078455
1.078459
1.078464
1.078468
1.078472
1.078476
1.078480
1.078484
1.078488
1.078492
1.078497
1.078501
1.078505
1.078509
1.078513
1.078517
1.078521
1.078525
1.078530
1.078534
1.078538
1.078542
1.078546
1.078550
1.078554
1.078558
1.078563
1.078567
1.078571
1.078575
1.078579
1.078583
1.078587
1.078591
1.078596
1.078600
1.078604
1.078608
1.078612
1.078616
1.078620
1.078624
1.078629
1.078633
1.078637
1.078641
1.078645
1.078649
1.078653
1.078657
1.078662
1.078666
1.078670
1.078674
1.078678
1.078682
1.078686
1.078690
1.078695
1.078699
1.078703
1.078707
1.078711
1.078715
1.078719
1.078723
1.078728
1.078732
1.078736
1.078740
1.078744
1.078748
1.078752
1.078756
1.078761
1.078765
1.078769
1.078773
1.078777
1.078781
1.078785
1.078789
1.078794
1.078798
1.078802
1.078806
1.078810
1.078814
1.078818
1.078822
1.078826
1.078831
1.078835
1.078839
1.078843
1.078847
1.078851
1.078855
1.078860
1.078864
1.078868
1.078872
1.078876
1.078880
1.078884
1.078888
1.078893
1.078897
1.078901
1.078905
1.078909
1.078913
1.078917
1.078921
1.078926
1.078930
1.078934
1.078938
1.078942
1.078946
1.078950
1.078954
1.078959
1.078963
1.078967
1.078971
1.078975
1.078979
1.078983
1.078987
1.078992
1.078996
1.079000
1.079004
1.079008
1.079012
1.079016
1.079020
1.079025
1.079029
1.079033
1.079037
1.079041
1.079045
1.079049
1.079053
1.079058
1.079062
1.079066
1.079070
1.079074
1.079078
1.079082
1.079086
1.079091
1.079095
1.079099
1.079103
1.079107
1.079111
1.079115
1.079119
1.079124
1.079128
1.079132
1.079136
1.079140
1.079144
1.079148
1.079153
1.079157
1.079161
1.079165
1.079169
1.079173
1.079177
1.079181
1.079185
1.079190
1.079194
1.079198
1.079202
1.079206
1.079210
1.079214
1.079219
1.079223
1.079227
1.079231
1.079235
1.079239
1.079243
1.079247
1.079252
1.079256
1.079260
1.079264
1.079268
1.079272
1.079276
1.079280
1.079285
1.079289
1.079293
1.079297
1.079301
1.079305
1.079309
1.079313
1.079318
1.079322
1.079326
1.079330
1.079334
1.079338
1.079342
1.079346
1.079351
1.079355
1.079359
1.079363
1.079367
1.079371
1.079375
1.079379
1.079384
1.079388
1.079392
1.079396
1.079400
1.079404
1.079408
1.079412
1.079417
1.079421
1.079425
1.079429
1.079433
1.079437
1.079441
1.079446
1.079450
1.079454
1.079458
1.079462
1.079466
1.079470
1.079474
1.079479
1.079483
1.079487
1.079491
1.079495
1.079499
1.079503
1.079508
1.079512
1.079516
1.079520
1.079524
1.079528
1.079532
1.079536
1.079540
1.079545
1.079549
1.079553
1.079557
1.079561
1.079565
1.079569
1.079573
1.079578
1.079582
1.079586
1.079590
1.079594
1.079598
1.079602
1.079606
1.079611
1.079615
1.079619
1.079623
1.079627
1.079631
1.079635
1.079640
1.079644
1.079648
1.079652
1.079656
1.079660
1.079664
1.079668
1.079673
1.079677
1.079681
1.079685
1.079689
1.079693
1.079697
1.079701
1.079706
1.079710
1.079714
1.079718
1.079722
1.079726
1.079730
1.079734
1.079739
1.079743
1.079747
1.079751
1.079755
1.079759
1.079763
1.079767
1.079772
1.079776
1.079780
1.079784
1.079788
1.079792
1.079796
1.079800
1.079805
1.079809
1.079813
1.079817
1.079821
1.079825
1.079829
1.079834
1.079838
1.079842
1.079846
1.079850
1.079854
1.079858
1.079862
1.079867
1.079871
1.079875
1.079879
1.079883
1.079887
1.079891
1.079895
1.079900
1.079904
1.079908
1.079912
1.079916
1.079920
1.079924
1.079929
1.079933
1.079937
1.079941
1.079945
1.079949
1.079953
1.079957
1.079961
1.079966
1.079970
1.079974
1.079978
1.079982
1.079986
1.079990
1.079995
1.079999
1.080003
1.080007
1.080011
1.080015
1.080019
1.080023
1.080028
1.080032
1.080036
1.080040
1.080044
1.080048
1.080052
1.080056
1.080061
1.080065
1.080069
1.080073
1.080077
1.080081
1.080085
1.080089
1.080094
1.080098
1.080102
1.080106
1.080110
1.080114
1.080118
1.080123
1.080127
1.080131
1.080135
1.080139
1.080143
1.080147
1.080151
1.080156
1.080160
1.080164
1.080168
1.080172
1.080176
1.080180
1.080184
1.080189
1.080193
1.080197
1.080201
1.080205
1.080209
1.080213
1.080218
1.080222
1.080226
1.080230
1.080234
1.080238
1.080242
1.080246
1.080251
1.080255
1.080259
1.080263
1.080267
1.080271
1.080275
1.080279
1.080284
1.080288
1.080292
1.080296
1.080300
1.080304
1.080308
1.080312
1.080317
1.080321
1.080325
1.080329
1.080333
1.080337
1.080341
1.080346
1.080350
1.080354
1.080358
1.080362
1.080366
1.080370
1.080374
1.080379
1.080383
1.080387
1.080391
1.080395
1.080399
1.080403
1.080408
1.080412
1.080416
1.080420
1.080424
1.080428
1.080432
1.080436
1.080440
1.080445
1.080449
1.080453
1.080457
1.080461
1.080465
1.080469
1.080474
1.080478
1.080482
1.080486
1.080490
1.080494
1.080498
1.080503
1.080507
1.080511
1.080515
1.080519
1.080523
1.080527
1.080531
1.080536
1.080540
1.080544
1.080548
1.080552
1.080556
1.080560
1.080564
1.080569
1.080573
1.080577
1.080581
1.080585
1.080589
1.080593
1.080597
1.080602
1.080606
1.080610
1.080614
1.080618
1.080622
1.080626
1.080631
1.080635
1.080639
1.080643
1.080647
1.080651
1.080655
1.080659
1.080664
1.080668
1.080672
1.080676
1.080680
1.080684
1.080688
1.080692
1.080697
1.080701
1.080705
1.080709
1.080713
1.080717
1.080721
1.080725
1.080730
1.080734
1.080738
1.080742
1.080746
1.080750
1.080754
1.080759
1.080763
1.080767
1.080771
1.080775
1.080779
1.080783
1.080787
1.080792
1.080796
1.080800
1.080804
1.080808
1.080812
1.080816
1.080821
1.080825
1.080829
1.080833
1.080837
1.080841
1.080845
1.080849
1.080854
1.080858
1.080862
1.080866
1.080870
1.080874
1.080878
1.080882
1.080887
1.080891
1.080895
1.080899
1.080903
1.080907
1.080911
1.080916
1.080920
1.080924
1.080928
1.080932
1.080936
1.080940
1.080944
1.080949
1.080953
1.080957
1.080961
1.080965
1.080969
1.080973
1.080977
1.080982
1.080986
1.080990
1.080994
1.080998
1.081002
1.081006
1.081011
1.081015
1.081019
1.081023
1.081027
1.081031
1.081035
1.081039
1.081044
1.081048
1.081052
1.081056
1.081060
1.081064
1.081068
1.081072
1.081077
1.081081
1.081085
1.081089
1.081093
1.081097
1.081101
1.081106
1.081110
1.081114
1.081118
1.081122
1.081126
1.081130
1.081134
1.081139
1.081143
1.081147
1.081151
1.081155
1.081159
1.081163
1.081168
1.081172
1.081176
1.081180
1.081184
1.081188
1.081192
1.081196
1.081201
1.081205
1.081209
1.081213
1.081217
1.081221
1.081225
1.081230
1.081234
1.081238
1.081242
1.081246
1.081250
1.081254
1.081258
1.081263
1.081267
1.081271
1.081275
1.081279
1.081283
1.081287
1.081292
1.081296
1.081300
1.081304
1.081308
1.081312
1.081316
1.081320
1.081325
1.081329
1.081333
1.081337
1.081341
1.081345
1.081349
1.081353
1.081358
1.081362
1.081366
1.081370
1.081374
1.081378
1.081382
1.081387
1.081391
1.081395
1.081399
1.081403
1.081407
1.081411
1.081415
1.081420
1.081424
1.081428
1.081432
1.081436
1.081440
1.081444
1.081449
1.081453
1.081457
1.081461
1.081465
1.081469
1.081473
1.081477
1.081482
1.081486
1.081490
1.081494
1.081498
1.081502
1.081506
1.081511
1.081515
1.081519
1.081523
1.081527
1.081531
1.081535
1.081539
1.081544
1.081548
1.081552
1.081556
1.081560
1.081564
1.081568
1.081573
1.081577
1.081581
1.081585
1.081589
1.081593
1.081597
1.081601
1.081606
1.081610
1.081614
1.081618
1.081622
1.081626
1.081630
1.081634
1.081639
1.081643
1.081647
1.081651
1.081655
1.081659
1.081664
1.081668
1.081672
1.081676
1.081680
1.081684
1.081688
1.081692
1.081697
1.081701
1.081705
1.081709
1.081713
1.081717
1.081721
1.081725
1.081730
1.081734
1.081738
1.081742
1.081746
1.081750
1.081754
1.081758
1.081763
1.081767
1.081771
1.081775
1.081779
1.081783
1.081787
1.081792
1.081796
1.081800
1.081804
1.081808
1.081812
1.081816
1.081821
1.081825
1.081829
1.081833
1.081837
1.081841
1.081845
1.081849
1.081854
1.081858
1.081862
1.081866
1.081870
1.081874
1.081878
1.081883
1.081887
1.081891
1.081895
1.081899
1.081903
1.081907
1.081912
1.081916
1.081920
1.081924
1.081928
1.081932
1.081936
1.081940
1.081945
1.081949
1.081953
1.081957
1.081961
1.081965
1.081969
1.081973
1.081978
1.081982
1.081986
1.081990
1.081994
1.081998
1.082002
1.082007
1.082011
1.082015
1.082019
1.082023
1.082027
1.082031
1.082036
1.082040
1.082044
1.082048
1.082052
1.082056
1.082060
1.082064
1.082069
1.082073
1.082077
1.082081
1.082085
1.082089
1.082093
1.082097
1.082102
1.082106
1.082110
1.082114
1.082118
1.082122
1.082126
1.082131
1.082135
1.082139
1.082143
1.082147
1.082151
1.082155
1.082160
1.082164
1.082168
1.082172
1.082176
1.082180
1.082184
1.082188
1.082193
1.082197
1.082201
1.082205
1.082209
1.082213
1.082217
1.082222
1.082226
1.082230
1.082234
1.082238
1.082242
1.082246
1.082250
1.082255
1.082259
1.082263
1.082267
1.082271
1.082275
1.082279
1.082284
1.082288
1.082292
1.082296
1.082300
1.082304
1.082308
1.082313
1.082317
1.082321
1.082325
1.082329
1.082333
1.082337
1.082341
1.082346
1.082350
1.082354
1.082358
1.082362
1.082366
1.082370
1.082375
1.082379
1.082383
1.082387
1.082391
1.082395
1.082399
1.082403
1.082408
1.082412
1.082416
1.082420
1.082424
1.082428
1.082432
1.082437
1.082441
1.082445
1.082449
1.082453
1.082457
1.082461
1.082466
1.082470
1.082474
1.082478
1.082482
1.082486
1.082490
1.082494
1.082499
1.082503
1.082507
1.082511
1.082515
1.082519
1.082523
1.082528
1.082532
1.082536
1.082540
1.082544
1.082548
1.082552
1.082556
1.082561
1.082565
1.082569
1.082573
1.082577
1.082581
1.082585
1.082590
1.082594
1.082598
1.082602
1.082606
1.082610
1.082614
1.082619
1.082623
1.082627
1.082631
1.082635
1.082639
1.082643
1.082647
1.082651
1.082656
1.082660
1.082664
1.082668
1.082672
1.082676
1.082680
1.082685
1.082689
1.082693
1.082697
1.082701
1.082705
1.082709
1.082714
1.082718
1.082722
1.082726
1.082730
1.082734
1.082738
1.082742
1.082747
1.082751
1.082755
1.082759
1.082763
1.082767
1.082771
1.082776
1.082780
1.082784
1.082788
1.082792
1.082796
1.082800
1.082804
1.082809
1.082813
1.082817
1.082821
1.082825
1.082829
1.082833
1.082838
1.082842
1.082846
1.082850
1.082854
1.082858
1.082862
1.082867
1.082871
1.082875
1.082879
1.082883
1.082887
1.082891
1.082895
1.082900
1.082904
1.082908
1.082912
1.082916
1.082920
1.082924
1.082928
1.082933
1.082937
1.082941
1.082945
1.082949
1.082953
1.082957
1.082961
1.082966
1.082970
1.082974
1.082978
1.082982
1.082986
1.082990
1.082995
1.082999
1.083003
1.083007
1.083011
1.083015
1.083019
1.083024
1.083028
1.083032
1.083036
1.083040
1.083044
1.083048
1.083052
1.083057
1.083061
1.083065
1.083069
1.083073
1.083077
1.083081
1.083086
1.083090
1.083094
1.083098
1.083102
1.083106
1.083110
1.083114
1.083119
1.083123
1.083127
1.083131
1.083135
1.083139
1.083143
1.083148
1.083152
1.083156
1.083160
1.083164
1.083168
1.083172
1.083176
1.083181
1.083185
1.083189
1.083193
1.083197
1.083201
1.083205
1.083210
1.083214
1.083218
1.083222
1.083226
1.083230
1.083234
1.083239
1.083243
1.083247
1.083251
1.083255
1.083259
1.083263
1.083267
1.083272
1.083276
1.083280
1.083284
1.083288
1.083292
1.083296
1.083300
1.083305
1.083309
1.083313
1.083317
1.083321
1.083325
1.083329
1.083334
1.083338
1.083342
1.083346
1.083350
1.083354
1.083358
1.083363
1.083367
1.083371
1.083375
1.083379
1.083383
1.083387
1.083391
1.083396
1.083400
1.083404
1.083408
1.083412
1.083416
1.083420
1.083425
1.083429
1.083433
1.083437
1.083441
1.083445
1.083449
1.083453
1.083457
1.083461
1.083465
1.083469
1.083473
1.083477
1.083481
1.083485
1.083489
1.083493
1.083497
1.083501
1.083505
1.083509
1.083513
1.083517
1.083521
1.083525
1.083529
1.083533
1.083537
1.083541
1.083545
1.083549
1.083553
1.083557
1.083561
1.083565
1.083569
1.083573
1.083577
1.083581
1.083585
1.083589
1.083593
1.083597
1.083601
1.083605
1.083609
1.083613
1.083617
1.083621
1.083625
1.083629
1.083633
1.083637
1.083641
1.083645
1.083650
1.083653
1.083657
1.083661
1.083665
1.083669
1.083673
1.083677
1.083682
1.083686
1.083690
1.083694
1.083698
1.083702
1.083706
1.083710
1.083714
1.083718
1.083722
1.083726
1.083730
1.083734
1.083738
1.083742
1.083746
1.083750
1.083754
1.083758
1.083762
1.083766
1.083770
1.083774
1.083778
1.083782
1.083786
1.083790
1.083794
1.083798
1.083802
1.083806
1.083810
1.083814
1.083818
1.083822
1.083826
1.083830
1.083834
1.083838
1.083842
1.083846
1.083850
1.083854
1.083858
1.083862
1.083866
1.083870
1.083874
1.083878
1.083882
1.083886
1.083890
1.083894
1.083898
1.083902
1.083906
1.083910
1.083914
1.083918
1.083922
1.083926
1.083930
1.083934
1.083938
1.083942
1.083946
1.083950
1.083954
1.083958
1.083962
1.083966
1.083970
1.083974
1.083978
1.083982
1.083986
1.083990
1.083994
1.083998
1.084002
1.084006
1.084010
1.084014
1.084018
1.084022
1.084026
1.084030
1.084035
1.084038
1.084042
1.084046
1.084051
1.084055
1.084059
1.084063
1.084067
1.084071
1.084075
1.084079
1.084083
1.084087
1.084091
1.084095
1.084099
1.084103
1.084107
1.084111
1.084115
1.084119
1.084123
1.084127
1.084131
1.084135
1.084139
1.084143
1.084147
1.084151
1.084155
1.084159
1.084163
1.084167
1.084171
1.084175
1.084179
1.084183
1.084187
1.084191
1.084195
1.084199
1.084203
1.084207
1.084211
1.084215
1.084219
1.084223
1.084227
1.084231
1.084235
1.084239
1.084243
1.084247
1.084251
1.084255
1.084259
1.084263
1.084267
1.084271
1.084275
1.084279
1.084283
1.084287
1.084291
1.084295
1.084299
1.084303
1.084307
1.084311
1.084315
1.084319
1.084323
1.084327
1.084331
1.084335
1.084339
1.084343
1.084347
1.084351
1.084355
1.084359
1.084363
1.084367
1.084372
1.084376
1.084380
1.084384
1.084388
1.084392
1.084396
1.084400
1.084404
1.084408
1.084412
1.084416
1.084420
1.084424
1.084428
1.084432
1.084436
1.084440
1.084444
1.084448
1.084452
1.084456
1.084460
1.084464
1.084468
1.084472
1.084476
1.084480
1.084484
1.084488
1.084492
1.084496
1.084500
1.084504
1.084508
1.084512
1.084516
1.084520
1.084524
1.084528
1.084532
1.084536
1.084540
1.084544
1.084548
1.084552
1.084556
1.084560
1.084564
1.084568
1.084572
1.084576
1.084580
1.084584
1.084588
1.084592
1.084596
1.084600
1.084604
1.084608
1.084612
1.084616
1.084620
1.084624
1.084628
1.084632
1.084636
1.084640
1.084644
1.084648
1.084652
1.084656
1.084660
1.084664
1.084668
1.084672
1.084676
1.084681
1.084685
1.084688
1.084693
1.084697
1.084701
1.084705
1.084709
1.084713
1.084717
1.084721
1.084725
1.084729
1.084733
1.084737
1.084741
1.084745
1.084749
1.084753
1.084757
1.084761
1.084765
1.084769
1.084773
1.084777
1.084781
1.084785
1.084789
1.084793
1.084797
1.084801
1.084805
1.084809
1.084813
1.084817
1.084821
1.084825
1.084829
1.084833
1.084837
1.084841
1.084845
1.084849
1.084853
1.084857
1.084861
1.084865
1.084869
1.084873
1.084877
1.084881
1.084885
1.084889
1.084893
1.084897
1.084901
1.084905
1.084909
1.084913
1.084917
1.084921
1.084925
1.084929
1.084933
1.084937
1.084941
1.084945
1.084949
1.084953
1.084957
1.084961
1.084966
1.084970
1.084973
1.084978
1.084982
1.084986
1.084990
1.084994
1.084998
1.085002
1.085006
1.085010
1.085014
1.085018
1.085022
1.085026
1.085030
1.085034
1.085038
1.085042
1.085046
1.085050
1.085054
1.085058
1.085062
1.085066
1.085070
1.085074
1.085078
1.085082
1.085086
1.085090
1.085094
1.085098
1.085102
1.085106
1.085110
1.085114
1.085118
1.085122
1.085126
1.085130
1.085134
1.085138
1.085142
1.085146
1.085150
1.085154
1.085158
1.085162
1.085166
1.085170
1.085174
1.085178
1.085182
1.085186
1.085190
1.085194
1.085198
1.085202
1.085206
1.085210
1.085214
1.085218
1.085222
1.085226
1.085230
1.085234
1.085238
1.085242
1.085246
1.085250
1.085255
1.085259
1.085263
1.085266
1.085271
1.085275
1.085279
1.085283
1.085287
1.085291
1.085295
1.085299
1.085303
1.085307
1.085311
1.085315
1.085319
1.085323
1.085327
1.085331
1.085335
1.085339
1.085343
1.085347
1.085351
1.085355
1.085359
1.085363
1.085367
1.085371
1.085375
1.085379
1.085383
1.085387
1.085391
1.085395
1.085399
1.085403
1.085407
1.085411
1.085415
1.085419
1.085423
1.085427
1.085431
1.085435
1.085439
1.085443
1.085447
1.085451
1.085455
1.085459
1.085463
1.085467
1.085471
1.085475
1.085479
1.085483
1.085487
1.085491
1.085495
1.085499
1.085503
1.085507
1.085512
1.085516
1.085520
1.085524
1.085528
1.085532
1.085536
1.085540
1.085544
1.085548
1.085552
1.085556
1.085560
1.085564
1.085568
1.085572
1.085576
1.085580
1.085584
1.085588
1.085592
1.085596
1.085600
1.085604
1.085608
1.085612
1.085616
1.085620
1.085624
1.085628
1.085632
1.085636
1.085640
1.085644
1.085648
1.085652
1.085656
1.085660
1.085664
1.085668
1.085672
1.085676
1.085680
1.085684
1.085688
1.085692
1.085696
1.085700
1.085704
1.085708
1.085712
1.085716
1.085720
1.085724
1.085728
1.085732
1.085736
1.085740
1.085744
1.085748
1.085752
1.085756
1.085760
1.085764
1.085768
1.085773
1.085777
1.085781
1.085785
1.085789
1.085793
1.085797
1.085801
1.085805
1.085809
1.085813
1.085817
1.085821
1.085825
1.085829
1.085833
1.085837
1.085841
1.085845
1.085849
1.085853
1.085857
1.085861
1.085865
1.085869
1.085873
1.085877
1.085881
1.085885
1.085889
1.085893
1.085897
1.085901
1.085905
1.085909
1.085913
1.085917
1.085921
1.085925
1.085929
1.085933
1.085937
1.085941
1.085945
1.085949
1.085953
1.085957
1.085961
1.085965
1.085969
1.085973
1.085977
1.085981
1.085985
1.085989
1.085993
1.085997
1.086001
1.086005
1.086010
1.086013
1.086018
1.086022
1.086026
1.086030
1.086034
1.086038
1.086042
1.086046
1.086050
1.086054
1.086058
1.086062
1.086066
1.086070
1.086074
1.086078
1.086082
1.086086
1.086090
1.086094
1.086098
1.086102
1.086106
1.086110
1.086114
1.086118
1.086122
1.086126
1.086130
1.086134
1.086138
1.086142
1.086146
1.086150
1.086154
1.086158
1.086162
1.086166
1.086170
1.086174
1.086178
1.086182
1.086186
1.086190
1.086194
1.086198
1.086202
1.086206
1.086210
1.086214
1.086218
1.086222
1.086226
1.086230
1.086234
1.086238
1.086242
1.086247
1.086251
1.086255
1.086259
1.086263
1.086267
1.086271
1.086275
1.086279
1.086283
1.086287
1.086291
1.086295
1.086299
1.086303
1.086307
1.086311
1.086315
1.086319
1.086323
1.086327
1.086331
1.086335
1.086339
1.086343
1.086347
1.086351
1.086355
1.086359
1.086363
1.086367
1.086371
1.086375
1.086379
1.086383
1.086387
1.086391
1.086395
1.086399
1.086403
1.086407
1.086411
1.086415
1.086419
1.086423
1.086427
1.086431
1.086435
1.086439
1.086443
1.086447
1.086451
1.086455
1.086459
1.086463
1.086468
1.086471
1.086476
1.086480
1.086484
1.086488
1.086492
1.086496
1.086500
1.086504
1.086508
1.086512
1.086516
1.086520
1.086524
1.086528
1.086532
1.086536
1.086540
1.086544
1.086548
1.086552
1.086556
1.086560
1.086564
1.086568
1.086572
1.086576
1.086580
1.086584
1.086588
1.086592
1.086596
1.086600
1.086604
1.086608
1.086612
1.086616
1.086620
1.086624
1.086628
1.086632
1.086636
1.086640
1.086644
1.086648
1.086652
1.086656
1.086660
1.086664
1.086668
1.086672
1.086676
1.086681
1.086685
1.086688
1.086693
1.086697
1.086701
1.086705
1.086709
1.086713
1.086717
1.086721
1.086725
1.086729
1.086733
1.086737
1.086741
1.086745
1.086749
1.086753
1.086757
1.086761
1.086765
1.086769
1.086773
1.086777
1.086781
1.086785
1.086789
1.086793
1.086797
1.086801
1.086805
1.086809
1.086813
1.086817
1.086821
1.086825
1.086829
1.086833
1.086837
1.086841
1.086845
1.086849
1.086853
1.086857
1.086861
1.086865
1.086869
1.086873
1.086877
1.086881
1.086885
1.086889
1.086893
1.086897
1.086901
1.086906
1.086910
1.086914
1.086918
1.086922
1.086926
1.086930
1.086934
1.086938
1.086942
1.086946
1.086950
1.086954
1.086958
1.086962
1.086966
1.086970
1.086974
1.086978
1.086982
1.086986
1.086990
1.086994
1.086998
1.087002
1.087006
1.087010
1.087014
1.087018
1.087022
1.087026
1.087030
1.087034
1.087038
1.087042
1.087046
1.087050
1.087054
1.087058
1.087062
1.087066
1.087070
1.087074
1.087078
1.087082
1.087086
1.087090
1.087094
1.087098
1.087102
1.087107
1.087111
1.087115
1.087119
1.087123
1.087127
1.087131
1.087135
1.087139
1.087143
1.087147
1.087151
1.087155
1.087159
1.087163
1.087167
1.087171
1.087175
1.087179
1.087183
1.087187
1.087191
1.087195
1.087199
1.087203
1.087207
1.087211
1.087215
1.087219
1.087223
1.087227
1.087231
1.087235
1.087239
1.087243
1.087247
1.087251
1.087255
1.087259
1.087263
1.087267
1.087271
1.087275
1.087279
1.087283
1.087287
1.087291
1.087295
1.087299
1.087303
1.087307
1.087312
1.087316
1.087320
1.087324
1.087328
1.087332
1.087336
1.087340
1.087344
1.087348
1.087352
1.087356
1.087360
1.087364
1.087368
1.087372
1.087376
1.087380
1.087384
1.087388
1.087392
1.087396
1.087400
1.087404
1.087408
1.087412
1.087416
1.087420
1.087424
1.087428
1.087432
1.087436
1.087440
1.087444
1.087448
1.087452
1.087456
1.087460
1.087464
1.087468
1.087472
1.087476
1.087480
1.087484
1.087488
1.087492
1.087497
1.087501
1.087505
1.087509
1.087513
1.087517
1.087521
1.087525
1.087529
1.087533
1.087537
1.087541
1.087545
1.087549
1.087553
1.087557
1.087561
1.087565
1.087569
1.087573
1.087577
1.087581
1.087585
1.087589
1.087593
1.087597
1.087601
1.087605
1.087609
1.087613
1.087617
1.087621
1.087625
1.087629
1.087633
1.087637
1.087641
1.087645
1.087649
1.087653
1.087657
1.087661
1.087665
1.087669
1.087673
1.087677
1.087681
1.087685
1.087689
1.087694
1.087698
1.087702
1.087706
1.087710
1.087714
1.087718
1.087722
1.087726
1.087730
1.087734
1.087738
1.087742
1.087746
1.087750
1.087754
1.087758
1.087762
1.087766
1.087770
1.087774
1.087778
1.087782
1.087786
1.087790
1.087794
1.087798
1.087802
1.087806
1.087810
1.087814
1.087818
1.087822
1.087826
1.087830
1.087834
1.087838
1.087842
1.087846
1.087850
1.087854
1.087858
1.087862
1.087866
1.087870
1.087875
1.087879
1.087883
1.087887
1.087891
1.087895
1.087899
1.087903
1.087907
1.087911
1.087915
1.087919
1.087923
1.087927
1.087931
1.087935
1.087939
1.087943
1.087947
1.087951
1.087955
1.087959
1.087963
1.087967
1.087971
1.087975
1.087979
1.087983
1.087987
1.087991
1.087995
1.087999
1.088003
1.088007
1.088011
1.088015
1.088019
1.088023
1.088027
1.088031
1.088035
1.088039
1.088043
1.088047
1.088051
1.088055
1.088059
1.088064
1.088068
1.088072
1.088076
1.088080
1.088084
1.088088
1.088092
1.088096
1.088100
1.088104
1.088108
1.088112
1.088116
1.088120
1.088124
1.088128
1.088132
1.088136
1.088140
1.088144
1.088148
1.088152
1.088156
1.088160
1.088164
1.088168
1.088172
1.088176
1.088180
1.088184
1.088188
1.088192
1.088196
1.088200
1.088204
1.088208
1.088212
1.088216
1.088220
1.088224
1.088228
1.088232
1.088236
1.088240
1.088245
1.088249
1.088253
1.088257
1.088261
1.088265
1.088269
1.088273
1.088277
1.088281
1.088285
1.088289
1.088293
1.088297
1.088301
1.088305
1.088309
1.088313
1.088317
1.088321
1.088325
1.088329
1.088333
1.088337
1.088341
1.088345
1.088349
1.088353
1.088357
1.088361
1.088365
1.088369
1.088373
1.088377
1.088381
1.088385
1.088389
1.088393
1.088397
1.088401
1.088405
1.088409
1.088413
1.088418
1.088421
1.088426
1.088430
1.088434
1.088438
1.088442
1.088446
1.088450
1.088454
1.088458
1.088462
1.088466
1.088470
1.088474
1.088478
1.088482
1.088486
1.088490
1.088494
1.088498
1.088502
1.088506
1.088510
1.088514
1.088518
1.088522
1.088526
1.088530
1.088534
1.088538
1.088542
1.088546
1.088550
1.088554
1.088558
1.088562
1.088566
1.088570
1.088574
1.088578
1.088582
1.088586
1.088591
1.088595
1.088599
1.088603
1.088607
1.088611
1.088615
1.088619
1.088623
1.088627
1.088631
1.088635
1.088639
1.088643
1.088647
1.088651
1.088655
1.088659
1.088663
1.088667
1.088671
1.088675
1.088679
1.088683
1.088687
1.088691
1.088695
1.088699
1.088703
1.088707
1.088711
1.088715
1.088719
1.088723
1.088727
1.088731
1.088735
1.088739
1.088743
1.088747
1.088751
1.088755
1.088759
1.088764
1.088768
1.088772
1.088776
1.088780
1.088784
1.088788
1.088792
1.088796
1.088800
1.088804
1.088808
1.088812
1.088816
1.088820
1.088824
1.088828
1.088832
1.088836
1.088840
1.088844
1.088848
1.088852
1.088856
1.088860
1.088864
1.088868
1.088872
1.088876
1.088880
1.088884
1.088888
1.088892
1.088896
1.088900
1.088904
1.088908
1.088912
1.088916
1.088920
1.088924
1.088929
1.088933
1.088937
1.088941
1.088945
1.088949
1.088953
1.088957
1.088961
1.088965
1.088969
1.088973
1.088977
1.088981
1.088985
1.088989
1.088993
1.088997
1.089001
1.089005
1.089009
1.089013
1.089017
1.089021
1.089025
1.089029
1.089033
1.089037
1.089040
1.089044
1.089047
1.089051
1.089054
1.089058
1.089061
1.089065
1.089068
1.089072
1.089075
1.089078
1.089082
1.089085
1.089089
1.089092
1.089096
1.089099
1.089103
1.089106
1.089110
1.089113
1.089117
1.089120
1.089124
1.089127
1.089131
1.089134
1.089138
1.089141
1.089145
1.089148
1.089152
1.089155
1.089159
1.089162
1.089165
1.089169
1.089172
1.089176
1.089179
1.089183
1.089186
1.089190
1.089193
1.089197
1.089200
1.089204
1.089207
1.089211
1.089214
1.089218
1.089221
1.089225
1.089228
1.089232
1.089235
1.089239
1.089242
1.089246
1.089249
1.089253
1.089256
1.089259
1.089263
1.089266
1.089270
1.089273
1.089277
1.089280
1.089284
1.089287
1.089291
1.089294
1.089298
1.089301
1.089305
1.089308
1.089312
1.089315
1.089319
1.089322
1.089326
1.089329
1.089333
1.089336
1.089340
1.089343
1.089347
1.089350
1.089354
1.089357
1.089360
1.089364
1.089367
1.089371
1.089374
1.089378
1.089381
1.089385
1.089388
1.089392
1.089395
1.089399
1.089402
1.089406
1.089409
1.089413
1.089416
1.089420
1.089423
1.089427
1.089430
1.089434
1.089437
1.089441
1.089444
1.089448
1.089451
1.089454
1.089458
1.089461
1.089465
1.089468
1.089472
1.089475
1.089479
1.089482
1.089486
1.089489
1.089493
1.089496
1.089500
1.089503
1.089507
1.089510
1.089514
1.089517
1.089521
1.089524
1.089528
1.089531
1.089535
1.089538
1.089542
1.089545
1.089548
1.089552
1.089555
1.089559
1.089562
1.089566
1.089569
1.089573
1.089576
1.089580
1.089583
1.089587
1.089590
1.089594
1.089597
1.089601
1.089604
1.089608
1.089611
1.089615
1.089618
1.089622
1.089625
1.089629
1.089632
1.089636
1.089639
1.089643
1.089646
1.089649
1.089653
1.089656
1.089660
1.089663
1.089667
1.089670
1.089674
1.089677
1.089681
1.089684
1.089688
1.089691
1.089695
1.089698
1.089702
1.089705
1.089709
1.089712
1.089716
1.089719
1.089723
1.089726
1.089730
1.089733
1.089737
1.089740
1.089744
1.089747
1.089751
1.089754
1.089757
1.089761
1.089764
1.089768
1.089771
1.089775
1.089778
1.089782
1.089785
1.089789
1.089792
1.089796
1.089799
1.089803
1.089806
1.089810
1.089813
1.089817
1.089820
1.089824
1.089827
1.089831
1.089834
1.089838
1.089841
1.089845
1.089848
1.089852
1.089855
1.089858
1.089862
1.089865
1.089869
1.089872
1.089876
1.089879
1.089883
1.089886
1.089890
1.089893
1.089897
1.089900
1.089904
1.089907
1.089911
1.089914
1.089918
1.089921
1.089925
1.089928
1.089932
1.089935
1.089939
1.089942
1.089946
1.089949
1.089953
1.089956
1.089959
1.089963
1.089966
1.089970
1.089973
1.089977
1.089980
1.089984
1.089987
1.089991
1.089994
1.089998
1.090001
1.090005
1.090008
1.090012
1.090015
1.090019
1.090022
1.090026
1.090029
1.090033
1.090036
1.090040
1.090043
1.090047
1.090050
1.090054
1.090057
1.090061
1.090064
1.090068
1.090071
1.090074
1.090078
1.090081
1.090085
1.090088
1.090092
1.090095
1.090099
1.090102
1.090106
1.090109
1.090113
1.090116
1.090120
1.090123
1.090127
1.090130
1.090134
1.090137
1.090141
1.090144
1.090148
1.090151
1.090155
1.090158
1.090162
1.090165
1.090168
1.090172
1.090175
1.090179
1.090182
1.090186
1.090189
1.090193
1.090196
1.090200
1.090203
1.090207
1.090210
1.090214
1.090217
1.090221
1.090224
1.090228
1.090231
1.090235
1.090238
1.090242
1.090245
1.090249
1.090252
1.090256
1.090259
1.090263
1.090266
1.090270
1.090273
1.090277
1.090280
1.090284
1.090287
1.090290
1.090294
1.090297
1.090301
1.090304
1.090308
1.090311
1.090315
1.090318
1.090322
1.090325
1.090329
1.090332
1.090336
1.090339
1.090343
1.090346
1.090350
1.090353
1.090357
1.090360
1.090364
1.090367
1.090371
1.090374
1.090378
1.090381
1.090385
1.090388
1.090391
1.090395
1.090398
1.090402
1.090405
1.090409
1.090412
1.090416
1.090419
1.090423
1.090426
1.090430
1.090433
1.090437
1.090440
1.090444
1.090447
1.090451
1.090454
1.090458
1.090461
1.090465
1.090468
1.090472
1.090475
1.090479
1.090482
1.090486
1.090489
1.090493
1.090496
1.090500
1.090503
1.090507
1.090510
1.090514
1.090517
1.090520
1.090524
1.090527
1.090531
1.090534
1.090538
1.090541
1.090545
1.090548
1.090552
1.090555
1.090559
1.090562
1.090566
1.090569
1.090573
1.090576
1.090580
1.090583
1.090587
1.090590
1.090594
1.090597
1.090601
1.090604
1.090608
1.090611
1.090615
1.090618
1.090622
1.090625
1.090628
1.090632
1.090636
1.090639
1.090642
1.090646
1.090649
1.090653
1.090656
1.090660
1.090663
1.090667
1.090670
1.090674
1.090677
1.090681
1.090684
1.090688
1.090691
1.090695
1.090698
1.090702
1.090705
1.090709
1.090712
1.090716
1.090719
1.090723
1.090726
1.090730
1.090733
1.090737
1.090740
1.090744
1.090747
1.090750
1.090754
1.090758
1.090761
1.090764
1.090768
1.090771
1.090775
1.090778
1.090782
1.090785
1.090789
1.090792
1.090796
1.090799
1.090803
1.090806
1.090810
1.090813
1.090817
1.090820
1.090824
1.090827
1.090831
1.090834
1.090838
1.090841
1.090845
1.090848
1.090852
1.090855
1.090859
1.090862
1.090865
1.090869
1.090873
1.090876
1.090879
1.090883
1.090886
1.090890
1.090893
1.090897
1.090900
1.090904
1.090907
1.090911
1.090914
1.090918
1.090921
1.090925
1.090928
1.090932
1.090935
1.090939
1.090942
1.090946
1.090949
1.090953
1.090956
1.090960
1.090963
1.090967
1.090970
1.090974
1.090977
1.090981
1.090984
1.090988
1.090991
1.090994
1.090998
1.091001
1.091005
1.091008
1.091012
1.091015
1.091019
1.091022
1.091026
1.091029
1.091033
1.091036
1.091040
1.091043
1.091047
1.091050
1.091054
1.091057
1.091061
1.091064
1.091068
1.091071
1.091075
1.091078
1.091082
1.091085
1.091089
1.091092
1.091096
1.091099
1.091103
1.091106
1.091110
1.091113
1.091117
1.091120
1.091123
1.091127
1.091130
1.091134
1.091137
1.091141
1.091144
1.091148
1.091151
1.091155
1.091158
1.091162
1.091165
1.091169
1.091172
1.091176
1.091179
1.091183
1.091186
1.091190
1.091193
1.091197
1.091200
1.091204
1.091207
1.091211
1.091214
1.091218
1.091221
1.091225
1.091228
1.091232
1.091235
1.091239
1.091242
1.091246
1.091249
1.091252
1.091256
1.091259
1.091263
1.091266
1.091270
1.091273
1.091277
1.091280
1.091284
1.091287
1.091291
1.091294
1.091298
1.091301
1.091305
1.091308
1.091312
1.091315
1.091319
1.091322
1.091326
1.091329
1.091333
1.091336
1.091340
1.091343
1.091347
1.091350
1.091354
1.091357
1.091361
1.091364
1.091368
1.091371
1.091375
1.091378
1.091382
1.091385
1.091388
1.091392
1.091395
1.091399
1.091402
1.091406
1.091409
1.091413
1.091416
1.091420
1.091423
1.091427
1.091430
1.091434
1.091437
1.091441
1.091444
1.091448
1.091451
1.091455
1.091458
1.091462
1.091465
1.091469
1.091472
1.091476
1.091479
1.091483
1.091486
1.091490
1.091493
1.091497
1.091500
1.091504
1.091507
1.091511
1.091514
1.091518
1.091521
1.091525
1.091528
1.091531
1.091535
1.091539
1.091542
1.091545
1.091549
1.091552
1.091556
1.091559
1.091563
1.091566
1.091570
1.091573
1.091577
1.091580
1.091584
1.091587
1.091591
1.091594
1.091598
1.091601
1.091605
1.091608
1.091612
1.091615
1.091619
1.091622
1.091626
1.091629
1.091633
1.091636
1.091640
1.091643
1.091647
1.091650
1.091654
1.091657
1.091661
1.091664
1.091668
1.091671
1.091674
1.091678
1.091681
1.091685
1.091688
1.091692
1.091695
1.091699
1.091702
1.091706
1.091709
1.091713
1.091716
1.091720
1.091723
1.091727
1.091730
1.091734
1.091737
1.091741
1.091744
1.091748
1.091751
1.091755
1.091758
1.091762
1.091765
1.091769
1.091772
1.091776
1.091779
1.091783
1.091786
1.091790
1.091793
1.091797
1.091800
1.091804
1.091807
1.091811
1.091814
1.091817
1.091821
1.091824
1.091828
1.091831
1.091835
1.091838
1.091842
1.091845
1.091849
1.091852
1.091856
1.091859
1.091863
1.091866
1.091870
1.091873
1.091877
1.091880
1.091884
1.091887
1.091891
1.091894
1.091898
1.091901
1.091905
1.091908
1.091912
1.091915
1.091919
1.091922
1.091926
1.091929
1.091933
1.091936
1.091940
1.091943
1.091947
1.091950
1.091954
1.091957
1.091960
1.091964
1.091967
1.091971
1.091974
1.091978
1.091981
1.091985
1.091988
1.091992
1.091995
1.091999
1.092002
1.092006
1.092009
1.092013
1.092016
1.092020
1.092023
1.092027
1.092030
1.092034
1.092037
1.092041
1.092044
1.092048
1.092051
1.092055
1.092058
1.092062
1.092065
1.092069
1.092072
1.092076
1.092079
1.092083
1.092086
1.092090
1.092093
1.092097
1.092100
1.092104
1.092107
1.092111
1.092114
1.092118
1.092121
1.092125
1.092128
1.092131
1.092135
1.092138
1.092142
1.092145
1.092149
1.092152
1.092156
1.092159
1.092163
1.092166
1.092170
1.092173
1.092177
1.092180
1.092184
1.092187
1.092191
1.092194
1.092198
1.092201
1.092205
1.092208
1.092212
1.092215
1.092219
1.092222
1.092226
1.092229
1.092233
1.092236
1.092240
1.092243
1.092247
1.092250
1.092254
1.092257
1.092261
1.092264
1.092268
1.092271
1.092275
1.092278
1.092282
1.092285
1.092289
1.092292
1.092295
1.092299
1.092302
1.092306
1.092309
1.092313
1.092316
1.092320
1.092323
1.092327
1.092330
1.092334
1.092337
1.092341
1.092344
1.092348
1.092351
1.092355
1.092358
1.092362
1.092365
1.092369
1.092372
1.092376
1.092379
1.092383
1.092386
1.092390
1.092393
1.092397
1.092400
1.092404
1.092407
1.092411
1.092414
1.092418
1.092421
1.092425
1.092428
1.092432
1.092435
1.092439
1.092442
1.092445
1.092449
1.092453
1.092456
1.092460
1.092463
1.092466
1.092470
1.092473
1.092477
1.092480
1.092484
1.092487
1.092491
1.092494
1.092498
1.092501
1.092505
1.092508
1.092512
1.092515
1.092519
1.092522
1.092526
1.092529
1.092533
1.092536
1.092540
1.092543
1.092547
1.092550
1.092554
1.092557
1.092561
1.092564
1.092568
1.092571
1.092575
1.092578
1.092582
1.092585
1.092589
1.092592
1.092596
1.092599
1.092603
1.092606
1.092610
1.092613
1.092617
1.092620
1.092624
1.092627
1.092631
1.092634
1.092638
1.092641
1.092645
1.092648
1.092651
1.092655
1.092658
1.092662
1.092665
1.092669
1.092672
1.092676
1.092679
1.092683
1.092686
1.092690
1.092693
1.092697
1.092700
1.092704
1.092707
1.092711
1.092714
1.092718
1.092721
1.092725
1.092728
1.092732
1.092735
1.092739
1.092742
1.092746
1.092749
1.092753
1.092756
1.092760
1.092763
1.092767
1.092770
1.092774
1.092777
1.092781
1.092784
1.092788
1.092791
1.092795
1.092798
1.092802
1.092805
1.092809
1.092812
1.092815
1.092819
1.092822
1.092826
1.092829
1.092833
1.092837
1.092840
1.092843
1.092847
1.092850
1.092854
1.092857
1.092861
1.092864
1.092868
1.092871
1.092875
1.092878
1.092882
1.092885
1.092889
1.092892
1.092896
1.092899
1.092903
1.092906
1.092910
1.092913
1.092917
1.092920
1.092924
1.092927
1.092931
1.092934
1.092938
1.092941
1.092944
1.092947
1.092950
1.092953
1.092956
1.092959
1.092962
1.092965
1.092968
1.092971
1.092974
1.092977
1.092980
1.092983
1.092986
1.092989
1.092992
1.092995
1.092998
1.093001
1.093004
1.093007
1.093009
1.093012
1.093016
1.093018
1.093021
1.093024
1.093027
1.093030
1.093033
1.093036
1.093039
1.093042
1.093045
1.093048
1.093051
1.093054
1.093057
1.093060
1.093063
1.093066
1.093069
1.093072
1.093075
1.093078
1.093081
1.093084
1.093087
1.093090
1.093093
1.093096
1.093099
1.093102
1.093105
1.093108
1.093111
1.093113
1.093116
1.093119
1.093122
1.093125
1.093128
1.093131
1.093134
1.093137
1.093140
1.093143
1.093146
1.093149
1.093152
1.093155
1.093158
1.093161
1.093164
1.093167
1.093170
1.093173
1.093176
1.093179
1.093182
1.093185
1.093188
1.093191
1.093194
1.093197
1.093200
1.093203
1.093206
1.093209
1.093212
1.093215
1.093217
1.093220
1.093224
1.093226
1.093229
1.093232
1.093235
1.093238
1.093241
1.093244
1.093247
1.093250
1.093253
1.093256
1.093259
1.093262
1.093265
1.093268
1.093271
1.093274
1.093277
1.093280
1.093283
1.093286
1.093289
1.093292
1.093295
1.093298
1.093301
1.093304
1.093307
1.093310
1.093313
1.093316
1.093319
1.093322
1.093325
1.093327
1.093330
1.093333
1.093336
1.093339
1.093342
1.093345
1.093348
1.093351
1.093354
1.093357
1.093360
1.093363
1.093366
1.093369
1.093372
1.093375
1.093378
1.093381
1.093384
1.093387
1.093390
1.093393
1.093396
1.093399
1.093402
1.093405
1.093408
1.093411
1.093414
1.093417
1.093420
1.093423
1.093425
1.093429
1.093431
1.093434
1.093437
1.093440
1.093443
1.093446
1.093449
1.093452
1.093455
1.093458
1.093461
1.093464
1.093467
1.093470
1.093473
1.093476
1.093479
1.093482
1.093485
1.093488
1.093491
1.093494
1.093497
1.093500
1.093503
1.093506
1.093509
1.093512
1.093515
1.093518
1.093521
1.093524
1.093527
1.093530
1.093532
1.093536
1.093538
1.093541
1.093544
1.093547
1.093550
1.093553
1.093556
1.093559
1.093562
1.093565
1.093568
1.093571
1.093574
1.093577
1.093580
1.093583
1.093586
1.093589
1.093592
1.093595
1.093598
1.093601
1.093604
1.093607
1.093610
1.093613
1.093616
1.093619
1.093622
1.093625
1.093628
1.093631
1.093634
1.093637
1.093640
1.093643
1.093645
1.093648
1.093651
1.093654
1.093657
1.093660
1.093663
1.093666
1.093669
1.093672
1.093675
1.093678
1.093681
1.093684
1.093687
1.093690
1.093693
1.093696
1.093699
1.093702
1.093705
1.093708
1.093711
1.093714
1.093717
1.093720
1.093723
1.093726
1.093729
1.093732
1.093735
1.093738
1.093741
1.093744
1.093747
1.093750
1.093752
1.093755
1.093758
1.093761
1.093764
1.093767
1.093770
1.093773
1.093776
1.093779
1.093782
1.093785
1.093788
1.093791
1.093794
1.093797
1.093800
1.093803
1.093806
1.093809
1.093812
1.093815
1.093818
1.093821
1.093824
1.093827
1.093830
1.093833
1.093836
1.093839
1.093842
1.093845
1.093848
1.093851
1.093854
1.093857
1.093860
1.093863
1.093865
1.093868
1.093871
1.093874
1.093877
1.093880
1.093883
1.093886
1.093889
1.093892
1.093895
1.093898
1.093901
1.093904
1.093907
1.093910
1.093913
1.093916
1.093919
1.093922
1.093925
1.093928
1.093931
1.093934
1.093937
1.093940
1.093943
1.093946
1.093949
1.093952
1.093955
1.093958
1.093961
1.093964
1.093967
1.093969
1.093973
1.093975
1.093978
1.093981
1.093984
1.093987
1.093990
1.093993
1.093996
1.093999
1.094002
1.094005
1.094008
1.094011
1.094014
1.094017
1.094020
1.094023
1.094026
1.094029
1.094032
1.094035
1.094038
1.094041
1.094044
1.094047
1.094050
1.094053
1.094056
1.094059
1.094062
1.094065
1.094068
1.094071
1.094074
1.094077
1.094080
1.094083
1.094086
1.094088
1.094091
1.094094
1.094097
1.094100
1.094103
1.094106
1.094109
1.094112
1.094115
1.094118
1.094121
1.094124
1.094127
1.094130
1.094133
1.094136
1.094139
1.094142
1.094145
1.094148
1.094151
1.094154
1.094157
1.094160
1.094163
1.094166
1.094169
1.094172
1.094175
1.094178
1.094181
1.094184
1.094187
1.094190
1.094193
1.094196
1.094198
1.094201
1.094204
1.094207
1.094210
1.094213
1.094216
1.094219
1.094222
1.094225
1.094228
1.094231
1.094234
1.094237
1.094240
1.094243
1.094246
1.094249
1.094252
1.094255
1.094258
1.094261
1.094264
1.094267
1.094270
1.094273
1.094276
1.094279
1.094282
1.094285
1.094288
1.094291
1.094294
1.094297
1.094300
1.094303
1.094306
1.094309
1.094311
1.094314
1.094317
1.094320
1.094323
1.094326
1.094329
1.094332
1.094335
1.094338
1.094341
1.094344
1.094347
1.094350
1.094353
1.094356
1.094359
1.094362
1.094365
1.094368
1.094371
1.094374
1.094377
1.094380
1.094383
1.094386
1.094389
1.094392
1.094395
1.094398
1.094401
1.094404
1.094407
1.094410
1.094413
1.094416
1.094419
1.094422
1.094424
1.094427
1.094430
1.094433
1.094436
1.094439
1.094442
1.094445
1.094448
1.094451
1.094454
1.094457
1.094460
1.094463
1.094466
1.094469
1.094472
1.094475
1.094478
1.094481
1.094484
1.094487
1.094490
1.094493
1.094496
1.094499
1.094502
1.094505
1.094508
1.094511
1.094514
1.094517
1.094520
1.094523
1.094526
1.094529
1.094532
1.094535
1.094538
1.094541
1.094543
1.094546
1.094549
1.094552
1.094555
1.094558
1.094561
1.094564
1.094567
1.094570
1.094573
1.094576
1.094579
1.094582
1.094585
1.094588
1.094591
1.094594
1.094597
1.094600
1.094603
1.094606
1.094609
1.094612
1.094615
1.094618
1.094621
1.094624
1.094627
1.094630
1.094633
1.094636
1.094639
1.094642
1.094645
1.094648
1.094651
1.094654
1.094657
1.094660
1.094662
1.094666
1.094668
1.094671
1.094674
1.094677
1.094680
1.094683
1.094686
1.094689
1.094692
1.094695
1.094698
1.094701
1.094704
1.094707
1.094710
1.094713
1.094716
1.094719
1.094722
1.094725
1.094728
1.094731
1.094734
1.094737
1.094740
1.094743
1.094746
1.094749
1.094752
1.094755
1.094758
1.094761
1.094764
1.094767
1.094770
1.094773
1.094776
1.094778
1.094782
1.094784
1.094787
1.094790
1.094793
1.094796
1.094799
1.094802
1.094805
1.094808
1.094811
1.094814
1.094817
1.094820
1.094823
1.094826
1.094829
1.094832
1.094835
1.094838
1.094841
1.094844
1.094847
1.094850
1.094853
1.094856
1.094859
1.094862
1.094865
1.094868
1.094871
1.094874
1.094877
1.094880
1.094883
1.094886
1.094889
1.094892
1.094895
1.094898
1.094901
1.094903
1.094906
1.094909
1.094912
1.094915
1.094918
1.094921
1.094924
1.094927
1.094930
1.094933
1.094936
1.094939
1.094942
1.094945
1.094948
1.094951
1.094954
1.094957
1.094960
1.094963
1.094966
1.094969
1.094972
1.094975
1.094978
1.094981
1.094984
1.094987
1.094990
1.094993
1.094996
1.094999
1.095002
1.095005
1.095008
1.095011
1.095014
1.095017
1.095020
1.095022
1.095025
1.095028
1.095031
1.095034
1.095037
1.095040
1.095043
1.095046
1.095049
1.095052
1.095055
1.095058
1.095061
1.095064
1.095067
1.095070
1.095073
1.095076
1.095079
1.095082
1.095085
1.095088
1.095091
1.095094
1.095097
1.095100
1.095103
1.095106
1.095109
1.095112
1.095115
1.095118
1.095121
1.095124
1.095127
1.095130
1.095133
1.095136
1.095139
1.095141
1.095144
1.095147
1.095150
1.095153
1.095156
1.095159
1.095162
1.095165
1.095168
1.095171
1.095174
1.095177
1.095180
1.095183
1.095186
1.095189
1.095192
1.095195
1.095198
1.095201
1.095204
1.095207
1.095210
1.095213
1.095216
1.095219
1.095222
1.095225
1.095228
1.095231
1.095234
1.095237
1.095240
1.095243
1.095246
1.095249
1.095252
1.095255
1.095258
1.095261
1.095264
1.095267
1.095270
1.095272
1.095275
1.095278
1.095281
1.095284
1.095287
1.095290
1.095293
1.095296
1.095299
1.095302
1.095305
1.095308
1.095311
1.095314
1.095317
1.095320
1.095323
1.095326
1.095329
1.095332
1.095335
1.095338
1.095341
1.095344
1.095347
1.095350
1.095353
1.095356
1.095359
1.095362
1.095365
1.095368
1.095371
1.095374
1.095377
1.095380
1.095383
1.095386
1.095389
1.095391
1.095395
1.095398
1.095400
1.095403
1.095406
1.095409
1.095412
1.095415
1.095418
1.095421
1.095424
1.095427
1.095430
1.095433
1.095436
1.095439
1.095442
1.095445
1.095448
1.095451
1.095454
1.095457
1.095460
1.095463
1.095466
1.095469
1.095472
1.095475
1.095478
1.095481
1.095484
1.095487
1.095490
1.095493
1.095496
1.095499
1.095502
1.095505
1.095508
1.095511
1.095514
1.095517
1.095519
1.095522
1.095525
1.095528
1.095531
1.095534
1.095537
1.095540
1.095543
1.095546
1.095549
1.095552
1.095555
1.095558
1.095561
1.095564
1.095567
1.095570
1.095573
1.095576
1.095579
1.095582
1.095585
1.095588
1.095591
1.095594
1.095597
1.095600
1.095603
1.095606
1.095609
1.095612
1.095615
1.095618
1.095621
1.095624
1.095627
1.095630
1.095633
1.095636
1.095639
1.095642
1.095644
1.095647
1.095650
1.095653
1.095656
1.095659
1.095662
1.095665
1.095668
1.095671
1.095674
1.095677
1.095680
1.095683
1.095686
1.095689
1.095692
1.095695
1.095698
1.095701
1.095704
1.095707
1.095710
1.095713
1.095716
1.095719
1.095722
1.095725
1.095728
1.095731
1.095734
1.095737
1.095740
1.095743
1.095746
1.095749
1.095752
1.095755
1.095758
1.095761
1.095764
1.095767
1.095770
1.095773
1.095775
1.095779
1.095781
1.095785
1.095787
1.095790
1.095793
1.095796
1.095799
1.095802
1.095805
1.095808
1.095811
1.095814
1.095817
1.095820
1.095823
1.095826
1.095829
1.095832
1.095835
1.095838
1.095841
1.095844
1.095847
1.095850
1.095853
1.095856
1.095859
1.095862
1.095865
1.095868
1.095871
1.095874
1.095877
1.095880
1.095883
1.095886
1.095889
1.095892
1.095895
1.095898
1.095901
1.095904
1.095907
1.095910
1.095912
1.095915
1.095918
1.095921
1.095924
1.095927
1.095930
1.095933
1.095936
1.095939
1.095942
1.095945
1.095948
1.095951
1.095954
1.095957
1.095960
1.095963
1.095966
1.095969
1.095972
1.095975
1.095978
1.095981
1.095984
1.095987
1.095990
1.095993
1.095996
1.095999
1.096002
1.096005
1.096008
1.096011
1.096014
1.096017
1.096020
1.096023
1.096026
1.096029
1.096032
1.096035
1.096038
1.096041
1.096043
1.096046
1.096049
1.096052
1.096055
1.096058
1.096061
1.096064
1.096067
1.096070
1.096073
1.096076
1.096079
1.096082
1.096085
1.096088
1.096091
1.096094
1.096097
1.096100
1.096103
1.096106
1.096109
1.096112
1.096115
1.096118
1.096121
1.096124
1.096127
1.096130
1.096133
1.096136
1.096139
1.096142
1.096145
1.096148
1.096151
1.096154
1.096157
1.096160
1.096163
1.096166
1.096169
1.096172
1.096175
1.096178
1.096180
1.096183
1.096186
1.096189
1.096192
1.096195
1.096198
1.096201
1.096204
1.096207
1.096210
1.096213
1.096216
1.096219
1.096222
1.096225
1.096228
1.096231
1.096234
1.096237
1.096240
1.096243
1.096246
1.096249
1.096252
1.096255
1.096258
1.096261
1.096264
1.096267
1.096270
1.096273
1.096276
1.096279
1.096282
1.096285
1.096288
1.096291
1.096294
1.096297
1.096300
1.096303
1.096306
1.096309
1.096312
1.096315
1.096317
1.096320
1.096323
1.096326
1.096329
1.096332
1.096335
1.096338
1.096341
1.096344
1.096347
1.096350
1.096353
1.096356
1.096359
1.096362
1.096365
1.096368
1.096371
1.096374
1.096377
1.096380
1.096383
1.096386
1.096389
1.096392
1.096395
1.096398
1.096401
1.096404
1.096407
1.096410
1.096413
1.096416
1.096419
1.096422
1.096425
1.096428
1.096431
1.096434
1.096437
1.096440
1.096443
1.096446
1.096449
1.096452
1.096455
1.096458
1.096460
1.096463
1.096466
1.096469
1.096472
1.096475
1.096478
1.096481
1.096484
1.096487
1.096490
1.096493
1.096496
1.096499
1.096502
1.096505
1.096508
1.096511
1.096514
1.096517
1.096520
1.096523
1.096526
1.096529
1.096532
1.096535
1.096538
1.096541
1.096544
1.096547
1.096550
1.096553
1.096556
1.096559
1.096562
1.096565
1.096568
1.096571
1.096574
1.096577
1.096580
1.096583
1.096586
1.096589
1.096592
1.096595
1.096598
1.096601
1.096603
1.096606
1.096609
1.096612
1.096615
1.096618
1.096621
1.096624
1.096627
1.096630
1.096633
1.096636
1.096639
1.096642
1.096645
1.096648
1.096651
1.096654
1.096657
1.096660
1.096663
1.096666
1.096669
1.096672
1.096675
1.096678
1.096681
1.096684
1.096687
1.096690
1.096693
1.096696
1.096699
1.096702
1.096705
1.096708
1.096711
1.096714
1.096717
1.096720
1.096723
1.096726
1.096729
1.096732
1.096735
1.096738
1.096741
1.096743
1.096746
1.096749
1.096752
1.096755
1.096758
1.096761
1.096764
1.096767
1.096770
1.096773
1.096776
1.096779
1.096782
1.096785
1.096788
1.096791
1.096794
1.096797
1.096800
1.096803
1.096806
1.096809
1.096812
1.096815
1.096818
1.096821
1.096824
1.096827
1.096830
1.096833
1.096836
1.096839
1.096842
1.096845
1.096848
1.096851
1.096854
1.096857
1.096860
1.096863
1.096866
1.096869
1.096872
1.096875
1.096878
1.096881
1.096884
1.096887
1.096890
1.096892
1.096895
1.096898
1.096901
1.096904
1.096907
1.096910
1.096913
1.096916
1.096919
1.096922
1.096925
1.096928
1.096931
1.096934
1.096937
1.096940
1.096943
1.096946
1.096949
1.096952
1.096955
1.096958
1.096961
1.096964
1.096967
1.096970
1.096973
1.096976
1.096979
1.096982
1.096985
1.096988
1.096991
1.096994
1.096997
1.097000
1.097003
1.097006
1.097009
1.097012
1.097015
1.097018
1.097021
1.097024
1.097027
1.097030
1.097033
1.097036
1.097038
1.097042
1.097044
1.097047
1.097050
1.097053
1.097056
1.097059
1.097062
1.097065
1.097068
1.097071
1.097074
1.097077
1.097080
1.097083
1.097086
1.097089
1.097092
1.097095
1.097098
1.097101
1.097104
1.097107
1.097110
1.097113
1.097116
1.097119
1.097122
1.097125
1.097128
1.097131
1.097134
1.097137
1.097140
1.097143
1.097146
1.097149
1.097152
1.097155
1.097158
1.097161
1.097164
1.097167
1.097170
1.097173
1.097176
1.097179
1.097182
1.097185
1.097188
1.097191
1.097193
1.097196
1.097199
1.097202
1.097205
1.097208
1.097211
1.097214
1.097217
1.097220
1.097223
1.097226
1.097229
1.097232
1.097235
1.097238
1.097241
1.097244
1.097247
1.097250
1.097253
1.097256
1.097259
1.097262
1.097265
1.097268
1.097271
1.097274
1.097277
1.097280
1.097283
1.097286
1.097289
1.097292
1.097295
1.097298
1.097301
1.097304
1.097307
1.097310
1.097313
1.097316
1.097318
1.097321
1.097323
1.097326
1.097328
1.097330
1.097333
1.097335
1.097338
1.097340
1.097343
1.097345
1.097348
1.097350
1.097352
1.097355
1.097357
1.097360
1.097362
1.097365
1.097367
1.097369
1.097372
1.097374
1.097377
1.097379
1.097382
1.097384
1.097386
1.097389
1.097391
1.097394
1.097396
1.097399
1.097401
1.097403
1.097406
1.097408
1.097411
1.097413
1.097416
1.097418
1.097420
1.097423
1.097425
1.097428
1.097430
1.097433
1.097435
1.097438
1.097440
1.097442
1.097445
1.097447
1.097450
1.097452
1.097455
1.097457
1.097459
1.097462
1.097464
1.097467
1.097469
1.097472
1.097474
1.097476
1.097479
1.097481
1.097484
1.097486
1.097489
1.097491
1.097493
1.097496
1.097498
1.097501
1.097503
1.097506
1.097508
1.097511
1.097513
1.097515
1.097518
1.097520
1.097523
1.097525
1.097527
1.097530
1.097532
1.097535
1.097537
1.097540
1.097542
1.097545
1.097547
1.097549
1.097552
1.097554
1.097557
1.097559
1.097562
1.097564
1.097566
1.097569
1.097571
1.097574
1.097576
1.097579
1.097581
1.097583
1.097586
1.097588
1.097591
1.097593
1.097596
1.097598
1.097600
1.097603
1.097605
1.097608
1.097610
1.097613
1.097615
1.097618
1.097620
1.097622
1.097625
1.097627
1.097630
1.097632
1.097635
1.097637
1.097639
1.097642
1.097644
1.097647
1.097649
1.097652
1.097654
1.097656
1.097659
1.097661
1.097664
1.097666
1.097669
1.097671
1.097674
1.097676
1.097678
1.097681
1.097683
1.097686
1.097688
1.097690
1.097693
1.097695
1.097698
1.097700
1.097703
1.097705
1.097708
1.097710
1.097712
1.097715
1.097717
1.097720
1.097722
1.097725
1.097727
1.097729
1.097732
1.097734
1.097737
1.097739
1.097742
1.097744
1.097746
1.097749
1.097751
1.097754
1.097756
1.097759
1.097761
1.097763
1.097766
1.097768
1.097771
1.097773
1.097776
1.097778
1.097781
1.097783
1.097785
1.097788
1.097790
1.097793
1.097795
1.097798
1.097800
1.097802
1.097805
1.097807
1.097810
1.097812
1.097815
1.097817
1.097819
1.097822
1.097824
1.097827
1.097829
1.097832
1.097834
1.097836
1.097839
1.097841
1.097844
1.097846
1.097849
1.097851
1.097853
1.097856
1.097858
1.097861
1.097863
1.097866
1.097868
1.097871
1.097873
1.097875
1.097878
1.097880
1.097883
1.097885
1.097888
1.097890
1.097892
1.097895
1.097897
1.097900
1.097902
1.097905
1.097907
1.097909
1.097912
1.097914
1.097917
1.097919
1.097922
1.097924
1.097926
1.097929
1.097931
1.097934
1.097936
1.097939
1.097941
1.097944
1.097946
1.097948
1.097951
1.097953
1.097956
1.097958
1.097961
1.097963
1.097965
1.097968
1.097970
1.097973
1.097975
1.097978
1.097980
1.097982
1.097985
1.097987
1.097990
1.097992
1.097995
1.097997
1.098000
1.098002
1.098004
1.098007
1.098009
1.098012
1.098014
1.098017
1.098019
1.098021
1.098024
1.098026
1.098029
1.098031
1.098034
1.098036
1.098038
1.098041
1.098043
1.098046
1.098048
1.098051
1.098053
1.098055
1.098058
1.098060
1.098063
1.098065
1.098068
1.098070
1.098072
1.098075
1.098077
1.098080
1.098082
1.098085
1.098087
1.098089
1.098092
1.098094
1.098097
1.098099
1.098102
1.098104
1.098107
1.098109
1.098111
1.098114
1.098116
1.098119
1.098121
1.098124
1.098126
1.098128
1.098131
1.098133
1.098136
1.098138
1.098141
1.098143
1.098145
1.098148
1.098150
1.098153
1.098155
1.098158
1.098160
1.098163
1.098165
1.098167
1.098170
1.098172
1.098175
1.098177
1.098180
1.098182
1.098184
1.098187
1.098189
1.098192
1.098194
1.098197
1.098199
1.098202
1.098204
1.098206
1.098209
1.098211
1.098214
1.098216
1.098218
1.098221
1.098223
1.098226
1.098228
1.098231
1.098233
1.098236
1.098238
1.098240
1.098243
1.098245
1.098248
1.098250
1.098253
1.098255
1.098257
1.098260
1.098262
1.098265
1.098267
1.098270
1.098272
1.098274
1.098277
1.098279
1.098282
1.098284
1.098287
1.098289
1.098292
1.098294
1.098296
1.098299
1.098301
1.098304
1.098306
1.098309
1.098311
1.098313
1.098316
1.098318
1.098321
1.098323
1.098326
1.098328
1.098330
1.098333
1.098335
1.098338
1.098340
1.098343
1.098345
1.098347
1.098350
1.098352
1.098355
1.098357
1.098360
1.098362
1.098364
1.098367
1.098369
1.098372
1.098374
1.098377
1.098379
1.098382
1.098384
1.098386
1.098389
1.098391
1.098394
1.098396
1.098399
1.098401
1.098404
1.098406
1.098408
1.098411
1.098413
1.098416
1.098418
1.098421
1.098423
1.098425
1.098428
1.098430
1.098433
1.098435
1.098438
1.098440
1.098442
1.098445
1.098447
1.098450
1.098452
1.098455
1.098457
1.098459
1.098462
1.098464
1.098467
1.098469
1.098472
1.098474
1.098477
1.098479
1.098481
1.098484
1.098486
1.098489
1.098491
1.098494
1.098496
1.098498
1.098501
1.098503
1.098506
1.098508
1.098511
1.098513
1.098515
1.098518
1.098520
1.098523
1.098525
1.098528
1.098530
1.098533
1.098535
1.098537
1.098540
1.098542
1.098545
1.098547
1.098550
1.098552
1.098554
1.098557
1.098559
1.098562
1.098564
1.098567
1.098569
1.098571
1.098574
1.098576
1.098579
1.098581
1.098584
1.098586
1.098588
1.098591
1.098593
1.098596
1.098598
1.098601
1.098603
1.098605
1.098608
1.098610
1.098613
1.098615
1.098618
1.098620
1.098623
1.098625
1.098627
1.098630
1.098632
1.098635
1.098637
1.098640
1.098642
1.098644
1.098647
1.098649
1.098652
1.098654
1.098657
1.098659
1.098661
1.098664
1.098666
1.098669
1.098671
1.098674
1.098676
1.098679
1.098681
1.098683
1.098686
1.098688
1.098691
1.098693
1.098696
1.098698
1.098700
1.098703
1.098705
1.098708
1.098710
1.098713
1.098715
1.098717
1.098720
1.098722
1.098725
1.098727
1.098730
1.098732
1.098735
1.098737
1.098739
1.098742
1.098744
1.098747
1.098749
1.098752
1.098754
1.098756
1.098759
1.098761
1.098764
1.098766
1.098769
1.098771
1.098773
1.098776
1.098778
1.098781
1.098783
1.098786
1.098788
1.098791
1.098793
1.098795
1.098798
1.098800
1.098803
1.098805
1.098808
1.098810
1.098812
1.098815
1.098817
1.098820
1.098822
1.098825
1.098827
1.098829
1.098832
1.098834
1.098837
1.098839
1.098842
1.098844
1.098847
1.098849
1.098851
1.098854
1.098856
1.098859
1.098861
1.098864
1.098866
1.098868
1.098871
1.098873
1.098876
1.098878
1.098881
1.098883
1.098886
1.098888
1.098890
1.098893
1.098895
1.098898
1.098900
1.098903
1.098905
1.098907
1.098910
1.098912
1.098915
1.098917
1.098920
1.098922
1.098924
1.098927
1.098929
1.098932
1.098934
1.098937
1.098939
1.098942
1.098944
1.098946
1.098949
1.098951
1.098954
1.098956
1.098959
1.098961
1.098963
1.098966
1.098968
1.098971
1.098973
1.098976
1.098978
1.098980
1.098983
1.098985
1.098988
1.098990
1.098993
1.098995
1.098997
1.099000
1.099002
1.099005
1.099007
1.099010
1.099012
1.099015
1.099017
1.099019
1.099022
1.099024
1.099027
1.099029
1.099032
1.099034
1.099036
1.099039
1.099041
1.099044
1.099046
1.099049
1.099051
1.099053
1.099056
1.099058
1.099061
1.099063
1.099066
1.099068
1.099071
1.099073
1.099075
1.099078
1.099080
1.099083
1.099085
1.099088
1.099090
1.099092
1.099095
1.099097
1.099100
1.099102
1.099105
1.099107
1.099110
1.099112
1.099114
1.099117
1.099119
1.099122
1.099124
1.099127
1.099129
1.099131
1.099134
1.099136
1.099139
1.099141
1.099144
1.099146
1.099149
1.099151
1.099153
1.099156
1.099158
1.099161
1.099163
1.099166
1.099168
1.099170
1.099173
1.099175
1.099178
1.099180
1.099183
1.099185
1.099187
1.099190
1.099192
1.099195
1.099197
1.099200
1.099202
1.099205
1.099207
1.099209
1.099212
1.099214
1.099217
1.099219
1.099222
1.099224
1.099226
1.099229
1.099231
1.099234
1.099236
1.099239
1.099241
1.099243
1.099246
1.099248
1.099251
1.099253
1.099256
1.099258
1.099261
1.099263
1.099265
1.099268
1.099270
1.099273
1.099275
1.099278
1.099280
1.099282
1.099285
1.099287
1.099290
1.099292
1.099295
1.099297
1.099299
1.099302
1.099304
1.099307
1.099309
1.099312
1.099314
1.099317
1.099319
1.099321
1.099324
1.099326
1.099329
1.099331
1.099334
1.099336
1.099338
1.099341
1.099343
1.099346
1.099348
1.099351
1.099353
1.099356
1.099358
1.099360
1.099363
1.099365
1.099368
1.099370
1.099373
1.099375
1.099377
1.099380
1.099382
1.099385
1.099387
1.099390
1.099392
1.099395
1.099397
1.099399
1.099402
1.099404
1.099407
1.099409
1.099412
1.099414
1.099416
1.099419
1.099421
1.099424
1.099426
1.099429
1.099431
1.099433
1.099436
1.099438
1.099441
1.099443
1.099446
1.099448
1.099450
1.099453
1.099455
1.099458
1.099460
1.099463
1.099465
1.099468
1.099470
1.099472
1.099475
1.099477
1.099480
1.099482
1.099485
1.099487
1.099490
1.099492
1.099494
1.099497
1.099499
1.099502
1.099504
1.099507
1.099509
1.099511
1.099514
1.099516
1.099519
1.099521
1.099524
1.099526
1.099528
1.099531
1.099533
1.099536
1.099538
1.099541
1.099543
1.099546
1.099548
1.099550
1.099553
1.099555
1.099558
1.099560
1.099563
1.099565
1.099567
1.099570
1.099572
1.099575
1.099577
1.099580
1.099582
1.099584
1.099587
1.099589
1.099592
1.099594
1.099597
1.099599
1.099602
1.099604
1.099606
1.099609
1.099611
1.099614
1.099616
1.099619
1.099621
1.099623
1.099626
1.099628
1.099631
1.099633
1.099636
1.099638
1.099641
1.099643
1.099645
1.099648
1.099650
1.099653
1.099655
1.099658
1.099660
1.099662
1.099665
1.099667
1.099670
1.099672
1.099675
1.099677
1.099679
1.099682
1.099684
1.099687
1.099689
1.099692
1.099694
1.099697
1.099699
1.099701
1.099704
1.099706
1.099709
1.099711
1.099714
1.099716
1.099719
1.099721
1.099723
1.099726
1.099728
1.099731
1.099733
1.099736
1.099738
1.099740
1.099743
1.099745
1.099748
1.099750
1.099753
1.099755
1.099757
1.099760
1.099762
1.099765
1.099767
1.099770
1.099772
1.099775
1.099777
1.099779
1.099782
1.099784
1.099787
1.099789
1.099792
1.099794
1.099796
1.099799
1.099801
1.099804
1.099806
1.099809
1.099811
1.099814
1.099816
1.099818
1.099821
1.099823
1.099826
1.099828
1.099831
1.099833
1.099835
1.099838
1.099840
1.099843
1.099845
1.099848
1.099850
1.099852
1.099855
1.099857
1.099860
1.099862
1.099865
1.099867
1.099870
1.099872
1.099874
1.099877
1.099879
1.099882
1.099884
1.099887
1.099889
1.099891
1.099894
1.099896
1.099899
1.099901
1.099904
1.099906
1.099909
1.099911
1.099913
1.099916
1.099918
1.099921
1.099923
1.099926
1.099928
1.099930
1.099933
1.099935
1.099938
1.099940
1.099943
1.099945
1.099948
1.099950
1.099952
1.099955
1.099957
1.099960
1.099962
1.099965
1.099967
1.099969
1.099972
1.099974
1.099977
1.099979
1.099982
1.099984
1.099987
1.099989
1.099991
1.099994
1.099996
1.099999
1.100001
1.100004
1.100006
1.100008
1.100011
1.100013
1.100016
1.100018
1.100021
1.100023
1.100025
1.100028
1.100030
1.100033
1.100035
1.100038
1.100040
1.100043
1.100045
1.100047
1.100050
1.100052
1.100055
1.100057
1.100060
1.100062
1.100065
1.100067
1.100069
1.100072
1.100074
1.100077
1.100079
1.100082
1.100084
1.100086
1.100089
1.100091
1.100094
1.100096
1.100099
1.100101
1.100103
1.100106
1.100108
1.100111
1.100113
1.100116
1.100118
1.100121
1.100123
1.100125
1.100128
1.100130
1.100133
1.100135
1.100138
1.100140
1.100142
1.100145
1.100147
1.100150
1.100152
1.100155
1.100157
1.100159
1.100162
1.100164
1.100167
1.100169
1.100172
1.100174
1.100177
1.100179
1.100181
1.100184
1.100186
1.100189
1.100191
1.100194
1.100196
1.100199
1.100201
1.100203
1.100206
1.100208
1.100211
1.100213
1.100216
1.100218
1.100220
1.100223
1.100225
1.100228
1.100230
1.100233
1.100235
1.100238
1.100240
1.100242
1.100245
1.100247
1.100250
1.100252
1.100255
1.100257
1.100259
1.100262
1.100264
1.100267
1.100269
1.100272
1.100274
1.100277
1.100279
1.100281
1.100284
1.100286
1.100289
1.100291
1.100294
1.100296
1.100298
1.100301
1.100303
1.100306
1.100308
1.100311
1.100313
1.100315
1.100318
1.100320
1.100323
1.100325
1.100328
1.100330
1.100333
1.100335
1.100337
1.100340
1.100342
1.100345
1.100347
1.100350
1.100352
1.100355
1.100357
1.100359
1.100362
1.100364
1.100367
1.100369
1.100372
1.100374
1.100376
1.100379
1.100381
1.100384
1.100386
1.100389
1.100391
1.100394
1.100396
1.100398
1.100401
1.100403
1.100406
1.100408
1.100411
1.100413
1.100415
1.100418
1.100420
1.100423
1.100425
1.100428
1.100430
1.100433
1.100435
1.100437
1.100440
1.100442
1.100445
1.100447
1.100450
1.100452
1.100454
1.100457
1.100459
1.100462
1.100464
1.100467
1.100469
1.100472
1.100474
1.100476
1.100479
1.100481
1.100484
1.100486
1.100489
1.100491
1.100494
1.100496
1.100498
1.100501
1.100503
1.100506
1.100508
1.100510
1.100513
1.100515
1.100518
1.100520
1.100523
1.100525
1.100528
1.100530
1.100532
1.100535
1.100537
1.100540
1.100542
1.100545
1.100547
1.100550
1.100552
1.100554
1.100557
1.100559
1.100562
1.100564
1.100567
1.100569
1.100571
1.100574
1.100576
1.100579
1.100581
1.100584
1.100586
1.100589
1.100591
1.100593
1.100596
1.100598
1.100601
1.100603
1.100606
1.100608
1.100610
1.100613
1.100615
1.100618
1.100620
1.100623
1.100625
1.100628
1.100630
1.100632
1.100635
1.100637
1.100640
1.100642
1.100645
1.100647
1.100649
1.100652
1.100654
1.100657
1.100659
1.100662
1.100664
1.100667
1.100669
1.100671
1.100674
1.100676
1.100679
1.100681
1.100684
1.100686
1.100689
1.100691
1.100693
1.100696
1.100698
1.100701
1.100703
1.100706
1.100708
1.100710
1.100713
1.100715
1.100718
1.100720
1.100723
1.100725
1.100727
1.100730
1.100732
1.100735
1.100737
1.100740
1.100742
1.100745
1.100747
1.100749
1.100752
1.100754
1.100757
1.100759
1.100762
1.100764
1.100767
1.100769
1.100771
1.100774
1.100776
1.100779
1.100781
1.100784
1.100786
1.100788
1.100791
1.100793
1.100796
1.100798
1.100801
1.100803
1.100805
1.100808
1.100810
1.100813
1.100815
1.100818
1.100820
1.100823
1.100825
1.100828
1.100830
1.100832
1.100835
1.100837
1.100840
1.100842
1.100845
1.100847
1.100849
1.100852
1.100854
1.100857
1.100859
1.100862
1.100864
1.100867
1.100869
1.100871
1.100874
1.100876
1.100879
1.100881
1.100884
1.100886
1.100888
1.100891
1.100893
1.100896
1.100898
1.100901
1.100903
1.100905
1.100908
1.100910
1.100913
1.100915
1.100918
1.100920
1.100923
1.100925
1.100927
1.100930
1.100932
1.100935
1.100937
1.100940
1.100942
1.100944
1.100947
1.100949
1.100952
1.100954
1.100957
1.100959
1.100962
1.100964
1.100967
1.100969
1.100971
1.100974
1.100976
1.100979
1.100981
1.100984
1.100986
1.100988
1.100991
1.100993
1.100996
1.100998
1.101001
1.101003
1.101005
1.101008
1.101010
1.101013
1.101015
1.101018
1.101020
1.101023
1.101025
1.101027
1.101030
1.101032
1.101035
1.101037
1.101040
1.101042
1.101044
1.101047
1.101049
1.101052
1.101054
1.101057
1.101059
1.101062
1.101064
1.101066
1.101069
1.101071
1.101074
1.101076
1.101079
1.101081
1.101084
1.101086
1.101088
1.101091
1.101093
1.101096
1.101098
1.101101
1.101103
1.101105
1.101108
1.101110
1.101113
1.101115
1.101118
1.101120
1.101123
1.101125
1.101127
1.101130
1.101132
1.101135
1.101137
1.101140
1.101142
1.101144
1.101147
1.101149
1.101152
1.101154
1.101157
1.101159
1.101162
1.101164
1.101166
1.101169
1.101171
1.101174
1.101176
1.101179
1.101181
1.101183
1.101186
1.101188
1.101191
1.101193
1.101196
1.101198
1.101201
1.101203
1.101205
1.101208
1.101210
1.101213
1.101215
1.101218
1.101220
1.101223
1.101225
1.101227
1.101230
1.101232
1.101235
1.101237
1.101240
1.101242
1.101244
1.101247
1.101249
1.101252
1.101254
1.101257
1.101259
1.101262
1.101264
1.101266
1.101269
1.101271
1.101274
1.101276
1.101279
1.101281
1.101284
1.101286
1.101288
1.101291
1.101293
1.101296
1.101298
1.101301
1.101303
1.101305
1.101308
1.101310
1.101313
1.101315
1.101318
1.101320
1.101322
1.101325
1.101327
1.101330
1.101332
1.101335
1.101337
1.101340
1.101342
1.101344
1.101347
1.101349
1.101352
1.101354
1.101357
1.101359
1.101362
1.101364
1.101366
1.101369
1.101371
1.101374
1.101376
1.101379
1.101381
1.101384
1.101386
1.101388
1.101391
1.101393
1.101396
1.101398
1.101401
1.101403
1.101405
1.101408
1.101410
1.101413
1.101415
1.101418
1.101420
1.101422
1.101425
1.101427
1.101430
1.101432
1.101435
1.101437
1.101440
1.101442
1.101444
1.101447
1.101449
1.101452
1.101454
1.101457
1.101459
1.101462
1.101464
1.101466
1.101469
1.101471
1.101474
1.101476
1.101479
1.101481
1.101483
1.101486
1.101488
1.101491
1.101493
1.101496
1.101498
1.101501
1.101503
1.101505
1.101508
1.101510
1.101513
1.101515
1.101518
1.101520
1.101523
1.101525
1.101527
1.101530
1.101532
1.101535
1.101537
1.101540
1.101542
1.101545
1.101547
1.101549
1.101552
1.101554
1.101557
1.101559
1.101562
1.101564
1.101566
1.101569
1.101571
1.101574
1.101576
1.101579
1.101581
1.101584
1.101586
1.101588
1.101591
1.101593
1.101596
1.101598
1.101601
1.101603
1.101606
1.101608
1.101610
1.101613
1.101615
1.101618
1.101620
1.101623
1.101625
1.101627
1.101630
1.101632
1.101635
1.101637
1.101640
1.101642
1.101644
1.101647
1.101649
1.101652
1.101654
1.101657
1.101659
1.101662
1.101664
1.101666
1.101669
1.101671
1.101674
1.101676
1.101679
1.101681
1.101684
1.101686
1.101688
1.101691
1.101693
1.101696
1.101698
1.101701
1.101703
1.101706
1.101708
1.101710
1.101713
1.101715
1.101718
1.101720
1.101723
1.101725
1.101727
1.101730
1.101732
1.101735
1.101737
1.101740
1.101742
1.101745
1.101747
1.101749
1.101752
1.101754
1.101757
1.101759
1.101762
1.101764
1.101767
1.101769
1.101771
1.101774
1.101776
1.101779
1.101781
1.101784
1.101786
1.101788
1.101791
1.101793
1.101796
1.101798
1.101801
1.101803
1.101806
1.101808
1.101810
1.101813
1.101815
1.101818
1.101820
1.101823
1.101825
1.101828
1.101830
1.101832
1.101835
1.101837
1.101840
1.101842
1.101845
1.101847
1.101850
1.101852
1.101854
1.101857
1.101859
1.101862
1.101864
1.101867
1.101869
1.101871
1.101874
1.101876
1.101879
1.101881
1.101884
1.101886
1.101889
1.101891
1.101893
1.101896
1.101898
1.101901
1.101903
1.101906
1.101908
1.101911
1.101913
1.101915
1.101918
1.101920
1.101923
1.101925
1.101928
1.101930
1.101932
1.101935
1.101937
1.101940
1.101942
1.101945
1.101947
1.101950
1.101952
1.101954
1.101957
1.101959
1.101962
1.101964
1.101967
1.101969
1.101971
1.101974
1.101976
1.101979
1.101981
1.101984
1.101986
1.101989
1.101991
1.101993
1.101996
1.101998
1.102001
1.102003
1.102006
1.102008
1.102011
1.102013
1.102015
1.102018
1.102020
1.102023
1.102025
1.102028
1.102030
1.102032
1.102035
1.102037
1.102040
1.102042
1.102045
1.102047
1.102050
1.102052
1.102055
1.102057
1.102059
1.102062
1.102064
1.102067
1.102069
1.102072
1.102074
1.102076
1.102079
1.102081
1.102084
1.102086
1.102089
1.102091
1.102094
1.102096
1.102098
1.102101
1.102103
1.102106
1.102108
1.102111
1.102113
1.102115
1.102118
1.102120
1.102123
1.102125
1.102128
1.102130
1.102133
1.102135
1.102137
1.102140
1.102142
1.102145
1.102147
1.102150
1.102152
1.102155
1.102157
1.102159
1.102162
1.102164
1.102167
1.102169
1.102172
1.102174
1.102176
1.102179
1.102181
1.102184
1.102186
1.102189
1.102191
1.102194
1.102196
1.102198
1.102201
1.102203
1.102206
1.102208
1.102211
1.102213
1.102216
1.102218
1.102220
1.102223
1.102225
1.102228
1.102230
1.102233
1.102235
1.102238
1.102240
1.102242
1.102245
1.102247
1.102250
1.102252
1.102255
1.102257
1.102260
1.102262
1.102264
1.102267
1.102269
1.102272
1.102274
1.102277
1.102279
1.102281
1.102284
1.102286
1.102289
1.102291
1.102294
1.102296
1.102298
1.102301
1.102303
1.102306
1.102308
1.102311
1.102313
1.102316
1.102318
1.102320
1.102323
1.102325
1.102328
1.102330
1.102333
1.102335
1.102338
1.102340
1.102342
1.102345
1.102347
1.102350
1.102352
1.102355
1.102357
1.102360
1.102362
1.102364
1.102367
1.102369
1.102372
1.102374
1.102377
1.102379
1.102382
1.102384
1.102386
1.102389
1.102391
1.102394
1.102396
1.102399
1.102401
1.102404
1.102406
1.102408
1.102411
1.102413
1.102416
1.102418
1.102421
1.102423
1.102425
1.102428
1.102430
1.102433
1.102435
1.102438
1.102440
1.102443
1.102445
1.102447
1.102450
1.102452
1.102455
1.102457
1.102460
1.102462
1.102464
1.102467
1.102469
1.102472
1.102474
1.102477
1.102479
1.102482
1.102484
1.102486
1.102489
1.102491
1.102494
1.102496
1.102499
1.102501
1.102504
1.102506
1.102508
1.102511
1.102513
1.102516
1.102518
1.102521
1.102523
1.102526
1.102528
1.102530
1.102533
1.102535
1.102538
1.102540
1.102543
1.102545
1.102548
1.102550
1.102552
1.102555
1.102557
1.102560
1.102562
1.102565
1.102567
1.102569
1.102572
1.102574
1.102577
1.102579
1.102582
1.102584
1.102587
1.102589
1.102591
1.102594
1.102596
1.102599
1.102601
1.102604
1.102606
1.102609
1.102611
1.102613
1.102616
1.102618
1.102621
1.102623
1.102626
1.102628
1.102630
1.102633
1.102635
1.102638
1.102640
1.102643
1.102645
1.102648
1.102650
1.102652
1.102655
1.102657
1.102660
1.102662
1.102665
1.102667
1.102670
1.102672
1.102674
1.102677
1.102679
1.102682
1.102684
1.102687
1.102689
1.102692
1.102694
1.102696
1.102699
1.102701
1.102704
1.102706
1.102709
1.102711
1.102714
1.102716
1.102718
1.102721
1.102723
1.102726
1.102728
1.102731
1.102733
1.102736
1.102738
1.102740
1.102743
1.102745
1.102748
1.102750
1.102753
1.102755
1.102757
1.102760
1.102762
1.102765
1.102767
1.102770
1.102772
1.102775
1.102777
1.102779
1.102782
1.102784
1.102787
1.102789
1.102792
1.102794
1.102797
1.102799
1.102801
1.102804
1.102806
1.102809
1.102811
1.102814
1.102816
1.102819
1.102821
1.102823
1.102826
1.102828
1.102831
1.102833
1.102836
1.102838
1.102841
1.102843
1.102845
1.102848
1.102850
1.102853
1.102855
1.102858
1.102860
1.102862
1.102865
1.102867
1.102870
1.102872
1.102875
1.102877
1.102880
1.102882
1.102884
1.102887
1.102889
1.102892
1.102894
1.102897
1.102899
1.102902
1.102904
1.102906
1.102909
1.102911
1.102914
1.102916
1.102919
1.102921
1.102924
1.102926
1.102928
1.102931
1.102933
1.102936
1.102938
1.102941
1.102943
1.102945
1.102948
1.102950
1.102953
1.102955
1.102958
1.102960
1.102963
1.102965
1.102967
1.102970
1.102972
1.102975
1.102977
1.102980
1.102982
1.102985
1.102987
1.102989
1.102992
1.102994
1.102997
1.102999
1.103002
1.103004
1.103007
1.103009
1.103012
1.103014
1.103016
1.103019
1.103021
1.103024
1.103026
1.103029
1.103031
1.103033
1.103036
1.103038
1.103041
1.103043
1.103046
1.103048
1.103050
1.103053
1.103055
1.103058
1.103060
1.103063
1.103065
1.103068
1.103070
1.103072
1.103075
1.103077
1.103080
1.103082
1.103085
1.103087
1.103090
1.103092
1.103094
1.103097
1.103099
1.103102
1.103104
1.103107
1.103109
1.103112
1.103114
1.103116
1.103119
1.103121
1.103124
1.103126
1.103129
1.103131
1.103134
1.103136
1.103138
1.103141
1.103143
1.103146
1.103148
1.103151
1.103153
1.103155
1.103158
1.103160
1.103163
1.103165
1.103168
1.103170
1.103173
1.103175
1.103178
1.103180
1.103182
1.103185
1.103187
1.103190
1.103192
1.103195
1.103197
1.103199
1.103202
1.103204
1.103207
1.103209
1.103212
1.103214
1.103217
1.103219
1.103222
1.103224
1.103226
1.103229
1.103231
1.103234
1.103236
1.103239
1.103241
1.103243
1.103246
1.103248
1.103251
1.103253
1.103256
1.103258
1.103261
1.103263
1.103265
1.103268
1.103270
1.103273
1.103275
1.103278
1.103280
1.103283
1.103285
1.103287
1.103290
1.103292
1.103295
1.103297
1.103300
1.103302
1.103305
1.103307
1.103309
1.103312
1.103314
1.103317
1.103319
1.103322
1.103324
1.103327
1.103329
1.103331
1.103334
1.103336
1.103339
1.103341
1.103344
1.103346
1.103349
1.103351
1.103353
1.103356
1.103358
1.103361
1.103363
1.103366
1.103368
1.103370
1.103373
1.103375
1.103378
1.103380
1.103383
1.103385
1.103388
1.103390
1.103392
1.103395
1.103397
1.103400
1.103402
1.103405
1.103407
1.103410
1.103412
1.103414
1.103417
1.103419
1.103422
1.103424
1.103427
1.103429
1.103432
1.103434
1.103436
1.103439
1.103441
1.103444
1.103446
1.103449
1.103451
1.103454
1.103456
1.103458
1.103461
1.103463
1.103466
1.103468
1.103471
1.103473
1.103475
1.103478
1.103480
1.103483
1.103485
1.103488
1.103490
1.103493
1.103495
1.103498
1.103500
1.103502
1.103505
1.103507
1.103510
1.103512
1.103515
1.103517
1.103519
1.103522
1.103524
1.103527
1.103529
1.103532
1.103534
1.103537
1.103539
1.103541
1.103544
1.103546
1.103549
1.103551
1.103554
1.103556
1.103559
1.103561
1.103563
1.103566
1.103568
1.103571
1.103573
1.103576
1.103578
1.103581
1.103583
1.103585
1.103588
1.103590
1.103593
1.103595
1.103598
1.103600
1.103603
1.103605
1.103607
1.103610
1.103612
1.103615
1.103617
1.103620
1.103622
1.103625
1.103627
1.103629
1.103632
1.103634
1.103637
1.103639
1.103642
1.103644
1.103646
1.103649
1.103651
1.103654
1.103656
1.103659
1.103661
1.103664
1.103666
1.103669
1.103671
1.103673
1.103676
1.103678
1.103681
1.103683
1.103686
1.103688
1.103691
1.103693
1.103695
1.103698
1.103700
1.103703
1.103705
1.103708
1.103710
1.103712
1.103715
1.103717
1.103720
1.103722
1.103725
1.103727
1.103730
1.103732
1.103734
1.103737
1.103739
1.103742
1.103744
1.103747
1.103749
1.103752
1.103754
1.103756
1.103759
1.103761
1.103764
1.103766
1.103769
1.103771
1.103774
1.103776
1.103778
1.103781
1.103783
1.103786
1.103788
1.103791
1.103793
1.103796
1.103798
1.103800
1.103803
1.103805
1.103808
1.103810
1.103813
1.103815
1.103817
1.103820
1.103822
1.103825
1.103827
1.103830
1.103832
1.103835
1.103837
1.103840
1.103842
1.103844
1.103847
1.103849
1.103852
1.103854
1.103857
1.103859
1.103862
1.103864
1.103866
1.103869
1.103871
1.103874
1.103876
1.103879
1.103881
1.103884
1.103886
1.103888
1.103891
1.103893
1.103896
1.103898
1.103901
1.103903
1.103906
1.103908
1.103910
1.103913
1.103915
1.103918
1.103920
1.103923
1.103925
1.103928
1.103930
1.103932
1.103935
1.103937
1.103940
1.103942
1.103945
1.103947
1.103950
1.103952
1.103954
1.103957
1.103959
1.103962
1.103964
1.103967
1.103969
1.103971
1.103974
1.103976
1.103979
1.103981
1.103984
1.103986
1.103989
1.103991
1.103994
1.103996
1.103998
1.104001
1.104003
1.104006
1.104008
1.104011
1.104013
1.104015
1.104018
1.104020
1.104023
1.104025
1.104028
1.104030
1.104033
1.104035
1.104037
1.104040
1.104042
1.104045
1.104047
1.104050
1.104052
1.104055
1.104057
1.104059
1.104062
1.104064
1.104067
1.104069
1.104072
1.104074
1.104077
1.104079
1.104081
1.104084
1.104086
1.104089
1.104091
1.104094
1.104096
1.104099
1.104101
1.104103
1.104106
1.104108
1.104111
1.104113
1.104116
1.104118
1.104121
1.104123
1.104125
1.104128
1.104130
1.104133
1.104135
1.104138
1.104140
1.104143
1.104145
1.104147
1.104150
1.104152
1.104155
1.104157
1.104160
1.104162
1.104165
1.104167
1.104169
1.104172
1.104174
1.104177
1.104179
1.104182
1.104184
1.104187
1.104189
1.104191
1.104194
1.104196
1.104199
1.104201
1.104204
1.104206
1.104209
1.104211
1.104213
1.104216
1.104218
1.104221
1.104223
1.104226
1.104228
1.104231
1.104233
1.104235
1.104238
1.104240
1.104243
1.104245
1.104248
1.104250
1.104253
1.104255
1.104258
1.104260
1.104262
1.104265
1.104267
1.104270
1.104272
1.104275
1.104277
1.104279
1.104282
1.104284
1.104287
1.104289
1.104292
1.104294
1.104297
1.104299
1.104301
1.104304
1.104306
1.104309
1.104311
1.104314
1.104316
1.104319
1.104321
1.104323
1.104326
1.104328
1.104331
1.104333
1.104336
1.104338
1.104341
1.104343
1.104345
1.104348
1.104350
1.104353
1.104355
1.104358
1.104360
1.104363
1.104365
1.104367
1.104370
1.104372
1.104375
1.104377
1.104380
1.104382
1.104385
1.104387
1.104389
1.104392
1.104394
1.104397
1.104399
1.104402
1.104404
1.104407
1.104409
1.104411
1.104414
1.104416
1.104419
1.104421
1.104424
1.104426
1.104429
1.104431
1.104433
1.104436
1.104438
1.104441
1.104443
1.104446
1.104448
1.104451
1.104453
1.104456
1.104458
1.104460
1.104463
1.104465
1.104468
1.104470
1.104473
1.104475
1.104477
1.104480
1.104482
1.104485
1.104487
1.104490
1.104492
1.104495
1.104497
1.104499
1.104502
1.104504
1.104507
1.104509
1.104512
1.104514
1.104517
1.104519
1.104521
1.104524
1.104526
1.104529
1.104531
1.104534
1.104536
1.104539
1.104541
1.104543
1.104546
1.104548
1.104551
1.104553
1.104556
1.104558
1.104561
1.104563
1.104565
1.104568
1.104570
1.104573
1.104575
1.104578
1.104580
1.104583
1.104585
1.104587
1.104590
1.104592
1.104595
1.104597
1.104600
1.104602
1.104605
1.104607
1.104609
1.104612
1.104614
1.104617
1.104619
1.104622
1.104624
1.104627
1.104629
1.104632
1.104634
1.104636
1.104639
1.104641
1.104644
1.104646
1.104649
1.104651
1.104653
1.104656
1.104658
1.104661
1.104663
1.104666
1.104668
1.104671
1.104673
1.104675
1.104678
1.104680
1.104683
1.104685
1.104688
1.104690
1.104693
1.104695
1.104697
1.104700
1.104702
1.104705
1.104707
1.104710
1.104712
1.104715
1.104717
1.104719
1.104722
1.104724
1.104727
1.104729
1.104732
1.104734
1.104737
1.104739
1.104742
1.104744
1.104746
1.104749
1.104751
1.104754
1.104756
1.104759
1.104761
1.104763
1.104766
1.104768
1.104771
1.104773
1.104776
1.104778
1.104781
1.104783
1.104786
1.104788
1.104790
1.104793
1.104795
1.104798
1.104800
1.104803
1.104805
1.104807
1.104810
1.104812
1.104815
1.104817
1.104820
1.104822
1.104825
1.104827
1.104830
1.104832
1.104834
1.104837
1.104839
1.104842
1.104844
1.104847
1.104849
1.104852
1.104854
1.104856
1.104859
1.104861
1.104864
1.104866
1.104869
1.104871
1.104874
1.104876
1.104878
1.104881
1.104883
1.104886
1.104888
1.104891
1.104893
1.104896
1.104898
1.104900
1.104903
1.104905
1.104908
1.104910
1.104913
1.104915
1.104918
1.104920
1.104922
1.104925
1.104927
1.104930
1.104932
1.104935
1.104937
1.104940
1.104942
1.104944
1.104947
1.104949
1.104952
1.104954
1.104957
1.104959
1.104962
1.104964
1.104966
1.104969
1.104971
1.104974
1.104976
1.104979
1.104981
1.104984
1.104986
1.104989
1.104991
1.104993
1.104996
1.104998
1.105001
1.105003
1.105006
1.105008
1.105010
1.105013
1.105015
1.105018
1.105020
1.105023
1.105025
1.105028
1.105030
1.105032
1.105035
1.105037
1.105040
1.105042
1.105045
1.105047
1.105050
1.105052
1.105055
1.105057
1.105059
1.105062
1.105064
1.105067
1.105069
1.105072
1.105074
1.105077
1.105079
1.105081
1.105084
1.105086
1.105089
1.105091
1.105094
1.105096
1.105099
1.105101
1.105103
1.105106
1.105108
1.105111
1.105113
1.105116
1.105118
1.105121
1.105123
1.105125
1.105128
1.105130
1.105133
1.105135
1.105138
1.105140
1.105143
1.105145
1.105147
1.105150
1.105152
1.105155
1.105157
1.105160
1.105162
1.105165
1.105167
1.105169
1.105172
1.105174
1.105177
1.105179
1.105182
1.105184
1.105187
1.105189
1.105191
1.105194
1.105196
1.105199
1.105201
1.105204
1.105206
1.105209
1.105211
1.105214
1.105216
1.105218
1.105221
1.105223
1.105226
1.105228
1.105231
1.105233
1.105235
1.105238
1.105240
1.105243
1.105245
1.105248
1.105250
1.105253
1.105255
1.105258
1.105260
1.105262
1.105265
1.105267
1.105270
1.105272
1.105275
1.105277
1.105280
1.105282
1.105284
1.105287
1.105289
1.105292
1.105294
1.105297
1.105299
1.105301
1.105304
1.105306
1.105309
1.105311
1.105314
1.105316
1.105319
1.105321
1.105324
1.105326
1.105328
1.105331
1.105333
1.105336
1.105338
1.105341
1.105343
1.105346
1.105348
1.105350
1.105353
1.105355
1.105358
1.105360
1.105363
1.105365
1.105368
1.105370
1.105373
1.105375
1.105377
1.105380
1.105382
1.105385
1.105387
1.105390
1.105392
1.105395
1.105397
1.105399
1.105402
1.105404
1.105407
1.105409
1.105412
1.105414
1.105417
1.105419
1.105421
1.105424
1.105426
1.105429
1.105431
1.105434
1.105436
1.105439
1.105441
1.105443
1.105446
1.105448
1.105451
1.105453
1.105456
1.105458
1.105461
1.105463
1.105465
1.105468
1.105470
1.105473
1.105475
1.105478
1.105480
1.105483
1.105485
1.105487
1.105490
1.105492
1.105495
1.105497
1.105500
1.105502
1.105505
1.105507
1.105509
1.105512
1.105514
1.105517
1.105519
1.105522
1.105524
1.105527
1.105529
1.105531
1.105534
1.105536
1.105539
1.105541
1.105544
1.105546
1.105549
1.105551
1.105554
1.105556
1.105558
1.105561
1.105563
1.105566
1.105568
1.105571
1.105573
1.105576
1.105578
1.105580
1.105583
1.105585
1.105588
1.105590
1.105593
1.105595
1.105598
1.105600
1.105602
1.105605
1.105607
1.105610
1.105612
1.105615
1.105617
1.105620
1.105622
1.105625
1.105627
1.105629
1.105632
1.105634
1.105637
1.105639
1.105642
1.105644
1.105646
1.105649
1.105651
1.105654
1.105656
1.105659
1.105661
1.105664
1.105666
1.105668
1.105671
1.105673
1.105676
1.105678
1.105681
1.105683
1.105686
1.105688
1.105691
1.105693
1.105695
1.105698
1.105700
1.105703
1.105705
1.105708
1.105710
1.105713
1.105715
1.105717
1.105720
1.105722
1.105725
1.105727
1.105730
1.105732
1.105735
1.105737
1.105739
1.105742
1.105744
1.105747
1.105749
1.105752
1.105754
1.105757
1.105759
1.105762
1.105764
1.105766
1.105769
1.105771
1.105774
1.105776
1.105779
1.105781
1.105784
1.105786
1.105788
1.105791
1.105793
1.105796
1.105798
1.105801
1.105803
1.105806
1.105808
1.105810
1.105813
1.105815
1.105818
1.105820
1.105823
1.105825
1.105828
1.105830
1.105832
1.105835
1.105837
1.105840
1.105842
1.105845
1.105847
1.105850
1.105852
1.105854
1.105857
1.105859
1.105862
1.105864
1.105867
1.105869
1.105872
1.105874
1.105876
1.105879
1.105881
1.105884
1.105886
1.105889
1.105891
1.105894
1.105896
1.105898
1.105901
1.105903
1.105906
1.105908
1.105911
1.105913
1.105916
1.105918
1.105921
1.105923
1.105925
1.105928
1.105930
1.105933
1.105935
1.105938
1.105940
1.105943
1.105945
1.105948
1.105950
1.105952
1.105955
1.105957
1.105960
1.105962
1.105965
1.105967
1.105970
1.105972
1.105974
1.105977
1.105979
1.105982
1.105984
1.105987
1.105989
1.105992
1.105994
1.105996
1.105999
1.106001
1.106004
1.106006
1.106009
1.106011
1.106014
1.106016
1.106018
1.106021
1.106023
1.106026
1.106028
1.106031
1.106033
1.106036
1.106038
1.106041
1.106043
1.106045
1.106048
1.106050
1.106053
1.106055
1.106058
1.106060
1.106063
1.106065
1.106067
1.106070
1.106072
1.106075
1.106077
1.106080
1.106082
1.106085
1.106087
1.106089
1.106092
1.106094
1.106097
1.106099
1.106102
1.106104
1.106107
1.106109
1.106111
1.106114
1.106116
1.106119
1.106121
1.106124
1.106126
1.106129
1.106131
1.106133
1.106136
1.106138
1.106141
1.106143
1.106146
1.106148
1.106151
1.106153
1.106156
1.106158
1.106160
1.106163
1.106165
1.106168
1.106170
1.106173
1.106175
1.106178
1.106180
1.106182
1.106185
1.106187
1.106190
1.106192
1.106195
1.106197
1.106200
1.106202
1.106204
1.106207
1.106209
1.106212
1.106214
1.106217
1.106219
1.106222
1.106224
1.106226
1.106229
1.106231
1.106234
1.106236
1.106239
1.106241
1.106244
1.106246
1.106249
1.106251
1.106253
1.106256
1.106258
1.106261
1.106263
1.106266
1.106268
1.106271
1.106273
1.106275
1.106278
1.106280
1.106283
1.106285
1.106288
1.106290
1.106293
1.106295
1.106297
1.106300
1.106302
1.106305
1.106307
1.106310
1.106312
1.106315
1.106317
1.106319
1.106322
1.106324
1.106327
1.106329
1.106332
1.106334
1.106337
1.106339
1.106342
1.106344
1.106346
1.106349
1.106351
1.106354
1.106356
1.106359
1.106361
1.106364
1.106366
1.106368
1.106371
1.106373
1.106376
1.106378
1.106381
1.106383
1.106386
1.106388
1.106390
1.106393
1.106395
1.106398
1.106400
1.106403
1.106405
1.106408
1.106410
1.106413
1.106415
1.106417
1.106420
1.106422
1.106425
1.106427
1.106430
1.106432
1.106434
1.106437
1.106439
1.106442
1.106444
1.106447
1.106449
1.106452
1.106454
1.106457
1.106459
1.106461
1.106464
1.106466
1.106469
1.106471
1.106474
1.106476
1.106479
1.106481
1.106484
1.106486
1.106488
1.106491
1.106493
1.106496
1.106498
1.106501
1.106503
1.106506
1.106508
1.106510
1.106513
1.106515
1.106518
1.106520
1.106523
1.106525
1.106528
1.106530
1.106533
1.106535
1.106537
1.106540
1.106542
1.106545
1.106547
1.106550
1.106552
1.106555
1.106557
1.106559
1.106562
1.106564
1.106567
1.106569
1.106572
1.106574
1.106577
1.106579
1.106581
1.106584
1.106586
1.106589
1.106591
1.106594
1.106596
1.106599
1.106601
1.106603
1.106606
1.106608
1.106611
1.106613
1.106616
1.106618
1.106621
1.106623
1.106626
1.106628
1.106630
1.106633
1.106635
1.106638
1.106640
1.106643
1.106645
1.106648
1.106650
1.106652
1.106655
1.106657
1.106660
1.106662
1.106665
1.106667
1.106670
1.106672
1.106674
1.106677
1.106679
1.106682
1.106684
1.106687
1.106689
1.106692
1.106694
1.106697
1.106699
1.106701
1.106704
1.106706
1.106709
1.106711
1.106714
1.106716
1.106719
1.106721
1.106723
1.106726
1.106728
1.106731
1.106733
1.106736
1.106738
1.106741
1.106743
1.106746
1.106748
1.106750
1.106753
1.106755
1.106758
1.106760
1.106763
1.106765
1.106768
1.106770
1.106772
1.106775
1.106777
1.106780
1.106782
1.106785
1.106787
1.106790
1.106792
1.106794
1.106797
1.106799
1.106802
1.106804
1.106807
1.106809
1.106812
1.106814
1.106816
1.106819
1.106821
1.106824
1.106826
1.106829
1.106831
1.106834
1.106836
1.106839
1.106841
1.106843
1.106846
1.106848
1.106851
1.106853
1.106856
1.106858
1.106861
1.106863
1.106865
1.106868
1.106870
1.106873
1.106875
1.106878
1.106880
1.106883
1.106885
1.106888
1.106890
1.106892
1.106895
1.106897
1.106900
1.106902
1.106905
1.106907
1.106910
1.106912
1.106914
1.106917
1.106919
1.106922
1.106924
1.106927
1.106929
1.106932
1.106934
1.106937
1.106939
1.106941
1.106944
1.106946
1.106949
1.106951
1.106954
1.106956
1.106959
1.106961
1.106964
1.106966
1.106968
1.106971
1.106973
1.106976
1.106978
1.106981
1.106983
1.106985
1.106988
1.106990
1.106993
1.106995
1.106998
1.107000
1.107003
1.107005
1.107007
1.107010
1.107012
1.107015
1.107017
1.107020
1.107022
1.107025
1.107027
1.107030
1.107032
1.107034
1.107037
1.107039
1.107042
1.107044
1.107047
1.107049
1.107052
1.107054
1.107057
1.107059
1.107061
1.107064
1.107066
1.107069
1.107071
1.107074
1.107076
1.107079
1.107081
1.107083
1.107086
1.107088
1.107091
1.107093
1.107096
1.107098
1.107101
1.107103
1.107105
1.107108
1.107110
1.107113
1.107115
1.107118
1.107120
1.107123
1.107125
1.107128
1.107130
1.107132
1.107135
1.107137
1.107140
1.107142
1.107145
1.107147
1.107150
1.107152
1.107154
1.107157
1.107159
1.107162
1.107164
1.107167
1.107169
1.107172
1.107174
1.107177
1.107179
1.107181
1.107184
1.107186
1.107189
1.107191
1.107194
1.107196
1.107199
1.107201
1.107203
1.107206
1.107208
1.107211
1.107213
1.107216
1.107218
1.107221
1.107223
1.107226
1.107228
1.107230
1.107233
1.107235
1.107238
1.107240
1.107243
1.107245
1.107248
1.107250
1.107252
1.107255
1.107257
1.107260
1.107262
1.107265
1.107267
1.107270
1.107272
1.107275
1.107277
1.107279
1.107282
1.107284
1.107287
1.107289
1.107292
1.107294
1.107297
1.107299
1.107301
1.107304
1.107306
1.107309
1.107311
1.107314
1.107316
1.107319
1.107321
1.107324
1.107326
1.107328
1.107331
1.107333
1.107336
1.107338
1.107341
1.107343
1.107346
1.107348
1.107350
1.107353
1.107355
1.107358
1.107360
1.107363
1.107365
1.107368
1.107370
1.107372
1.107375
1.107377
1.107380
1.107382
1.107385
1.107387
1.107390
1.107392
1.107395
1.107397
1.107399
1.107402
1.107404
1.107407
1.107409
1.107412
1.107414
1.107417
1.107419
1.107421
1.107424
1.107426
1.107429
1.107431
1.107434
1.107436
1.107439
1.107441
1.107444
1.107446
1.107448
1.107451
1.107453
1.107456
1.107458
1.107461
1.107463
1.107466
1.107468
1.107470
1.107473
1.107475
1.107478
1.107480
1.107483
1.107485
1.107488
1.107490
1.107493
1.107495
1.107497
1.107500
1.107502
1.107505
1.107507
1.107510
1.107512
1.107515
1.107517
1.107519
1.107522
1.107524
1.107527
1.107529
1.107532
1.107534
1.107537
1.107539
1.107542
1.107544
1.107546
1.107549
1.107551
1.107554
1.107556
1.107559
1.107561
1.107564
1.107566
1.107568
1.107571
1.107573
1.107576
1.107578
1.107581
1.107583
1.107586
1.107588
1.107591
1.107593
1.107595
1.107598
1.107600
1.107603
1.107605
1.107608
1.107610
1.107613
1.107615
1.107617
1.107620
1.107622
1.107625
1.107627
1.107630
1.107632
1.107635
1.107637
1.107640
1.107642
1.107644
1.107647
1.107649
1.107652
1.107654
1.107657
1.107659
1.107662
1.107664
1.107666
1.107669
1.107671
1.107674
1.107676
1.107679
1.107681
1.107684
1.107686
1.107689
1.107691
1.107693
1.107696
1.107698
1.107701
1.107703
1.107706
1.107708
1.107711
1.107713
1.107715
1.107718
1.107720
1.107723
1.107725
1.107728
1.107730
1.107733
1.107735
1.107738
1.107740
1.107742
1.107745
1.107747
1.107750
1.107752
1.107755
1.107757
1.107760
1.107762
1.107764
1.107767
1.107769
1.107772
1.107774
1.107777
1.107779
1.107782
1.107784
1.107787
1.107789
1.107791
1.107794
1.107796
1.107799
1.107801
1.107804
1.107806
1.107809
1.107811
1.107813
1.107816
1.107818
1.107821
1.107823
1.107826
1.107828
1.107831
1.107833
1.107836
1.107838
1.107840
1.107843
1.107845
1.107848
1.107850
1.107853
1.107855
1.107858
1.107860
1.107863
1.107865
1.107867
1.107870
1.107872
1.107875
1.107877
1.107880
1.107882
1.107885
1.107887
1.107889
1.107892
1.107894
1.107897
1.107899
1.107902
1.107904
1.107907
1.107909
1.107912
1.107914
1.107916
1.107919
1.107921
1.107924
1.107926
1.107929
1.107931
1.107934
1.107936
1.107938
1.107941
1.107943
1.107946
1.107948
1.107951
1.107953
1.107956
1.107958
1.107961
1.107963
1.107965
1.107968
1.107970
1.107973
1.107975
1.107978
1.107980
1.107983
1.107985
1.107987
1.107990
1.107992
1.107995
1.107997
1.108000
1.108002
1.108005
1.108007
1.108010
1.108012
1.108014
1.108017
1.108019
1.108022
1.108024
1.108027
1.108029
1.108032
1.108034
1.108037
1.108039
1.108041
1.108044
1.108046
1.108049
1.108051
1.108054
1.108056
1.108059
1.108061
1.108063
1.108066
1.108068
1.108071
1.108073
1.108076
1.108078
1.108081
1.108083
1.108086
1.108088
1.108090
1.108093
1.108095
1.108098
1.108100
1.108103
1.108105
1.108108
1.108110
1.108112
1.108115
1.108117
1.108120
1.108122
1.108125
1.108127
1.108130
1.108132
1.108135
1.108137
1.108139
1.108142
1.108144
1.108147
1.108149
1.108152
1.108154
1.108157
1.108159
1.108162
1.108164
1.108166
1.108169
1.108171
1.108174
1.108176
1.108179
1.108181
1.108184
1.108186
1.108189
1.108191
1.108193
1.108196
1.108198
1.108201
1.108203
1.108206
1.108208
1.108211
1.108213
1.108215
1.108218
1.108220
1.108223
1.108225
1.108228
1.108230
1.108233
1.108235
1.108238
1.108240
1.108242
1.108245
1.108247
1.108250
1.108252
1.108255
1.108257
1.108260
1.108262
1.108264
1.108267
1.108269
1.108272
1.108274
1.108277
1.108279
1.108282
1.108284
1.108286
1.108289
1.108291
1.108294
1.108296
1.108299
1.108301
1.108304
1.108306
1.108309
1.108311
1.108314
1.108316
1.108318
1.108321
1.108323
1.108326
1.108328
1.108331
1.108333
1.108336
1.108338
1.108340
1.108343
1.108345
1.108348
1.108350
1.108353
1.108355
1.108358
1.108360
1.108363
1.108365
1.108367
1.108370
1.108372
1.108375
1.108377
1.108380
1.108382
1.108385
1.108387
1.108389
1.108392
1.108394
1.108397
1.108399
1.108402
1.108404
1.108407
1.108409
1.108412
1.108414
1.108416
1.108419
1.108421
1.108424
1.108426
1.108429
1.108431
1.108434
1.108436
1.108439
1.108441
1.108443
1.108446
1.108448
1.108451
1.108453
1.108456
1.108458
1.108461
1.108463
1.108465
1.108468
1.108470
1.108473
1.108475
1.108478
1.108480
1.108483
1.108485
1.108488
1.108490
1.108492
1.108495
1.108497
1.108500
1.108502
1.108505
1.108507
1.108510
1.108512
1.108514
1.108517
1.108519
1.108522
1.108524
1.108527
1.108529
1.108532
1.108534
1.108537
1.108539
1.108541
1.108544
1.108546
1.108549
1.108551
1.108554
1.108556
1.108559
1.108561
1.108564
1.108566
1.108568
1.108571
1.108573
1.108576
1.108578
1.108581
1.108583
1.108586
1.108588
1.108591
1.108593
1.108595
1.108598
1.108600
1.108603
1.108605
1.108608
1.108610
1.108613
1.108615
1.108618
1.108620
1.108622
1.108625
1.108627
1.108630
1.108632
1.108635
1.108637
1.108640
1.108642
1.108644
1.108647
1.108649
1.108652
1.108654
1.108657
1.108659
1.108662
1.108664
1.108667
1.108669
1.108671
1.108674
1.108676
1.108679
1.108681
1.108684
1.108686
1.108689
1.108691
1.108694
1.108696
1.108698
1.108701
1.108703
1.108706
1.108708
1.108711
1.108713
1.108716
1.108718
1.108720
1.108723
1.108725
1.108728
1.108730
1.108733
1.108735
1.108738
1.108740
1.108743
1.108745
1.108747
1.108750
1.108752
1.108755
1.108757
1.108760
1.108762
1.108765
1.108767
1.108770
1.108772
1.108774
1.108777
1.108779
1.108782
1.108784
1.108787
1.108789
1.108792
1.108794
1.108797
1.108799
1.108801
1.108804
1.108806
1.108809
1.108811
1.108814
1.108816
1.108819
1.108821
1.108823
1.108826
1.108828
1.108831
1.108833
1.108836
1.108838
1.108841
1.108843
1.108846
1.108848
1.108850
1.108853
1.108855
1.108858
1.108860
1.108863
1.108865
1.108868
1.108870
1.108873
1.108875
1.108877
1.108880
1.108882
1.108885
1.108887
1.108890
1.108892
1.108895
1.108897
1.108899
1.108902
1.108904
1.108907
1.108909
1.108912
1.108914
1.108917
1.108919
1.108922
1.108924
1.108926
1.108929
1.108931
1.108934
1.108936
1.108939
1.108941
1.108944
1.108946
1.108949
1.108951
1.108953
1.108956
1.108958
1.108961
1.108963
1.108966
1.108968
1.108971
1.108973
1.108976
1.108978
1.108980
1.108983
1.108985
1.108988
1.108990
1.108993
1.108995
1.108998
1.109000
1.109003
1.109005
1.109007
1.109010
1.109012
1.109015
1.109017
1.109020
1.109022
1.109025
1.109027
1.109029
1.109032
1.109034
1.109037
1.109039
1.109042
1.109044
1.109047
1.109049
1.109052
1.109054
1.109056
1.109059
1.109061
1.109064
1.109066
1.109069
1.109071
1.109074
1.109076
1.109079
1.109081
1.109083
1.109086
1.109088
1.109091
1.109093
1.109096
1.109098
1.109101
1.109103
1.109105
1.109108
1.109110
1.109113
1.109115
1.109118
1.109120
1.109123
1.109125
1.109128
1.109130
1.109132
1.109135
1.109137
1.109140
1.109142
1.109145
1.109147
1.109150
1.109152
1.109155
1.109157
1.109159
1.109162
1.109164
1.109167
1.109169
1.109172
1.109174
1.109177
1.109179
1.109182
1.109184
1.109186
1.109189
1.109191
1.109194
1.109196
1.109199
1.109201
1.109204
1.109206
1.109209
1.109211
1.109213
1.109216
1.109218
1.109221
1.109223
1.109226
1.109228
1.109231
1.109233
1.109236
1.109238
1.109240
1.109243
1.109245
1.109248
1.109250
1.109253
1.109255
1.109258
1.109260
1.109262
1.109265
1.109267
1.109270
1.109272
1.109275
1.109277
1.109280
1.109282
1.109285
1.109287
1.109290
1.109292
1.109294
1.109297
1.109299
1.109302
1.109304
1.109307
1.109309
1.109312
1.109314
1.109316
1.109319
1.109321
1.109324
1.109326
1.109329
1.109331
1.109334
1.109336
1.109339
1.109341
1.109343
1.109346
1.109348
1.109351
1.109353
1.109356
1.109358
1.109361
1.109363
1.109365
1.109368
1.109370
1.109373
1.109375
1.109378
1.109380
1.109383
1.109385
1.109388
1.109390
1.109393
1.109395
1.109397
1.109400
1.109402
1.109405
1.109407
1.109410
1.109412
1.109415
1.109417
1.109419
1.109422
1.109424
1.109427
1.109429
1.109432
1.109434
1.109437
1.109439
1.109442
1.109444
1.109446
1.109449
1.109451
1.109454
1.109456
1.109459
1.109461
1.109464
1.109466
1.109469
1.109471
1.109473
1.109476
1.109478
1.109481
1.109483
1.109486
1.109488
1.109491
1.109493
1.109496
1.109498
1.109500
1.109503
1.109505
1.109508
1.109510
1.109513
1.109515
1.109518
1.109520
1.109522
1.109525
1.109527
1.109530
1.109532
1.109535
1.109537
1.109540
1.109542
1.109545
1.109547
1.109549
1.109552
1.109554
1.109557
1.109559
1.109562
1.109564
1.109567
1.109569
1.109572
1.109574
1.109576
1.109579
1.109581
1.109584
1.109586
1.109589
1.109591
1.109594
1.109596
1.109599
1.109601
1.109603
1.109606
1.109608
1.109611
1.109613
1.109616
1.109618
1.109621
1.109623
1.109626
1.109628
1.109630
1.109633
1.109635
1.109638
1.109640
1.109643
1.109645
1.109648
1.109650
1.109653
1.109655
1.109657
1.109660
1.109662
1.109665
1.109667
1.109670
1.109672
1.109675
1.109677
1.109680
1.109682
1.109684
1.109687
1.109689
1.109692
1.109694
1.109697
1.109699
1.109702
1.109704
1.109707
1.109709
1.109711
1.109714
1.109716
1.109719
1.109721
1.109724
1.109726
1.109729
1.109731
1.109733
1.109736
1.109738
1.109741
1.109743
1.109746
1.109748
1.109751
1.109753
1.109756
1.109758
1.109761
1.109763
1.109765
1.109768
1.109770
1.109773
1.109775
1.109778
1.109780
1.109783
1.109785
1.109787
1.109790
1.109792
1.109795
1.109797
1.109800
1.109802
1.109805
1.109807
1.109810
1.109812
1.109814
1.109817
1.109819
1.109822
1.109824
1.109827
1.109829
1.109832
1.109834
1.109837
1.109839
1.109841
1.109844
1.109846
1.109849
1.109851
1.109854
1.109856
1.109859
1.109861
1.109864
1.109866
1.109869
1.109871
1.109873
1.109876
1.109878
1.109881
1.109883
1.109886
1.109888
1.109891
1.109893
1.109895
1.109898
1.109900
1.109903
1.109905
1.109908
1.109910
1.109913
1.109915
1.109918
1.109920
1.109922
1.109925
1.109927
1.109930
1.109932
1.109935
1.109937
1.109940
1.109942
1.109945
1.109947
1.109950
1.109952
1.109954
1.109957
1.109959
1.109962
1.109964
1.109967
1.109969
1.109972
1.109974
1.109976
1.109979
1.109981
1.109984
1.109986
1.109989
1.109991
1.109994
1.109996
1.109999
1.110001
1.110003
1.110006
1.110008
1.110011
1.110013
1.110016
1.110018
1.110021
1.110023
1.110026
1.110028
1.110030
1.110033
1.110035
1.110038
1.110040
1.110043
1.110045
1.110048
1.110050
1.110053
1.110055
1.110057
1.110060
1.110062
1.110065
1.110067
1.110070
1.110072
1.110075
1.110077
1.110080
1.110082
1.110084
1.110087
1.110089
1.110092
1.110094
1.110097
1.110099
1.110102
1.110104
1.110107
1.110109
1.110111
1.110114
1.110116
1.110119
1.110121
1.110124
1.110126
1.110129
1.110131
1.110134
1.110136
1.110138
1.110141
1.110143
1.110146
1.110148
1.110151
1.110153
1.110156
1.110158
1.110161
1.110163
1.110166
1.110168
1.110170
1.110173
1.110175
1.110178
1.110180
1.110183
1.110185
1.110188
1.110190
1.110192
1.110195
1.110197
1.110200
1.110202
1.110205
1.110207
1.110210
1.110212
1.110215
1.110217
1.110219
1.110222
1.110224
1.110227
1.110229
1.110232
1.110234
1.110237
1.110239
1.110242
1.110244
1.110246
1.110249
1.110251
1.110254
1.110256
1.110259
1.110261
1.110264
1.110266
1.110269
1.110271
1.110273
1.110276
1.110278
1.110281
1.110283
1.110286
1.110288
1.110291
1.110293
1.110296
1.110298
1.110300
1.110303
1.110305
1.110308
1.110310
1.110313
1.110315
1.110318
1.110320
1.110323
1.110325
1.110327
1.110330
1.110332
1.110335
1.110337
1.110340
1.110342
1.110345
1.110347
1.110350
1.110352
1.110354
1.110357
1.110359
1.110362
1.110364
1.110367
1.110369
1.110372
1.110374
1.110377
1.110379
1.110382
1.110384
1.110386
1.110389
1.110391
1.110394
1.110396
1.110399
1.110401
1.110404
1.110406
1.110408
1.110411
1.110413
1.110416
1.110418
1.110421
1.110423
1.110426
1.110428
1.110431
1.110433
1.110436
1.110438
1.110440
1.110443
1.110445
1.110448
1.110450
1.110453
1.110455
1.110458
1.110460
1.110462
1.110465
1.110467
1.110470
1.110472
1.110475
1.110477
1.110480
1.110482
1.110485
1.110487
1.110489
1.110492
1.110494
1.110497
1.110499
1.110502
1.110504
1.110507
1.110509
1.110512
1.110514
1.110517
1.110519
1.110521
1.110524
1.110526
1.110529
1.110531
1.110534
1.110536
1.110539
1.110541
1.110544
1.110546
1.110548
1.110551
1.110553
1.110556
1.110558
1.110561
1.110563
1.110566
1.110568
1.110571
1.110573
1.110575
1.110578
1.110580
1.110583
1.110585
1.110588
1.110590
1.110593
1.110595
1.110598
1.110600
1.110602
1.110605
1.110607
1.110610
1.110612
1.110615
1.110617
1.110620
1.110622
1.110625
1.110627
1.110629
1.110632
1.110634
1.110637
1.110639
1.110642
1.110644
1.110647
1.110649
1.110652
1.110654
1.110656
1.110659
1.110661
1.110664
1.110666
1.110669
1.110671
1.110674
1.110676
1.110678
1.110681
1.110683
1.110686
1.110688
1.110691
1.110693
1.110696
1.110698
1.110701
1.110703
1.110706
1.110708
1.110711
1.110713
1.110715
1.110718
1.110720
1.110723
1.110725
1.110728
1.110730
1.110733
1.110735
1.110738
1.110740
1.110742
1.110745
1.110747
1.110750
1.110752
1.110755
1.110757
1.110760
1.110762
1.110764
1.110767
1.110769
1.110772
1.110774
1.110777
1.110779
1.110782
1.110784
1.110787
1.110789
1.110792
1.110794
1.110796
1.110799
1.110801
1.110804
1.110806
1.110809
1.110811
1.110814
1.110816
1.110819
1.110821
1.110823
1.110826
1.110828
1.110831
1.110833
1.110836
1.110838
1.110841
1.110843
1.110846
1.110848
1.110850
1.110853
1.110855
1.110858
1.110860
1.110863
1.110865
1.110868
1.110870
1.110872
1.110875
1.110877
1.110880
1.110882
1.110885
1.110887
1.110890
1.110892
1.110895
1.110897
1.110900
1.110902
1.110904
1.110907
1.110909
1.110912
1.110914
1.110917
1.110919
1.110922
1.110924
1.110927
1.110929
1.110931
1.110934
1.110936
1.110939
1.110941
1.110944
1.110946
1.110949
1.110951
1.110954
1.110956
1.110959
1.110961
1.110963
1.110966
1.110968
1.110971
1.110973
1.110976
1.110978
1.110981
1.110983
1.110985
1.110988
1.110990
1.110993
1.110995
1.110998
1.111000
1.111003
1.111005
1.111008
1.111010
1.111013
1.111015
1.111017
1.111020
1.111022
1.111025
1.111027
1.111030
1.111032
1.111035
1.111037
1.111040
1.111042
1.111044
1.111047
1.111049
1.111052
1.111054
1.111057
1.111059
1.111062
1.111064
1.111066
1.111069
1.111071
1.111074
1.111076
1.111079
1.111081
1.111084
1.111086
1.111089
1.111091
1.111094
1.111096
1.111099
1.111101
1.111103
1.111106
1.111108
1.111111
1.111113
1.111116
1.111118
1.111121
1.111123
1.111126
1.111128
1.111130
1.111133
1.111135
1.111138
1.111140
1.111143
1.111145
1.111148
1.111150
1.111153
1.111155
1.111158
1.111160
1.111162
1.111165
1.111167
1.111170
1.111172
1.111175
1.111177
1.111180
1.111182
1.111184
1.111187
1.111189
1.111192
1.111194
1.111197
1.111199
1.111202
1.111204
1.111207
1.111209
1.111212
1.111214
1.111216
1.111219
1.111221
1.111224
1.111226
1.111229
1.111231
1.111234
1.111236
1.111239
1.111241
1.111243
1.111246
1.111248
1.111251
1.111253
1.111256
1.111258
1.111261
1.111263
1.111266
1.111268
1.111270
1.111273
1.111275
1.111278
1.111280
1.111283
1.111285
1.111288
1.111290
1.111293
1.111295
1.111297
1.111300
1.111302
1.111305
1.111307
1.111310
1.111312
1.111315
1.111317
1.111320
1.111322
1.111324
1.111327
1.111329
1.111332
1.111334
1.111337
1.111339
1.111342
1.111344
1.111347
1.111349
1.111351
1.111354
1.111356
1.111359
1.111361
1.111364
1.111366
1.111369
1.111371
1.111374
1.111376
1.111379
1.111381
1.111383
1.111386
1.111388
1.111391
1.111393
1.111396
1.111398
1.111401
1.111403
1.111406
1.111408
1.111410
1.111413
1.111415
1.111418
1.111420
1.111423
1.111425
1.111428
1.111430
1.111433
1.111435
1.111437
1.111440
1.111442
1.111445
1.111447
1.111450
1.111452
1.111455
1.111457
1.111460
1.111462
1.111465
1.111467
1.111469
1.111472
1.111474
1.111477
1.111479
1.111482
1.111484
1.111487
1.111489
1.111492
1.111494
1.111496
1.111499
1.111501
1.111504
1.111506
1.111509
1.111511
1.111514
1.111516
1.111519
1.111521
1.111523
1.111526
1.111528
1.111531
1.111533
1.111536
1.111538
1.111541
1.111543
1.111546
1.111548
1.111551
1.111553
1.111555
1.111558
1.111560
1.111563
1.111565
1.111568
1.111570
1.111573
1.111575
1.111578
1.111580
1.111582
1.111585
1.111587
1.111590
1.111592
1.111595
1.111597
1.111600
1.111602
1.111605
1.111607
1.111609
1.111612
1.111614
1.111617
1.111619
1.111622
1.111624
1.111627
1.111629
1.111632
1.111634
1.111636
1.111639
1.111641
1.111644
1.111646
1.111649
1.111651
1.111654
1.111656
1.111659
1.111661
1.111664
1.111666
1.111668
1.111671
1.111673
1.111676
1.111678
1.111681
1.111683
1.111686
1.111688
1.111691
1.111693
1.111695
1.111698
1.111700
1.111703
1.111705
1.111708
1.111710
1.111713
1.111715
1.111718
1.111720
1.111723
1.111725
1.111727
1.111730
1.111732
1.111735
1.111737
1.111740
1.111742
1.111745
1.111747
1.111750
1.111752
1.111754
1.111757
1.111759
1.111762
1.111764
1.111767
1.111769
1.111772
1.111774
1.111777
1.111779
1.111782
1.111784
1.111786
1.111789
1.111791
1.111794
1.111796
1.111799
1.111801
1.111804
1.111806
1.111809
1.111811
1.111813
1.111816
1.111818
1.111821
1.111823
1.111826
1.111828
1.111831
1.111833
1.111836
1.111838
1.111840
1.111843
1.111845
1.111848
1.111850
1.111853
1.111855
1.111858
1.111860
1.111863
1.111865
1.111868
1.111870
1.111872
1.111875
1.111877
1.111880
1.111882
1.111885
1.111887
1.111890
1.111892
1.111895
1.111897
1.111899
1.111902
1.111904
1.111907
1.111909
1.111912
1.111914
1.111917
1.111919
1.111922
1.111924
1.111926
1.111929
1.111931
1.111934
1.111936
1.111939
1.111941
1.111944
1.111946
1.111949
1.111951
1.111954
1.111956
1.111958
1.111961
1.111963
1.111966
1.111968
1.111971
1.111973
1.111976
1.111978
1.111980
1.111983
1.111985
1.111988
1.111990
1.111993
1.111995
1.111998
1.112000
1.112003
1.112005
1.112008
1.112010
1.112013
1.112015
1.112017
1.112020
1.112022
1.112025
1.112027
1.112030
1.112032
1.112035
1.112037
1.112040
1.112042
1.112044
1.112047
1.112049
1.112052
1.112054
1.112057
1.112059
1.112062
1.112064
1.112067
1.112069
1.112071
1.112074
1.112076
1.112079
1.112081
1.112084
1.112086
1.112089
1.112091
1.112094
1.112096
1.112099
1.112101
1.112103
1.112106
1.112108
1.112111
1.112113
1.112116
1.112118
1.112121
1.112123
1.112126
1.112128
1.112130
1.112133
1.112135
1.112138
1.112140
1.112143
1.112145
1.112148
1.112150
1.112153
1.112155
1.112157
1.112160
1.112162
1.112165
1.112167
1.112170
1.112172
1.112175
1.112177
1.112180
1.112182
1.112185
1.112187
1.112189
1.112192
1.112194
1.112197
1.112199
1.112202
1.112204
1.112207
1.112209
1.112212
1.112214
1.112216
1.112219
1.112221
1.112224
1.112226
1.112229
1.112231
1.112234
1.112236
1.112239
1.112241
1.112244
1.112246
1.112248
1.112251
1.112253
1.112256
1.112258
1.112261
1.112263
1.112266
1.112268
1.112271
1.112273
1.112276
1.112278
1.112280
1.112283
1.112285
1.112288
1.112290
1.112293
1.112295
1.112298
1.112300
1.112303
1.112305
1.112307
1.112310
1.112312
1.112315
1.112317
1.112320
1.112322
1.112325
1.112327
1.112330
1.112332
1.112335
1.112337
1.112339
1.112342
1.112344
1.112347
1.112349
1.112352
1.112354
1.112357
1.112359
1.112362
1.112364
1.112367
1.112369
1.112371
1.112374
1.112376
1.112379
1.112381
1.112384
1.112386
1.112389
1.112391
1.112394
1.112396
1.112398
1.112401
1.112403
1.112406
1.112408
1.112411
1.112413
1.112416
1.112418
1.112421
1.112423
1.112425
1.112428
1.112430
1.112433
1.112435
1.112438
1.112440
1.112443
1.112445
1.112448
1.112450
1.112453
1.112455
1.112457
1.112460
1.112462
1.112465
1.112467
1.112470
1.112472
1.112475
1.112477
1.112480
1.112482
1.112485
1.112487
1.112489
1.112492
1.112494
1.112497
1.112499
1.112502
1.112504
1.112507
1.112509
1.112511
1.112514
1.112516
1.112519
1.112521
1.112524
1.112526
1.112529
1.112531
1.112534
1.112536
1.112539
1.112541
1.112543
1.112546
1.112548
1.112551
1.112553
1.112556
1.112558
1.112561
1.112563
1.112566
1.112568
1.112571
1.112573
1.112575
1.112578
1.112580
1.112583
1.112585
1.112588
1.112590
1.112593
1.112595
1.112598
1.112600
1.112602
1.112605
1.112607
1.112610
1.112612
1.112615
1.112617
1.112620
1.112622
1.112625
1.112627
1.112630
1.112632
1.112634
1.112637
1.112639
1.112642
1.112644
1.112647
1.112649
1.112652
1.112654
1.112657
1.112659
1.112662
1.112664
1.112666
1.112669
1.112671
1.112674
1.112676
1.112679
1.112681
1.112684
1.112686
1.112689
1.112691
1.112693
1.112696
1.112698
1.112701
1.112703
1.112706
1.112708
1.112711
1.112713
1.112716
1.112718
1.112720
1.112723
1.112725
1.112728
1.112730
1.112733
1.112735
1.112738
1.112740
1.112743
1.112745
1.112748
1.112750
1.112752
1.112755
1.112757
1.112760
1.112762
1.112765
1.112767
1.112770
1.112772
1.112775
1.112777
1.112779
1.112782
1.112784
1.112787
1.112789
1.112792
1.112794
1.112797
1.112799
1.112802
1.112804
1.112807
1.112809
1.112811
1.112814
1.112816
1.112819
1.112821
1.112824
1.112826
1.112829
1.112831
1.112834
1.112836
1.112839
1.112841
1.112843
1.112846
1.112848
1.112851
1.112853
1.112856
1.112858
1.112861
1.112863
1.112866
1.112868
1.112870
1.112873
1.112875
1.112878
1.112880
1.112883
1.112885
1.112888
1.112890
1.112893
1.112895
1.112898
1.112900
1.112902
1.112905
1.112907
1.112910
1.112912
1.112915
1.112917
1.112920
1.112922
1.112925
1.112927
1.112930
1.112932
1.112934
1.112937
1.112939
1.112942
1.112944
1.112947
1.112949
1.112952
1.112954
1.112957
1.112959
1.112961
1.112964
1.112966
1.112969
1.112971
1.112974
1.112976
1.112979
1.112981
1.112984
1.112986
1.112988
1.112991
1.112994
1.112996
1.112998
1.113001
1.113003
1.113006
1.113008
1.113011
1.113013
1.113016
1.113018
1.113021
1.113023
1.113025
1.113028
1.113030
1.113033
1.113035
1.113038
1.113040
1.113043
1.113045
1.113048
1.113050
1.113052
1.113055
1.113057
1.113060
1.113062
1.113065
1.113067
1.113070
1.113072
1.113075
1.113077
1.113080
1.113082
1.113084
1.113087
1.113089
1.113092
1.113094
1.113097
1.113099
1.113102
1.113104
1.113107
1.113109
1.113112
1.113114
1.113116
1.113119
1.113121
1.113124
1.113126
1.113129
1.113131
1.113134
1.113136
1.113139
1.113141
1.113144
1.113146
1.113148
1.113151
1.113153
1.113156
1.113158
1.113161
1.113163
1.113166
1.113168
1.113171
1.113173
1.113175
1.113178
1.113180
1.113183
1.113185
1.113188
1.113190
1.113193
1.113195
1.113198
1.113200
1.113203
1.113205
1.113207
1.113210
1.113212
1.113215
1.113217
1.113220
1.113222
1.113225
1.113227
1.113230
1.113232
1.113234
1.113237
1.113240
1.113242
1.113244
1.113247
1.113249
1.113252
1.113254
1.113257
1.113259
1.113262
1.113264
1.113267
1.113269
1.113271
1.113274
1.113276
1.113279
1.113281
1.113284
1.113286
1.113289
1.113291
1.113294
1.113296
1.113298
1.113301
1.113303
1.113306
1.113308
1.113311
1.113313
1.113316
1.113318
1.113321
1.113323
1.113326
1.113328
1.113330
1.113333
1.113335
1.113338
1.113340
1.113343
1.113345
1.113348
1.113350
1.113353
1.113355
1.113357
1.113360
1.113362
1.113365
1.113367
1.113370
1.113372
1.113375
1.113377
1.113380
1.113382
1.113385
1.113387
1.113390
1.113392
1.113394
1.113397
1.113399
1.113402
1.113404
1.113407
1.113409
1.113412
1.113414
1.113417
1.113419
1.113421
1.113424
1.113426
1.113429
1.113431
1.113434
1.113436
1.113439
1.113441
1.113444
1.113446
1.113449
1.113451
1.113453
1.113456
1.113458
1.113461
1.113463
1.113466
1.113468
1.113471
1.113473
1.113476
1.113478
1.113480
1.113483
1.113485
1.113488
1.113490
1.113493
1.113495
1.113498
1.113500
1.113503
1.113505
1.113508
1.113510
1.113513
1.113515
1.113517
1.113520
1.113522
1.113525
1.113527
1.113530
1.113532
1.113535
1.113537
1.113540
1.113542
1.113544
1.113547
1.113549
1.113552
1.113554
1.113557
1.113559
1.113562
1.113564
1.113567
1.113569
1.113572
1.113574
1.113576
1.113579
1.113581
1.113584
1.113586
1.113589
1.113591
1.113594
1.113596
1.113599
1.113601
1.113604
1.113606
1.113608
1.113611
1.113613
1.113616
1.113618
1.113621
1.113623
1.113626
1.113628
1.113631
1.113633
1.113635
1.113638
1.113640
1.113643
1.113645
1.113648
1.113650
1.113653
1.113655
1.113658
1.113660
1.113663
1.113665
1.113668
1.113670
1.113672
1.113675
1.113677
1.113680
1.113682
1.113685
1.113687
1.113690
1.113692
1.113695
1.113697
1.113699
1.113702
1.113704
1.113707
1.113709
1.113712
1.113714
1.113717
1.113719
1.113722
1.113724
1.113727
1.113729
1.113731
1.113734
1.113736
1.113739
1.113741
1.113744
1.113746
1.113749
1.113751
1.113754
1.113756
1.113759
1.113761
1.113763
1.113766
1.113768
1.113771
1.113773
1.113776
1.113778
1.113781
1.113783
1.113786
1.113788
1.113791
1.113793
1.113796
1.113798
1.113800
1.113803
1.113805
1.113808
1.113810
1.113813
1.113815
1.113818
1.113820
1.113823
1.113825
1.113827
1.113830
1.113832
1.113835
1.113837
1.113840
1.113842
1.113845
1.113847
1.113850
1.113852
1.113855
1.113857
1.113859
1.113862
1.113864
1.113867
1.113869
1.113872
1.113874
1.113877
1.113879
1.113882
1.113884
1.113887
1.113889
1.113891
1.113894
1.113896
1.113899
1.113901
1.113904
1.113906
1.113909
1.113911
1.113914
1.113916
1.113919
1.113921
1.113923
1.113926
1.113928
1.113931
1.113933
1.113936
1.113938
1.113941
1.113943
1.113946
1.113948
1.113951
1.113953
1.113955
1.113958
1.113960
1.113963
1.113965
1.113968
1.113970
1.113973
1.113975
1.113978
1.113980
1.113983
1.113985
1.113987
1.113990
1.113992
1.113995
1.113997
1.114000
1.114002
1.114005
1.114007
1.114010
1.114012
1.114015
1.114017
1.114019
1.114022
1.114024
1.114027
1.114029
1.114032
1.114034
1.114037
1.114039
1.114042
1.114044
1.114047
1.114049
1.114051
1.114054
1.114056
1.114059
1.114061
1.114064
1.114066
1.114069
1.114071
1.114074
1.114076
1.114079
1.114081
1.114083
1.114086
1.114088
1.114091
1.114093
1.114096
1.114098
1.114101
1.114103
1.114106
1.114108
1.114110
1.114113
1.114115
1.114118
1.114120
1.114123
1.114125
1.114128
1.114130
1.114133
1.114135
1.114138
1.114140
1.114142
1.114145
1.114147
1.114150
1.114152
1.114155
1.114157
1.114160
1.114162
1.114165
1.114167
1.114170
1.114172
1.114174
1.114177
1.114179
1.114182
1.114184
1.114187
1.114189
1.114192
1.114194
1.114197
1.114199
1.114202
1.114204
1.114206
1.114209
1.114211
1.114214
1.114216
1.114219
1.114221
1.114224
1.114226
1.114229
1.114231
1.114234
1.114236
1.114239
1.114241
1.114243
1.114246
1.114248
1.114251
1.114253
1.114256
1.114258
1.114261
1.114263
1.114266
1.114268
1.114270
1.114273
1.114275
1.114278
1.114280
1.114283
1.114285
1.114288
1.114290
1.114293
1.114295
1.114298
1.114300
1.114303
1.114305
1.114307
1.114310
1.114312
1.114315
1.114317
1.114320
1.114322
1.114325
1.114327
1.114330
1.114332
1.114335
1.114337
1.114339
1.114342
1.114344
1.114347
1.114349
1.114352
1.114354
1.114357
1.114359
1.114362
1.114364
1.114367
1.114369
1.114371
1.114374
1.114376
1.114379
1.114381
1.114384
1.114386
1.114389
1.114391
1.114394
1.114396
1.114399
1.114401
1.114403
1.114406
1.114408
1.114411
1.114413
1.114416
1.114418
1.114421
1.114423
1.114426
1.114428
1.114430
1.114433
1.114435
1.114438
1.114440
1.114443
1.114445
1.114448
1.114450
1.114453
1.114455
1.114458
1.114460
1.114463
1.114465
1.114467
1.114470
1.114472
1.114475
1.114477
1.114480
1.114482
1.114485
1.114487
1.114490
1.114492
1.114495
1.114497
1.114499
1.114502
1.114504
1.114507
1.114509
1.114512
1.114514
1.114517
1.114519
1.114522
1.114524
1.114527
1.114529
1.114531
1.114534
1.114536
1.114539
1.114541
1.114544
1.114546
1.114549
1.114551
1.114554
1.114556
1.114559
1.114561
1.114563
1.114566
1.114568
1.114571
1.114573
1.114576
1.114578
1.114581
1.114583
1.114586
1.114588
1.114591
1.114593
1.114595
1.114598
1.114600
1.114603
1.114605
1.114608
1.114610
1.114613
1.114615
1.114618
1.114620
1.114622
1.114625
1.114627
1.114630
1.114632
1.114635
1.114637
1.114640
1.114642
1.114645
1.114647
1.114650
1.114652
1.114655
1.114657
1.114659
1.114662
1.114664
1.114667
1.114669
1.114672
1.114674
1.114677
1.114679
1.114682
1.114684
1.114687
1.114689
1.114692
1.114694
1.114696
1.114699
1.114701
1.114704
1.114706
1.114709
1.114711
1.114714
1.114716
1.114719
1.114721
1.114723
1.114726
1.114728
1.114731
1.114733
1.114736
1.114738
1.114741
1.114743
1.114746
1.114748
1.114751
1.114753
1.114756
1.114758
1.114760
1.114763
1.114765
1.114768
1.114770
1.114773
1.114775
1.114778
1.114780
1.114783
1.114785
1.114788
1.114790
1.114792
1.114795
1.114797
1.114800
1.114802
1.114805
1.114807
1.114810
1.114812
1.114815
1.114817
1.114820
1.114822
1.114825
1.114827
1.114829
1.114832
1.114834
1.114837
1.114839
1.114842
1.114844
1.114847
1.114849
1.114852
1.114854
1.114856
1.114859
1.114861
1.114864
1.114866
1.114869
1.114871
1.114874
1.114876
1.114879
1.114881
1.114884
1.114886
1.114888
1.114891
1.114893
1.114896
1.114898
1.114901
1.114903
1.114906
1.114908
1.114911
1.114913
1.114916
1.114918
1.114921
1.114923
1.114925
1.114928
1.114930
1.114933
1.114935
1.114938
1.114940
1.114943
1.114945
1.114948
1.114950
1.114953
1.114955
1.114957
1.114960
1.114962
1.114965
1.114967
1.114970
1.114972
1.114975
1.114977
1.114980
1.114982
1.114985
1.114987
1.114989
1.114992
1.114994
1.114997
1.114999
1.115002
1.115004
1.115007
1.115009
1.115012
1.115014
1.115017
1.115019
1.115021
1.115024
1.115026
1.115029
1.115031
1.115034
1.115036
1.115039
1.115041
1.115044
1.115046
1.115049
1.115051
1.115053
1.115056
1.115058
1.115061
1.115063
1.115066
1.115068
1.115071
1.115073
1.115076
1.115078
1.115081
1.115083
1.115085
1.115088
1.115090
1.115093
1.115095
1.115098
1.115100
1.115103
1.115105
1.115108
1.115110
1.115113
1.115115
1.115118
1.115120
1.115122
1.115125
1.115127
1.115130
1.115132
1.115135
1.115137
1.115140
1.115142
1.115145
1.115147
1.115150
1.115152
1.115154
1.115157
1.115159
1.115162
1.115164
1.115167
1.115169
1.115172
1.115174
1.115177
1.115179
1.115182
1.115184
1.115187
1.115189
1.115191
1.115194
1.115196
1.115199
1.115201
1.115204
1.115206
1.115209
1.115211
1.115214
1.115216
1.115219
1.115221
1.115223
1.115226
1.115228
1.115231
1.115233
1.115236
1.115238
1.115241
1.115243
1.115246
1.115248
1.115251
1.115253
1.115255
1.115258
1.115260
1.115263
1.115265
1.115268
1.115270
1.115273
1.115275
1.115278
1.115280
1.115283
1.115285
1.115288
1.115290
1.115292
1.115295
1.115297
1.115300
1.115302
1.115305
1.115307
1.115310
1.115312
1.115315
1.115317
1.115320
1.115322
1.115324
1.115327
1.115329
1.115332
1.115334
1.115337
1.115339
1.115342
1.115344
1.115347
1.115349
1.115352
1.115354
1.115356
1.115359
1.115361
1.115364
1.115366
1.115369
1.115371
1.115374
1.115376
1.115379
1.115381
1.115384
1.115386
1.115389
1.115391
1.115393
1.115396
1.115398
1.115401
1.115403
1.115406
1.115408
1.115411
1.115413
1.115416
1.115418
1.115421
1.115423
1.115425
1.115428
1.115430
1.115433
1.115435
1.115438
1.115440
1.115443
1.115445
1.115448
1.115450
1.115453
1.115455
1.115458
1.115460
1.115462
1.115465
1.115467
1.115470
1.115472
1.115475
1.115477
1.115480
1.115482
1.115485
1.115487
1.115490
1.115492
1.115494
1.115497
1.115499
1.115502
1.115504
1.115507
1.115509
1.115512
1.115514
1.115517
1.115519
1.115522
1.115524
1.115526
1.115529
1.115531
1.115534
1.115536
1.115539
1.115541
1.115544
1.115546
1.115549
1.115551
1.115554
1.115556
1.115558
1.115561
1.115563
1.115566
1.115568
1.115571
1.115573
1.115576
1.115578
1.115581
1.115583
1.115586
1.115588
1.115591
1.115593
1.115595
1.115598
1.115600
1.115603
1.115605
1.115608
1.115610
1.115613
1.115615
1.115618
1.115620
1.115623
1.115625
1.115628
1.115630
1.115632
1.115635
1.115637
1.115640
1.115642
1.115645
1.115647
1.115650
1.115652
1.115655
1.115657
1.115660
1.115662
1.115664
1.115667
1.115669
1.115672
1.115674
1.115677
1.115679
1.115682
1.115684
1.115687
1.115689
1.115692
1.115694
1.115697
1.115699
1.115701
1.115704
1.115706
1.115709
1.115711
1.115714
1.115716
1.115719
1.115721
1.115724
1.115726
1.115729
1.115731
1.115733
1.115736
1.115738
1.115741
1.115743
1.115746
1.115748
1.115751
1.115753
1.115756
1.115758
1.115761
1.115763
1.115765
1.115768
1.115770
1.115773
1.115775
1.115778
1.115780
1.115783
1.115785
1.115788
1.115790
1.115793
1.115795
1.115798
1.115800
1.115802
1.115805
1.115807
1.115810
1.115812
1.115815
1.115817
1.115820
1.115822
1.115825
1.115827
1.115830
1.115832
1.115834
1.115837
1.115839
1.115842
1.115844
1.115847
1.115849
1.115852
1.115854
1.115857
1.115859
1.115862
1.115864
1.115867
1.115869
1.115871
1.115874
1.115876
1.115879
1.115881
1.115884
1.115886
1.115889
1.115891
1.115894
1.115896
1.115899
1.115901
1.115903
1.115906
1.115908
1.115911
1.115913
1.115916
1.115918
1.115921
1.115923
1.115926
1.115928
1.115931
1.115933
1.115936
1.115938
1.115940
1.115943
1.115945
1.115948
1.115950
1.115953
1.115955
1.115958
1.115960
1.115963
1.115965
1.115968
1.115970
1.115972
1.115975
1.115977
1.115980
1.115982
1.115985
1.115987
1.115990
1.115992
1.115995
1.115997
1.116000
1.116002
1.116005
1.116007
1.116009
1.116012
1.116014
1.116017
1.116019
1.116022
1.116024
1.116027
1.116029
1.116032
1.116034
1.116037
1.116039
1.116041
1.116044
1.116046
1.116049
1.116051
1.116054
1.116056
1.116059
1.116061
1.116064
1.116066
1.116069
1.116071
1.116074
1.116076
1.116078
1.116081
1.116083
1.116086
1.116088
1.116091
1.116093
1.116096
1.116098
1.116101
1.116103
1.116106
1.116108
1.116111
1.116113
1.116115
1.116118
1.116120
1.116123
1.116125
1.116128
1.116130
1.116133
1.116135
1.116138
1.116140
1.116143
1.116145
1.116147
1.116150
1.116152
1.116155
1.116157
1.116160
1.116162
1.116165
1.116167
1.116170
1.116172
1.116175
1.116177
1.116180
1.116182
1.116184
1.116187
1.116189
1.116192
1.116194
1.116197
1.116199
1.116202
1.116204
1.116207
1.116209
1.116212
1.116214
1.116216
1.116219
1.116221
1.116224
1.116226
1.116229
1.116231
1.116234
1.116236
1.116239
1.116241
1.116244
1.116246
1.116249
1.116251
1.116253
1.116256
1.116258
1.116261
1.116263
1.116266
1.116268
1.116271
1.116273
1.116276
1.116278
1.116281
1.116283
1.116286
1.116288
1.116290
1.116293
1.116295
1.116298
1.116300
1.116303
1.116305
1.116308
1.116310
1.116313
1.116315
1.116318
1.116320
1.116323
1.116325
1.116327
1.116330
1.116332
1.116335
1.116337
1.116340
1.116342
1.116345
1.116347
1.116350
1.116352
1.116355
1.116357
1.116359
1.116362
1.116364
1.116367
1.116369
1.116372
1.116374
1.116377
1.116379
1.116382
1.116384
1.116387
1.116389
1.116392
1.116394
1.116396
1.116399
1.116401
1.116404
1.116406
1.116409
1.116411
1.116414
1.116416
1.116419
1.116421
1.116424
1.116426
1.116428
1.116431
1.116433
1.116436
1.116438
1.116441
1.116443
1.116446
1.116448
1.116451
1.116453
1.116456
1.116458
1.116461
1.116463
1.116465
1.116468
1.116470
1.116473
1.116475
1.116478
1.116480
1.116483
1.116485
1.116488
1.116490
1.116493
1.116495
1.116498
1.116500
1.116502
1.116505
1.116507
1.116510
1.116512
1.116515
1.116517
1.116520
1.116522
1.116525
1.116527
1.116530
1.116532
1.116534
1.116537
1.116539
1.116542
1.116544
1.116547
1.116549
1.116552
1.116554
1.116557
1.116559
1.116562
1.116564
1.116567
1.116569
1.116572
1.116574
1.116576
1.116579
1.116581
1.116584
1.116586
1.116589
1.116591
1.116594
1.116596
1.116599
1.116601
1.116604
1.116606
1.116608
1.116611
1.116613
1.116616
1.116618
1.116621
1.116623
1.116626
1.116628
1.116631
1.116633
1.116636
1.116638
1.116641
1.116643
1.116645
1.116648
1.116650
1.116653
1.116655
1.116658
1.116660
1.116663
1.116665
1.116668
1.116670
1.116673
1.116675
1.116678
1.116680
1.116682
1.116685
1.116687
1.116690
1.116692
1.116695
1.116697
1.116700
1.116702
1.116705
1.116707
1.116710
1.116712
1.116715
1.116717
1.116719
1.116722
1.116724
1.116727
1.116729
1.116732
1.116734
1.116737
1.116739
1.116742
1.116744
1.116747
1.116749
1.116751
1.116754
1.116756
1.116759
1.116761
1.116764
1.116766
1.116769
1.116771
1.116774
1.116776
1.116779
1.116781
1.116784
1.116786
1.116789
1.116791
1.116793
1.116796
1.116798
1.116801
1.116803
1.116806
1.116808
1.116811
1.116813
1.116816
1.116818
1.116821
1.116823
1.116826
1.116828
1.116830
1.116833
1.116835
1.116838
1.116840
1.116843
1.116845
1.116848
1.116850
1.116853
1.116855
1.116858
1.116860
1.116862
1.116865
1.116867
1.116870
1.116872
1.116875
1.116877
1.116880
1.116882
1.116885
1.116887
1.116890
1.116892
1.116895
1.116897
1.116899
1.116902
1.116904
1.116907
1.116909
1.116912
1.116914
1.116917
1.116919
1.116922
1.116924
1.116927
1.116929
1.116932
1.116934
1.116936
1.116939
1.116941
1.116944
1.116946
1.116949
1.116951
1.116954
1.116956
1.116959
1.116961
1.116964
1.116966
1.116968
1.116971
1.116973
1.116976
1.116978
1.116981
1.116983
1.116986
1.116988
1.116991
1.116993
1.116996
1.116998
1.117001
1.117003
1.117006
1.117008
1.117010
1.117013
1.117015
1.117018
1.117020
1.117023
1.117025
1.117028
1.117030
1.117033
1.117035
1.117038
1.117040
1.117043
1.117045
1.117048
1.117050
1.117052
1.117055
1.117057
1.117060
1.117062
1.117065
1.117067
1.117070
1.117072
1.117075
1.117077
1.117080
1.117082
1.117084
1.117087
1.117089
1.117092
1.117094
1.117097
1.117099
1.117102
1.117104
1.117107
1.117109
1.117112
1.117114
1.117117
1.117119
1.117121
1.117124
1.117126
1.117129
1.117131
1.117134
1.117136
1.117139
1.117141
1.117144
1.117146
1.117149
1.117151
1.117154
1.117156
1.117158
1.117161
1.117163
1.117166
1.117168
1.117171
1.117173
1.117176
1.117178
1.117181
1.117183
1.117186
1.117188
1.117190
1.117193
1.117195
1.117198
1.117200
1.117203
1.117205
1.117208
1.117210
1.117213
1.117215
1.117218
1.117220
1.117223
1.117225
1.117228
1.117230
1.117232
1.117235
1.117237
1.117240
1.117242
1.117245
1.117247
1.117250
1.117252
1.117255
1.117257
1.117260
1.117262
1.117265
1.117267
1.117269
1.117272
1.117274
1.117277
1.117279
1.117282
1.117284
1.117287
1.117289
1.117292
1.117294
1.117297
1.117299
1.117302
1.117304
1.117306
1.117309
1.117311
1.117314
1.117316
1.117319
1.117321
1.117324
1.117326
1.117329
1.117331
1.117334
1.117336
1.117339
1.117341
1.117343
1.117346
1.117348
1.117351
1.117353
1.117356
1.117358
1.117361
1.117363
1.117366
1.117368
1.117371
1.117373
1.117375
1.117378
1.117380
1.117383
1.117385
1.117388
1.117390
1.117393
1.117395
1.117398
1.117400
1.117403
1.117405
1.117408
1.117410
1.117413
1.117415
1.117417
1.117420
1.117422
1.117425
1.117427
1.117430
1.117432
1.117435
1.117437
1.117440
1.117442
1.117445
1.117447
1.117450
1.117452
1.117454
1.117457
1.117459
1.117462
1.117464
1.117467
1.117469
1.117472
1.117474
1.117477
1.117479
1.117482
1.117484
1.117487
1.117489
1.117491
1.117494
1.117496
1.117499
1.117501
1.117504
1.117506
1.117509
1.117511
1.117514
1.117516
1.117519
1.117521
1.117524
1.117526
1.117528
1.117531
1.117533
1.117536
1.117538
1.117541
1.117543
1.117546
1.117548
1.117551
1.117553
1.117556
1.117558
1.117561
1.117563
1.117565
1.117568
1.117570
1.117573
1.117575
1.117578
1.117580
1.117583
1.117585
1.117588
1.117590
1.117593
1.117595
1.117597
1.117600
1.117603
1.117605
1.117607
1.117610
1.117612
1.117615
1.117617
1.117620
1.117622
1.117625
1.117627
1.117630
1.117632
1.117635
1.117637
1.117639
1.117642
1.117644
1.117647
1.117649
1.117652
1.117654
1.117657
1.117659
1.117662
1.117664
1.117667
1.117669
1.117672
1.117674
1.117676
1.117679
1.117681
1.117684
1.117686
1.117689
1.117691
1.117694
1.117696
1.117699
1.117701
1.117704
1.117706
1.117709
1.117711
1.117713
1.117716
1.117718
1.117721
1.117723
1.117726
1.117728
1.117731
1.117733
1.117736
1.117738
1.117741
1.117743
1.117746
1.117748
1.117751
1.117753
1.117755
1.117758
1.117760
1.117763
1.117765
1.117768
1.117770
1.117773
1.117775
1.117778
1.117780
1.117783
1.117785
1.117788
1.117790
1.117792
1.117795
1.117797
1.117800
1.117802
1.117805
1.117807
1.117810
1.117812
1.117815
1.117817
1.117820
1.117822
1.117825
1.117827
1.117830
1.117832
1.117834
1.117837
1.117839
1.117842
1.117844
1.117847
1.117849
1.117852
1.117854
1.117857
1.117859
1.117862
1.117864
1.117867
1.117869
1.117872
1.117874
1.117876
1.117879
1.117881
1.117884
1.117886
1.117889
1.117891
1.117894
1.117896
1.117899
1.117901
1.117904
1.117906
1.117909
1.117911
1.117913
1.117916
1.117918
1.117921
1.117923
1.117926
1.117928
1.117931
1.117933
1.117936
1.117938
1.117941
1.117943
1.117945
1.117948
1.117950
1.117953
1.117955
1.117958
1.117960
1.117963
1.117965
1.117968
1.117970
1.117973
1.117975
1.117978
1.117980
1.117983
1.117985
1.117987
1.117990
1.117992
1.117995
1.117997
1.118000
1.118002
1.118005
1.118007
1.118010
1.118012
1.118015
1.118017
1.118020
1.118022
1.118024
1.118027
1.118029
1.118032
1.118034
1.118037
1.118039
1.118042
1.118044
1.118047
1.118049
1.118052
1.118054
1.118057
1.118059
1.118062
1.118064
1.118066
1.118069
1.118071
1.118074
1.118076
1.118079
1.118081
1.118084
1.118086
1.118089
1.118091
1.118094
1.118096
1.118099
1.118101
1.118103
1.118106
1.118108
1.118111
1.118113
1.118116
1.118118
1.118121
1.118123
1.118126
1.118128
1.118131
1.118133
1.118136
1.118138
1.118140
1.118143
1.118145
1.118148
1.118150
1.118153
1.118155
1.118158
1.118160
1.118163
1.118165
1.118168
1.118170
1.118173
1.118175
1.118177
1.118180
1.118182
1.118185
1.118187
1.118190
1.118192
1.118195
1.118197
1.118200
1.118202
1.118205
1.118207
1.118210
1.118212
1.118215
1.118217
1.118219
1.118222
1.118224
1.118227
1.118229
1.118232
1.118234
1.118237
1.118239
1.118242
1.118244
1.118247
1.118249
1.118252
1.118254
1.118256
1.118259
1.118261
1.118264
1.118266
1.118269
1.118271
1.118274
1.118276
1.118279
1.118281
1.118284
1.118286
1.118289
1.118291
1.118294
1.118296
1.118298
1.118301
1.118303
1.118306
1.118308
1.118311
1.118313
1.118316
1.118318
1.118321
1.118323
1.118326
1.118328
1.118331
1.118333
1.118335
1.118338
1.118340
1.118343
1.118345
1.118348
1.118350
1.118353
1.118355
1.118358
1.118360
1.118363
1.118365
1.118368
1.118370
1.118373
1.118375
1.118377
1.118380
1.118382
1.118385
1.118387
1.118390
1.118392
1.118395
1.118397
1.118400
1.118402
1.118405
1.118407
1.118410
1.118412
1.118414
1.118417
1.118419
1.118422
1.118424
1.118427
1.118429
1.118432
1.118434
1.118437
1.118439
1.118442
1.118444
1.118447
1.118449
1.118452
1.118454
1.118456
1.118459
1.118461
1.118464
1.118466
1.118469
1.118471
1.118474
1.118476
1.118479
1.118481
1.118484
1.118486
1.118489
1.118491
1.118493
1.118496
1.118498
1.118501
1.118503
1.118506
1.118508
1.118511
1.118513
1.118516
1.118518
1.118521
1.118523
1.118526
1.118528
1.118531
1.118533
1.118535
1.118538
1.118540
1.118543
1.118545
1.118548
1.118550
1.118553
1.118555
1.118558
1.118560
1.118563
1.118565
1.118568
1.118570
1.118572
1.118575
1.118577
1.118580
1.118582
1.118585
1.118587
1.118590
1.118592
1.118595
1.118597
1.118600
1.118602
1.118605
1.118607
1.118609
1.118612
1.118614
1.118617
1.118619
1.118622
1.118624
1.118627
1.118629
1.118632
1.118634
1.118637
1.118639
1.118642
1.118644
1.118647
1.118649
1.118652
1.118654
1.118656
1.118659
1.118661
1.118664
1.118666
1.118669
1.118671
1.118674
1.118676
1.118679
1.118681
1.118684
1.118686
1.118689
1.118691
1.118693
1.118696
1.118698
1.118701
1.118703
1.118706
1.118708
1.118711
1.118713
1.118716
1.118718
1.118721
1.118723
1.118726
1.118728
1.118731
1.118733
1.118735
1.118738
1.118740
1.118743
1.118745
1.118748
1.118750
1.118753
1.118755
1.118758
1.118760
1.118763
1.118765
1.118768
1.118770
1.118772
1.118775
1.118777
1.118780
1.118782
1.118785
1.118787
1.118790
1.118792
1.118795
1.118797
1.118800
1.118802
1.118805
1.118807
1.118810
1.118812
1.118814
1.118817
1.118819
1.118822
1.118824
1.118827
1.118829
1.118832
1.118834
1.118837
1.118839
1.118842
1.118844
1.118847
1.118849
1.118852
1.118854
1.118857
1.118859
1.118861
1.118864
1.118866
1.118869
1.118871
1.118874
1.118876
1.118879
1.118881
1.118884
1.118886
1.118889
1.118891
1.118894
1.118896
1.118898
1.118901
1.118903
1.118906
1.118908
1.118911
1.118913
1.118916
1.118918
1.118921
1.118923
1.118926
1.118928
1.118931
1.118933
1.118935
1.118938
1.118940
1.118943
1.118945
1.118948
1.118950
1.118953
1.118955
1.118958
1.118960
1.118963
1.118965
1.118968
1.118970
1.118973
1.118975
1.118977
1.118980
1.118982
1.118985
1.118987
1.118990
1.118992
1.118995
1.118997
1.119000
1.119002
1.119005
1.119007
1.119010
1.119012
1.119015
1.119017
1.119020
1.119022
1.119024
1.119027
1.119029
1.119032
1.119034
1.119037
1.119039
1.119042
1.119044
1.119047
1.119049
1.119051
1.119054
1.119057
1.119059
1.119061
1.119064
1.119066
1.119069
1.119071
1.119074
1.119076
1.119079
1.119081
1.119084
1.119086
1.119089
1.119091
1.119094
1.119096
1.119098
1.119101
1.119103
1.119106
1.119108
1.119111
1.119113
1.119116
1.119118
1.119121
1.119123
1.119126
1.119128
1.119131
1.119133
1.119136
1.119138
1.119141
1.119143
1.119145
1.119148
1.119150
1.119153
1.119155
1.119158
1.119160
1.119163
1.119165
1.119168
1.119170
1.119173
1.119175
1.119178
1.119180
1.119182
1.119185
1.119187
1.119190
1.119192
1.119195
1.119197
1.119200
1.119202
1.119205
1.119207
1.119210
1.119212
1.119215
1.119217
1.119220
1.119222
1.119224
1.119227
1.119229
1.119232
1.119234
1.119237
1.119239
1.119242
1.119244
1.119247
1.119249
1.119252
1.119254
1.119257
1.119259
1.119262
1.119264
1.119266
1.119269
1.119271
1.119274
1.119276
1.119279
1.119281
1.119284
1.119286
1.119289
1.119291
1.119294
1.119296
1.119299
1.119301
1.119303
1.119306
1.119308
1.119311
1.119313
1.119316
1.119318
1.119321
1.119323
1.119326
1.119328
1.119331
1.119333
1.119336
1.119338
1.119341
1.119343
1.119345
1.119348
1.119350
1.119353
1.119355
1.119358
1.119360
1.119363
1.119365
1.119368
1.119370
1.119373
1.119375
1.119378
1.119380
1.119383
1.119385
1.119388
1.119390
1.119392
1.119395
1.119397
1.119400
1.119402
1.119405
1.119407
1.119410
1.119412
1.119415
1.119417
1.119420
1.119422
1.119425
1.119427
1.119430
1.119432
1.119434
1.119437
1.119439
1.119442
1.119444
1.119447
1.119449
1.119452
1.119454
1.119457
1.119459
1.119462
1.119464
1.119467
1.119469
1.119472
1.119474
1.119476
1.119479
1.119481
1.119484
1.119486
1.119489
1.119491
1.119494
1.119496
1.119499
1.119501
1.119504
1.119506
1.119509
1.119511
1.119513
1.119516
1.119518
1.119521
1.119523
1.119526
1.119528
1.119531
1.119533
1.119536
1.119538
1.119541
1.119543
1.119546
1.119548
1.119551
1.119553
1.119555
1.119558
1.119560
1.119563
1.119565
1.119568
1.119570
1.119573
1.119575
1.119578
1.119580
1.119583
1.119585
1.119588
1.119590
1.119593
1.119595
1.119597
1.119600
1.119602
1.119605
1.119607
1.119610
1.119612
1.119615
1.119617
1.119620
1.119622
1.119625
1.119627
1.119630
1.119632
1.119635
1.119637
1.119639
1.119642
1.119644
1.119647
1.119649
1.119652
1.119654
1.119657
1.119659
1.119662
1.119664
1.119667
1.119669
1.119672
1.119674
1.119677
1.119679
1.119682
1.119684
1.119686
1.119689
1.119691
1.119694
1.119696
1.119699
1.119701
1.119704
1.119706
1.119709
1.119711
1.119714
1.119716
1.119719
1.119721
1.119724
1.119726
1.119728
1.119731
1.119733
1.119736
1.119738
1.119741
1.119743
1.119746
1.119748
1.119751
1.119753
1.119756
1.119758
1.119761
1.119763
1.119766
1.119768
1.119770
1.119773
1.119775
1.119778
1.119780
1.119783
1.119785
1.119788
1.119790
1.119793
1.119795
1.119798
1.119800
1.119803
1.119805
1.119808
1.119810
1.119813
1.119815
1.119817
1.119820
1.119822
1.119825
1.119827
1.119830
1.119832
1.119835
1.119837
1.119840
1.119842
1.119845
1.119847
1.119850
1.119852
1.119854
1.119857
1.119859
1.119862
1.119864
1.119867
1.119869
1.119872
1.119874
1.119877
1.119879
1.119882
1.119884
1.119887
1.119889
1.119892
1.119894
1.119896
1.119899
1.119901
1.119904
1.119906
1.119909
1.119911
1.119914
1.119916
1.119919
1.119921
1.119924
1.119926
1.119929
1.119931
1.119934
1.119936
1.119939
1.119941
1.119943
1.119946
1.119948
1.119951
1.119953
1.119956
1.119958
1.119961
1.119963
1.119966
1.119968
1.119971
1.119973
1.119976
1.119978
1.119981
1.119983
1.119985
1.119988
1.119990
1.119993
1.119995
1.119998
1.120000
1.120003
1.120005
1.120008
1.120010
1.120013
1.120015
1.120018
1.120020
1.120023
1.120025
1.120028
1.120030
1.120032
1.120035
1.120037
1.120040
1.120042
1.120045
1.120047
1.120050
1.120052
1.120055
1.120057
1.120060
1.120062
1.120065
1.120067
1.120069
1.120072
1.120074
1.120077
1.120079
1.120082
1.120084
1.120087
1.120089
1.120092
1.120094
1.120097
1.120099
1.120102
1.120104
1.120107
1.120109
1.120111
1.120114
1.120116
1.120119
1.120121
1.120124
1.120126
1.120129
1.120131
1.120134
1.120136
1.120139
1.120141
1.120144
1.120146
1.120149
1.120151
1.120154
1.120156
1.120159
1.120161
1.120163
1.120166
1.120168
1.120171
1.120173
1.120176
1.120178
1.120181
1.120183
1.120186
1.120188
1.120191
1.120193
1.120196
1.120198
1.120201
1.120203
1.120205
1.120208
1.120210
1.120213
1.120215
1.120218
1.120220
1.120223
1.120225
1.120228
1.120230
1.120233
1.120235
1.120238
1.120240
1.120242
1.120245
1.120247
1.120250
1.120252
1.120255
1.120257
1.120260
1.120262
1.120265
1.120267
1.120270
1.120272
1.120275
1.120277
1.120280
1.120282
1.120285
1.120287
1.120289
1.120292
1.120294
1.120297
1.120299
1.120302
1.120304
1.120307
1.120309
1.120312
1.120314
1.120317
1.120319
1.120322
1.120324
1.120327
1.120329
1.120332
1.120334
1.120336
1.120339
1.120341
1.120344
1.120346
1.120349
1.120351
1.120354
1.120356
1.120359
1.120361
1.120364
1.120366
1.120369
1.120371
1.120374
1.120376
1.120378
1.120381
1.120383
1.120386
1.120388
1.120391
1.120393
1.120396
1.120398
1.120401
1.120403
1.120406
1.120408
1.120411
1.120413
1.120416
1.120418
1.120421
1.120423
1.120425
1.120428
1.120430
1.120433
1.120435
1.120438
1.120440
1.120443
1.120445
1.120448
1.120450
1.120453
1.120455
1.120458
1.120460
1.120463
1.120465
1.120467
1.120470
1.120472
1.120475
1.120477
1.120480
1.120482
1.120485
1.120487
1.120490
1.120492
1.120495
1.120497
1.120500
1.120502
1.120505
1.120507
1.120510
1.120512
1.120514
1.120517
1.120519
1.120522
1.120524
1.120527
1.120529
1.120532
1.120534
1.120537
1.120539
1.120542
1.120544
1.120547
1.120549
1.120552
1.120554
1.120557
1.120559
1.120561
1.120564
1.120566
1.120569
1.120571
1.120574
1.120576
1.120579
1.120581
1.120584
1.120586
1.120589
1.120591
1.120594
1.120596
1.120598
1.120601
1.120603
1.120606
1.120608
1.120611
1.120613
1.120616
1.120618
1.120621
1.120623
1.120626
1.120628
1.120631
1.120633
1.120636
1.120638
1.120641
1.120643
1.120645
1.120648
1.120650
1.120653
1.120655
1.120658
1.120660
1.120663
1.120665
1.120668
1.120670
1.120673
1.120675
1.120678
1.120680
1.120683
1.120685
1.120688
1.120690
1.120692
1.120695
1.120697
1.120700
1.120702
1.120705
1.120707
1.120710
1.120712
1.120715
1.120717
1.120720
1.120722
1.120725
1.120727
1.120730
1.120732
1.120735
1.120737
1.120739
1.120742
1.120744
1.120747
1.120749
1.120752
1.120754
1.120757
1.120759
1.120762
1.120764
1.120767
1.120769
1.120772
1.120774
1.120777
1.120779
1.120781
1.120784
1.120786
1.120789
1.120791
1.120794
1.120796
1.120799
1.120801
1.120804
1.120806
1.120809
1.120811
1.120814
1.120816
1.120819
1.120821
1.120824
1.120826
1.120828
1.120831
1.120833
1.120836
1.120838
1.120841
1.120843
1.120846
1.120848
1.120851
1.120853
1.120856
1.120858
1.120861
1.120863
1.120866
1.120868
1.120870
1.120873
1.120875
1.120878
1.120880
1.120883
1.120885
1.120888
1.120890
1.120893
1.120895
1.120898
1.120900
1.120903
1.120905
1.120908
1.120910
1.120913
1.120915
1.120918
1.120920
1.120922
1.120925
1.120927
1.120930
1.120932
1.120935
1.120937
1.120940
1.120942
1.120945
1.120947
1.120950
1.120952
1.120955
1.120957
1.120960
1.120962
1.120964
1.120967
1.120969
1.120972
1.120974
1.120977
1.120979
1.120982
1.120984
1.120987
1.120989
1.120992
1.120994
1.120997
1.120999
1.121002
1.121004
1.121007
1.121009
1.121011
1.121014
1.121016
1.121019
1.121021
1.121024
1.121026
1.121029
1.121031
1.121034
1.121036
1.121039
1.121041
1.121044
1.121046
1.121049
1.121051
1.121054
1.121056
1.121058
1.121061
1.121063
1.121066
1.121068
1.121071
1.121073
1.121076
1.121078
1.121081
1.121083
1.121086
1.121088
1.121091
1.121093
1.121096
1.121098
1.121101
1.121103
1.121105
1.121108
1.121110
1.121113
1.121115
1.121118
1.121120
1.121123
1.121125
1.121128
1.121130
1.121133
1.121135
1.121138
1.121140
1.121143
1.121145
1.121148
1.121150
1.121152
1.121155
1.121157
1.121160
1.121162
1.121165
1.121167
1.121170
1.121172
1.121175
1.121177
1.121180
1.121182
1.121185
1.121187
1.121190
1.121192
1.121194
1.121197
1.121199
1.121202
1.121204
1.121207
1.121209
1.121212
1.121214
1.121217
1.121219
1.121222
1.121224
1.121227
1.121229
1.121232
1.121234
1.121237
1.121239
1.121242
1.121244
1.121246
1.121249
1.121251
1.121254
1.121256
1.121259
1.121261
1.121264
1.121266
1.121269
1.121271
1.121274
1.121276
1.121279
1.121281
1.121284
1.121286
1.121288
1.121291
1.121293
1.121296
1.121298
1.121301
1.121303
1.121306
1.121308
1.121311
1.121313
1.121316
1.121318
1.121321
1.121323
1.121326
1.121328
1.121331
1.121333
1.121336
1.121338
1.121340
1.121343
1.121345
1.121348
1.121350
1.121353
1.121355
1.121358
1.121360
1.121363
1.121365
1.121368
1.121370
1.121373
1.121375
1.121378
1.121380
1.121383
1.121385
1.121387
1.121390
1.121392
1.121395
1.121397
1.121400
1.121402
1.121405
1.121407
1.121410
1.121412
1.121415
1.121417
1.121420
1.121422
1.121425
1.121427
1.121429
1.121432
1.121434
1.121437
1.121439
1.121442
1.121444
1.121447
1.121449
1.121452
1.121454
1.121457
1.121459
1.121462
1.121464
1.121467
1.121469
1.121472
1.121474
1.121477
1.121479
1.121481
1.121484
1.121486
1.121489
1.121491
1.121494
1.121496
1.121499
1.121501
1.121504
1.121506
1.121509
1.121511
1.121514
1.121516
1.121519
1.121521
1.121523
1.121526
1.121528
1.121531
1.121533
1.121536
1.121538
1.121541
1.121543
1.121546
1.121548
1.121551
1.121553
1.121556
1.121558
1.121561
1.121563
1.121566
1.121568
1.121571
1.121573
1.121575
1.121578
1.121580
1.121583
1.121585
1.121588
1.121590
1.121593
1.121595
1.121598
1.121600
1.121603
1.121605
1.121608
1.121610
1.121613
1.121615
1.121617
1.121620
1.121622
1.121625
1.121627
1.121630
1.121632
1.121635
1.121637
1.121640
1.121642
1.121645
1.121647
1.121650
1.121652
1.121655
1.121657
1.121660
1.121662
1.121665
1.121667
1.121669
1.121672
1.121674
1.121677
1.121679
1.121682
1.121684
1.121687
1.121689
1.121692
1.121694
1.121697
1.121699
1.121702
1.121704
1.121707
1.121709
1.121712
1.121714
1.121717
1.121719
1.121721
1.121724
1.121726
1.121729
1.121731
1.121734
1.121736
1.121739
1.121741
1.121744
1.121746
1.121749
1.121751
1.121754
1.121756
1.121759
1.121761
1.121764
1.121766
1.121768
1.121771
1.121773
1.121776
1.121778
1.121781
1.121783
1.121786
1.121788
1.121791
1.121793
1.121796
1.121798
1.121801
1.121803
1.121806
1.121808
1.121810
1.121813
1.121815
1.121818
1.121820
1.121823
1.121825
1.121828
1.121830
1.121833
1.121835
1.121838
1.121840
1.121843
1.121845
1.121848
1.121850
1.121853
1.121855
1.121858
1.121860
1.121862
1.121865
1.121867
1.121870
1.121872
1.121875
1.121877
1.121880
1.121882
1.121885
1.121887
1.121890
1.121892
1.121895
1.121897
1.121900
1.121902
1.121905
1.121907
1.121909
1.121912
1.121914
1.121917
1.121919
1.121922
1.121924
1.121927
1.121929
1.121932
1.121934
1.121937
1.121939
1.121942
1.121944
1.121947
1.121949
1.121952
1.121954
1.121957
1.121959
1.121961
1.121964
1.121966
1.121969
1.121971
1.121974
1.121976
1.121979
1.121981
1.121984
1.121986
1.121989
1.121991
1.121994
1.121996
1.121999
1.122001
1.122004
1.122006
1.122009
1.122011
1.122013
1.122016
1.122018
1.122021
1.122023
1.122026
1.122028
1.122031
1.122033
1.122036
1.122038
1.122041
1.122043
1.122046
1.122048
1.122051
1.122053
1.122056
1.122058
1.122061
1.122063
1.122065
1.122068
1.122070
1.122073
1.122075
1.122078
1.122080
1.122083
1.122085
1.122088
1.122090
1.122093
1.122095
1.122098
1.122100
1.122103
1.122105
1.122108
1.122110
1.122112
1.122115
1.122117
1.122120
1.122122
1.122125
1.122127
1.122130
1.122132
1.122135
1.122137
1.122140
1.122142
1.122145
1.122147
1.122150
1.122152
1.122154
1.122157
1.122159
1.122162
1.122164
1.122167
1.122169
1.122172
1.122174
1.122177
1.122179
1.122182
1.122184
1.122187
1.122189
1.122192
1.122194
1.122197
1.122199
1.122202
1.122204
1.122206
1.122209
1.122211
1.122214
1.122216
1.122219
1.122221
1.122224
1.122226
1.122229
1.122231
1.122234
1.122236
1.122239
1.122241
1.122244
1.122246
1.122249
1.122251
1.122253
1.122256
1.122259
1.122261
1.122263
1.122266
1.122268
1.122271
1.122273
1.122276
1.122278
1.122281
1.122283
1.122286
1.122288
1.122291
1.122293
1.122296
1.122298
1.122301
1.122303
1.122306
1.122308
1.122310
1.122313
1.122315
1.122318
1.122320
1.122323
1.122325
1.122328
1.122330
1.122333
1.122335
1.122338
1.122340
1.122343
1.122345
1.122348
1.122350
1.122353
1.122355
1.122358
1.122360
1.122362
1.122365
1.122367
1.122370
1.122372
1.122375
1.122377
1.122380
1.122382
1.122385
1.122387
1.122390
1.122392
1.122395
1.122397
1.122400
1.122402
1.122405
1.122407
1.122409
1.122412
1.122414
1.122417
1.122419
1.122422
1.122424
1.122427
1.122429
1.122432
1.122434
1.122437
1.122439
1.122442
1.122444
1.122447
1.122449
1.122452
1.122454
1.122457
1.122459
1.122461
1.122464
1.122466
1.122469
1.122471
1.122474
1.122476
1.122479
1.122481
1.122484
1.122486
1.122489
1.122491
1.122494
1.122496
1.122499
1.122501
1.122504
1.122506
1.122509
1.122511
1.122513
1.122516
1.122518
1.122521
1.122523
1.122526
1.122528
1.122531
1.122533
1.122536
1.122538
1.122541
1.122543
1.122546
1.122548
1.122551
1.122553
1.122556
1.122558
1.122560
1.122563
1.122565
1.122568
1.122570
1.122573
1.122575
1.122578
1.122580
1.122583
1.122585
1.122588
1.122590
1.122593
1.122595
1.122598
1.122600
1.122603
1.122605
1.122608
1.122610
1.122612
1.122615
1.122617
1.122620
1.122622
1.122625
1.122627
1.122630
1.122632
1.122635
1.122637
1.122640
1.122642
1.122645
1.122647
1.122650
1.122652
1.122655
1.122657
1.122660
1.122662
1.122665
1.122667
1.122669
1.122672
1.122674
1.122677
1.122679
1.122682
1.122684
1.122687
1.122689
1.122692
1.122694
1.122697
1.122699
1.122702
1.122704
1.122707
1.122709
1.122712
1.122714
1.122716
1.122719
1.122721
1.122724
1.122726
1.122729
1.122731
1.122734
1.122736
1.122739
1.122741
1.122744
1.122746
1.122749
1.122751
1.122754
1.122756
1.122759
1.122761
1.122764
1.122766
1.122769
1.122771
1.122773
1.122776
1.122778
1.122781
1.122783
1.122786
1.122788
1.122791
1.122793
1.122796
1.122798
1.122801
1.122803
1.122806
1.122808
1.122811
1.122813
1.122816
1.122818
1.122820
1.122823
1.122825
1.122828
1.122830
1.122833
1.122835
1.122838
1.122840
1.122843
1.122845
1.122848
1.122850
1.122853
1.122855
1.122858
1.122860
1.122863
1.122865
1.122868
1.122870
1.122872
1.122875
1.122877
1.122880
1.122882
1.122885
1.122887
1.122890
1.122892
1.122895
1.122897
1.122900
1.122902
1.122905
1.122907
1.122910
1.122912
1.122915
1.122917
1.122920
1.122922
1.122924
1.122927
1.122929
1.122932
1.122934
1.122937
1.122939
1.122942
1.122944
1.122947
1.122949
1.122952
1.122954
1.122957
1.122959
1.122962
1.122964
1.122967
1.122969
1.122972
1.122974
1.122976
1.122979
1.122981
1.122984
1.122986
1.122989
1.122991
1.122994
1.122996
1.122999
1.123001
1.123004
1.123006
1.123009
1.123011
1.123014
1.123016
1.123019
1.123021
1.123024
1.123026
1.123028
1.123031
1.123033
1.123036
1.123038
1.123041
1.123043
1.123046
1.123048
1.123051
1.123053
1.123056
1.123058
1.123061
1.123063
1.123066
1.123068
1.123071
1.123073
1.123076
1.123078
1.123081
1.123083
1.123086
1.123088
1.123090
1.123093
1.123095
1.123098
1.123100
1.123103
1.123105
1.123108
1.123110
1.123113
1.123115
1.123118
1.123120
1.123123
1.123125
1.123128
1.123130
1.123133
1.123135
1.123137
1.123140
1.123142
1.123145
1.123147
1.123150
1.123152
1.123155
1.123157
1.123160
1.123162
1.123165
1.123167
1.123170
1.123172
1.123175
1.123177
1.123180
1.123182
1.123185
1.123187
1.123190
1.123192
1.123194
1.123197
1.123199
1.123202
1.123204
1.123207
1.123209
1.123212
1.123214
1.123217
1.123219
1.123222
1.123224
1.123227
1.123229
1.123232
1.123234
1.123237
1.123239
1.123242
1.123244
1.123246
1.123249
1.123251
1.123254
1.123256
1.123259
1.123261
1.123264
1.123266
1.123269
1.123271
1.123274
1.123276
1.123279
1.123281
1.123284
1.123286
1.123289
1.123291
1.123293
1.123296
1.123298
1.123301
1.123303
1.123306
1.123308
1.123311
1.123313
1.123316
1.123318
1.123321
1.123323
1.123326
1.123328
1.123331
1.123333
1.123336
1.123338
1.123341
1.123343
1.123346
1.123348
1.123351
1.123353
1.123355
1.123358
1.123360
1.123363
1.123365
1.123368
1.123370
1.123373
1.123375
1.123378
1.123380
1.123383
1.123385
1.123388
1.123390
1.123393
1.123395
1.123398
1.123400
1.123402
1.123405
1.123407
1.123410
1.123412
1.123415
1.123417
1.123420
1.123422
1.123425
1.123427
1.123430
1.123432
1.123435
1.123437
1.123440
1.123442
1.123445
1.123447
1.123450
1.123452
1.123455
1.123457
1.123460
1.123462
1.123464
1.123467
1.123469
1.123472
1.123474
1.123477
1.123479
1.123482
1.123484
1.123487
1.123489
1.123492
1.123494
1.123497
1.123499
1.123502
1.123504
1.123507
1.123509
1.123512
1.123514
1.123516
1.123519
1.123521
1.123524
1.123526
1.123529
1.123531
1.123534
1.123536
1.123539
1.123541
1.123544
1.123546
1.123549
1.123551
1.123554
1.123556
1.123559
1.123561
1.123564
1.123566
1.123569
1.123571
1.123573
1.123576
1.123578
1.123581
1.123583
1.123586
1.123588
1.123591
1.123593
1.123596
1.123598
1.123601
1.123603
1.123606
1.123608
1.123611
1.123613
1.123616
1.123618
1.123620
1.123623
1.123625
1.123628
1.123630
1.123633
1.123635
1.123638
1.123640
1.123643
1.123645
1.123648
1.123650
1.123653
1.123655
1.123658
1.123660
1.123663
1.123665
1.123668
1.123670
1.123673
1.123675
1.123678
1.123680
1.123682
1.123685
1.123687
1.123690
1.123692
1.123695
1.123697
1.123700
1.123702
1.123705
1.123707
1.123710
1.123712
1.123715
1.123717
1.123720
1.123722
1.123725
1.123727
1.123730
1.123732
1.123734
1.123737
1.123739
1.123742
1.123744
1.123747
1.123749
1.123752
1.123754
1.123757
1.123759
1.123762
1.123764
1.123767
1.123769
1.123772
1.123774
1.123777
1.123779
1.123782
1.123784
1.123787
1.123789
1.123791
1.123794
1.123796
1.123799
1.123801
1.123804
1.123806
1.123809
1.123811
1.123814
1.123816
1.123819
1.123821
1.123824
1.123826
1.123829
1.123831
1.123834
1.123836
1.123839
1.123841
1.123844
1.123846
1.123849
1.123851
1.123853
1.123856
1.123858
1.123861
1.123863
1.123866
1.123868
1.123871
1.123873
1.123876
1.123878
1.123881
1.123883
1.123886
1.123888
1.123891
1.123893
1.123896
1.123898
1.123900
1.123903
1.123905
1.123908
1.123910
1.123913
1.123915
1.123918
1.123920
1.123923
1.123925
1.123928
1.123930
1.123933
1.123935
1.123938
1.123940
1.123943
1.123945
1.123948
1.123950
1.123953
1.123955
1.123958
1.123960
1.123962
1.123965
1.123967
1.123970
1.123972
1.123975
1.123977
1.123980
1.123982
1.123985
1.123987
1.123990
1.123992
1.123995
1.123997
1.124000
1.124002
1.124005
1.124007
1.124010
1.124012
1.124015
1.124017
1.124020
1.124022
1.124024
1.124027
1.124029
1.124032
1.124034
1.124037
1.124039
1.124042
1.124044
1.124047
1.124049
1.124052
1.124054
1.124057
1.124059
1.124062
1.124064
1.124067
1.124069
1.124072
1.124074
1.124077
1.124079
1.124081
1.124084
1.124086
1.124089
1.124091
1.124094
1.124096
1.124099
1.124101
1.124104
1.124106
1.124109
1.124111
1.124114
1.124116
1.124119
1.124121
1.124124
1.124126
1.124129
1.124131
1.124134
1.124136
1.124138
1.124141
1.124143
1.124146
1.124148
1.124151
1.124153
1.124156
1.124158
1.124161
1.124163
1.124166
1.124168
1.124171
1.124173
1.124176
1.124178
1.124181
1.124183
1.124186
1.124188
1.124190
1.124193
1.124195
1.124198
1.124200
1.124203
1.124205
1.124208
1.124210
1.124213
1.124215
1.124218
1.124220
1.124223
1.124225
1.124228
1.124230
1.124233
1.124235
1.124238
1.124240
1.124243
1.124245
1.124247
1.124250
1.124253
1.124255
1.124257
1.124260
1.124262
1.124265
1.124267
1.124270
1.124272
1.124275
1.124277
1.124280
1.124282
1.124285
1.124287
1.124290
1.124292
1.124295
1.124297
1.124300
1.124302
1.124305
1.124307
1.124309
1.124312
1.124314
1.124317
1.124319
1.124322
1.124324
1.124327
1.124329
1.124332
1.124334
1.124337
1.124339
1.124342
1.124344
1.124347
1.124349
1.124352
1.124354
1.124357
1.124359
1.124362
1.124364
1.124367
1.124369
1.124371
1.124374
1.124376
1.124379
1.124381
1.124384
1.124386
1.124389
1.124391
1.124394
1.124396
1.124399
1.124401
1.124404
1.124406
1.124409
1.124411
1.124414
1.124416
1.124419
1.124421
1.124423
1.124426
1.124428
1.124431
1.124433
1.124436
1.124438
1.124441
1.124443
1.124446
1.124448
1.124451
1.124453
1.124456
1.124458
1.124461
1.124463
1.124466
1.124468
1.124471
1.124473
1.124476
1.124478
1.124481
1.124483
1.124485
1.124488
1.124490
1.124493
1.124495
1.124498
1.124500
1.124503
1.124505
1.124508
1.124510
1.124513
1.124515
1.124518
1.124520
1.124523
1.124525
1.124528
1.124530
1.124533
1.124535
1.124538
1.124540
1.124542
1.124545
1.124547
1.124550
1.124552
1.124555
1.124557
1.124560
1.124562
1.124565
1.124567
1.124570
1.124572
1.124575
1.124577
1.124580
1.124582
1.124585
1.124587
1.124590
1.124592
1.124594
1.124597
1.124600
1.124602
1.124604
1.124607
1.124609
1.124612
1.124614
1.124617
1.124619
1.124622
1.124624
1.124627
1.124629
1.124632
1.124634
1.124637
1.124639
1.124642
1.124644
1.124647
1.124649
1.124652
1.124654
1.124657
1.124659
1.124661
1.124664
1.124666
1.124669
1.124671
1.124674
1.124676
1.124679
1.124681
1.124684
1.124686
1.124689
1.124691
1.124694
1.124696
1.124699
1.124701
1.124704
1.124706
1.124709
1.124711
1.124714
1.124716
1.124718
1.124721
1.124724
1.124726
1.124728
1.124731
1.124733
1.124736
1.124738
1.124741
1.124743
1.124746
1.124748
1.124751
1.124753
1.124756
1.124758
1.124761
1.124763
1.124766
1.124768
1.124771
1.124773
1.124776
1.124778
1.124780
1.124783
1.124785
1.124788
1.124790
1.124793
1.124795
1.124798
1.124800
1.124803
1.124805
1.124808
1.124810
1.124813
1.124815
1.124818
1.124820
1.124823
1.124825
1.124828
1.124830
1.124833
1.124835
1.124838
1.124840
1.124843
1.124845
1.124847
1.124850
1.124852
1.124855
1.124857
1.124860
1.124862
1.124865
1.124867
1.124870
1.124872
1.124875
1.124877
1.124880
1.124882
1.124885
1.124887
1.124890
1.124892
1.124895
1.124897
1.124900
1.124902
1.124905
1.124907
1.124909
1.124912
1.124914
1.124917
1.124919
1.124922
1.124924
1.124927
1.124929
1.124932
1.124934
1.124937
1.124939
1.124942
1.124944
1.124947
1.124949
1.124952
1.124954
1.124957
1.124959
1.124962
1.124964
1.124966
1.124969
1.124971
1.124974
1.124976
1.124979
1.124981
1.124984
1.124986
1.124989
1.124991
1.124994
1.124996
1.124999
1.125001
1.125004
1.125006
1.125009
1.125011
1.125014
1.125016
1.125019
1.125021
1.125024
1.125026
1.125029
1.125031
1.125033
1.125036
1.125038
1.125041
1.125043
1.125046
1.125048
1.125051
1.125053
1.125056
1.125058
1.125061
1.125063
1.125066
1.125068
1.125071
1.125073
1.125076
1.125078
1.125081
1.125083
1.125086
1.125088
1.125091
1.125093
1.125095
1.125098
1.125100
1.125103
1.125105
1.125108
1.125110
1.125113
1.125115
1.125118
1.125120
1.125123
1.125125
1.125128
1.125130
1.125133
1.125135
1.125138
1.125140
1.125143
1.125145
1.125148
1.125150
1.125152
1.125155
1.125157
1.125160
1.125162
1.125165
1.125167
1.125170
1.125172
1.125175
1.125177
1.125180
1.125182
1.125185
1.125187
1.125190
1.125192
1.125195
1.125197
1.125200
1.125202
1.125205
1.125207
1.125210
1.125212
1.125214
1.125217
1.125219
1.125222
1.125224
1.125227
1.125229
1.125232
1.125234
1.125237
1.125239
1.125242
1.125244
1.125247
1.125249
1.125252
1.125254
1.125257
1.125259
1.125262
1.125264
1.125267
1.125269
1.125272
1.125274
1.125276
1.125279
1.125281
1.125284
1.125286
1.125289
1.125291
1.125294
1.125296
1.125299
1.125301
1.125304
1.125306
1.125309
1.125311
1.125314
1.125316
1.125319
1.125321
1.125324
1.125326
1.125329
1.125331
1.125334
1.125336
1.125339
1.125341
1.125343
1.125346
1.125348
1.125351
1.125353
1.125356
1.125358
1.125361
1.125363
1.125366
1.125368
1.125371
1.125373
1.125376
1.125378
1.125381
1.125383
1.125386
1.125388
1.125391
1.125393
1.125396
1.125398
1.125401
1.125403
1.125406
1.125408
1.125411
1.125413
1.125415
1.125418
1.125420
1.125423
1.125425
1.125428
1.125430
1.125433
1.125435
1.125438
1.125440
1.125443
1.125445
1.125448
1.125450
1.125453
1.125455
1.125458
1.125460
1.125463
1.125465
1.125468
1.125470
1.125472
1.125475
1.125477
1.125480
1.125482
1.125485
1.125487
1.125490
1.125492
1.125495
1.125497
1.125500
1.125502
1.125505
1.125507
1.125510
1.125512
1.125515
1.125517
1.125520
1.125522
1.125525
1.125527
1.125530
1.125532
1.125535
1.125537
1.125539
1.125542
1.125544
1.125547
1.125549
1.125552
1.125554
1.125557
1.125559
1.125562
1.125564
1.125567
1.125569
1.125572
1.125574
1.125577
1.125579
1.125582
1.125584
1.125587
1.125589
1.125592
1.125594
1.125596
1.125599
1.125601
1.125604
1.125606
1.125609
1.125611
1.125614
1.125616
1.125619
1.125621
1.125624
1.125626
1.125629
1.125631
1.125634
1.125636
1.125639
1.125641
1.125644
1.125646
1.125649
1.125651
1.125654
1.125656
1.125659
1.125661
1.125663
1.125666
1.125668
1.125671
1.125673
1.125676
1.125678
1.125681
1.125683
1.125686
1.125688
1.125691
1.125693
1.125696
1.125698
1.125701
1.125703
1.125706
1.125708
1.125711
1.125713
1.125716
1.125718
1.125721
1.125723
1.125726
1.125728
1.125731
1.125733
1.125735
1.125738
1.125740
1.125743
1.125745
1.125748
1.125750
1.125753
1.125755
1.125758
1.125760
1.125763
1.125765
1.125768
1.125770
1.125773
1.125775
1.125778
1.125780
1.125783
1.125785
1.125788
1.125790
1.125792
1.125795
1.125797
1.125800
1.125802
1.125805
1.125807
1.125810
1.125812
1.125815
1.125817
1.125820
1.125822
1.125825
1.125827
1.125830
1.125832
1.125835
1.125837
1.125840
1.125842
1.125845
1.125847
1.125850
1.125852
1.125855
1.125857
1.125860
1.125862
1.125864
1.125867
1.125869
1.125872
1.125874
1.125877
1.125879
1.125882
1.125884
1.125887
1.125889
1.125892
1.125894
1.125897
1.125899
1.125902
1.125904
1.125907
1.125909
1.125912
1.125914
1.125917
1.125919
1.125922
1.125924
1.125927
1.125929
1.125931
1.125934
1.125936
1.125939
1.125941
1.125944
1.125946
1.125949
1.125951
1.125954
1.125956
1.125959
1.125961
1.125964
1.125966
1.125969
1.125971
1.125974
1.125976
1.125979
1.125981
1.125984
1.125986
1.125988
1.125991
1.125994
1.125996
1.125999
1.126001
1.126003
1.126006
1.126008
1.126011
1.126013
1.126016
1.126018
1.126021
1.126023
1.126026
1.126028
1.126031
1.126033
1.126036
1.126038
1.126041
1.126043
1.126046
1.126048
1.126051
1.126053
1.126056
1.126058
1.126061
1.126063
1.126065
1.126068
1.126070
1.126073
1.126075
1.126078
1.126080
1.126083
1.126085
1.126088
1.126090
1.126093
1.126095
1.126098
1.126100
1.126103
1.126105
1.126108
1.126110
1.126113
1.126115
1.126118
1.126120
1.126123
1.126125
1.126128
1.126130
1.126133
1.126135
1.126137
1.126140
1.126142
1.126145
1.126147
1.126150
1.126152
1.126155
1.126157
1.126160
1.126162
1.126165
1.126167
1.126170
1.126172
1.126175
1.126177
1.126180
1.126182
1.126185
1.126187
1.126190
1.126192
1.126195
1.126197
1.126200
1.126202
1.126205
1.126207
1.126209
1.126212
1.126214
1.126217
1.126219
1.126222
1.126224
1.126227
1.126229
1.126232
1.126234
1.126237
1.126239
1.126242
1.126244
1.126247
1.126249
1.126252
1.126254
1.126257
1.126259
1.126262
1.126264
1.126267
1.126269
1.126272
1.126274
1.126276
1.126279
1.126281
1.126284
1.126286
1.126289
1.126291
1.126294
1.126296
1.126299
1.126301
1.126304
1.126306
1.126309
1.126311
1.126314
1.126316
1.126319
1.126321
1.126324
1.126326
1.126329
1.126331
1.126334
1.126336
1.126339
1.126341
1.126343
1.126346
1.126348
1.126351
1.126353
1.126356
1.126358
1.126361
1.126363
1.126366
1.126368
1.126371
1.126373
1.126376
1.126378
1.126381
1.126383
1.126386
1.126388
1.126391
1.126393
1.126396
1.126398
1.126401
1.126403
1.126406
1.126408
1.126411
1.126413
1.126415
1.126418
1.126420
1.126423
1.126425
1.126428
1.126430
1.126433
1.126435
1.126438
1.126440
1.126443
1.126445
1.126448
1.126450
1.126453
1.126455
1.126458
1.126460
1.126463
1.126465
1.126468
1.126470
1.126473
1.126475
1.126478
1.126480
1.126482
1.126485
1.126487
1.126490
1.126492
1.126495
1.126497
1.126499
1.126501
1.126503
1.126506
1.126508
1.126510
1.126512
1.126514
1.126516
1.126519
1.126521
1.126523
1.126525
1.126527
1.126529
1.126532
1.126534
1.126536
1.126538
1.126540
1.126542
1.126545
1.126547
1.126549
1.126551
1.126553
1.126556
1.126558
1.126560
1.126562
1.126564
1.126566
1.126569
1.126571
1.126573
1.126575
1.126577
1.126579
1.126582
1.126584
1.126586
1.126588
1.126590
1.126593
1.126595
1.126597
1.126599
1.126601
1.126603
1.126605
1.126608
1.126610
1.126612
1.126614
1.126616
1.126619
1.126621
1.126623
1.126625
1.126627
1.126629
1.126632
1.126634
1.126636
1.126638
1.126640
1.126642
1.126645
1.126647
1.126649
1.126651
1.126653
1.126656
1.126658
1.126660
1.126662
1.126664
1.126666
1.126669
1.126671
1.126673
1.126675
1.126677
1.126679
1.126682
1.126684
1.126686
1.126688
1.126690
1.126692
1.126695
1.126697
1.126699
1.126701
1.126703
1.126706
1.126708
1.126710
1.126712
1.126714
1.126716
1.126719
1.126721
1.126723
1.126725
1.126727
1.126729
1.126732
1.126734
1.126736
1.126738
1.126740
1.126743
1.126745
1.126747
1.126749
1.126751
1.126753
1.126756
1.126758
1.126760
1.126762
1.126764
1.126766
1.126769
1.126771
1.126773
1.126775
1.126777
1.126779
1.126782
1.126784
1.126786
1.126788
1.126790
1.126793
1.126795
1.126797
1.126799
1.126801
1.126803
1.126805
1.126808
1.126810
1.126812
1.126814
1.126816
1.126819
1.126821
1.126823
1.126825
1.126827
1.126829
1.126832
1.126834
1.126836
1.126838
1.126840
1.126842
1.126845
1.126847
1.126849
1.126851
1.126853
1.126856
1.126858
1.126860
1.126862
1.126864
1.126866
1.126869
1.126871
1.126873
1.126875
1.126877
1.126879
1.126882
1.126884
1.126886
1.126888
1.126890
1.126892
1.126895
1.126897
1.126899
1.126901
1.126903
1.126906
1.126908
1.126910
1.126912
1.126914
1.126916
1.126919
1.126921
1.126923
1.126925
1.126927
1.126929
1.126932
1.126934
1.126936
1.126938
1.126940
1.126943
1.126945
1.126947
1.126949
1.126951
1.126953
1.126956
1.126958
1.126960
1.126962
1.126964
1.126966
1.126969
1.126971
1.126973
1.126975
1.126977
1.126979
1.126982
1.126984
1.126986
1.126988
1.126990
1.126993
1.126995
1.126997
1.126999
1.127001
1.127003
1.127006
1.127008
1.127010
1.127012
1.127014
1.127016
1.127019
1.127021
1.127023
1.127025
1.127027
1.127029
1.127032
1.127034
1.127036
1.127038
1.127040
1.127042
1.127045
1.127047
1.127049
1.127051
1.127053
1.127056
1.127058
1.127060
1.127062
1.127064
1.127066
1.127069
1.127071
1.127073
1.127075
1.127077
1.127080
1.127082
1.127084
1.127086
1.127088
1.127090
1.127093
1.127095
1.127097
1.127099
1.127101
1.127103
1.127106
1.127108
1.127110
1.127112
1.127114
1.127116
1.127119
1.127121
1.127123
1.127125
1.127127
1.127130
1.127132
1.127134
1.127136
1.127138
1.127140
1.127143
1.127145
1.127147
1.127149
1.127151
1.127153
1.127156
1.127158
1.127160
1.127162
1.127164
1.127167
1.127169
1.127171
1.127173
1.127175
1.127177
1.127179
1.127182
1.127184
1.127186
1.127188
1.127190
1.127193
1.127195
1.127197
1.127199
1.127201
1.127203
1.127206
1.127208
1.127210
1.127212
1.127214
1.127217
1.127219
1.127221
1.127223
1.127225
1.127227
1.127230
1.127232
1.127234
1.127236
1.127238
1.127240
1.127243
1.127245
1.127247
1.127249
1.127251
1.127253
1.127256
1.127258
1.127260
1.127262
1.127264
1.127266
1.127269
1.127271
1.127273
1.127275
1.127277
1.127280
1.127282
1.127284
1.127286
1.127288
1.127290
1.127293
1.127295
1.127297
1.127299
1.127301
1.127303
1.127306
1.127308
1.127310
1.127312
1.127314
1.127317
1.127319
1.127321
1.127323
1.127325
1.127327
1.127330
1.127332
1.127334
1.127336
1.127338
1.127340
1.127343
1.127345
1.127347
1.127349
1.127351
1.127354
1.127356
1.127358
1.127360
1.127362
1.127364
1.127367
1.127369
1.127371
1.127373
1.127375
1.127377
1.127380
1.127382
1.127384
1.127386
1.127388
1.127391
1.127393
1.127395
1.127397
1.127399
1.127401
1.127404
1.127406
1.127408
1.127410
1.127412
1.127414
1.127417
1.127419
1.127421
1.127423
1.127425
1.127427
1.127430
1.127432
1.127434
1.127436
1.127438
1.127441
1.127443
1.127445
1.127447
1.127449
1.127451
1.127454
1.127456
1.127458
1.127460
1.127462
1.127464
1.127467
1.127469
1.127471
1.127473
1.127475
1.127478
1.127480
1.127482
1.127484
1.127486
1.127488
1.127491
1.127493
1.127495
1.127497
1.127499
1.127501
1.127504
1.127506
1.127508
1.127510
1.127512
1.127514
1.127517
1.127519
1.127521
1.127523
1.127525
1.127528
1.127530
1.127532
1.127534
1.127536
1.127538
1.127541
1.127543
1.127545
1.127547
1.127549
1.127551
1.127554
1.127556
1.127558
1.127560
1.127562
1.127564
1.127567
1.127569
1.127571
1.127573
1.127575
1.127578
1.127580
1.127582
1.127584
1.127586
1.127588
1.127591
1.127593
1.127595
1.127597
1.127599
1.127601
1.127604
1.127606
1.127608
1.127610
1.127612
1.127615
1.127617
1.127619
1.127621
1.127623
1.127625
1.127628
1.127630
1.127632
1.127634
1.127636
1.127638
1.127641
1.127643
1.127645
1.127647
1.127649
1.127652
1.127654
1.127656
1.127658
1.127660
1.127662
1.127665
1.127667
1.127669
1.127671
1.127673
1.127675
1.127678
1.127680
1.127682
1.127684
1.127686
1.127688
1.127691
1.127693
1.127695
1.127697
1.127699
1.127702
1.127704
1.127706
1.127708
1.127710
1.127712
1.127715
1.127717
1.127719
1.127721
1.127723
1.127725
1.127728
1.127730
1.127732
1.127734
1.127736
1.127739
1.127741
1.127743
1.127745
1.127747
1.127749
1.127752
1.127754
1.127756
1.127758
1.127760
1.127762
1.127765
1.127767
1.127769
1.127771
1.127773
1.127776
1.127778
1.127780
1.127782
1.127784
1.127786
1.127789
1.127791
1.127793
1.127795
1.127797
1.127799
1.127802
1.127804
1.127806
1.127808
1.127810
1.127812
1.127815
1.127817
1.127819
1.127821
1.127823
1.127826
1.127828
1.127830
1.127832
1.127834
1.127836
1.127839
1.127841
1.127843
1.127845
1.127847
1.127849
1.127852
1.127854
1.127856
1.127858
1.127860
1.127863
1.127865
1.127867
1.127869
1.127871
1.127873
1.127876
1.127878
1.127880
1.127882
1.127884
1.127886
1.127889
1.127891
1.127893
1.127895
1.127897
1.127900
1.127902
1.127904
1.127906
1.127908
1.127910
1.127913
1.127915
1.127917
1.127919
1.127921
1.127923
1.127926
1.127928
1.127930
1.127932
1.127934
1.127936
1.127939
1.127941
1.127943
1.127945
1.127947
1.127950
1.127952
1.127954
1.127956
1.127958
1.127960
1.127963
1.127965
1.127967
1.127969
1.127971
1.127973
1.127976
1.127978
1.127980
1.127982
1.127984
1.127987
1.127989
1.127991
1.127993
1.127995
1.127997
1.128000
1.128002
1.128004
1.128006
1.128008
1.128010
1.128013
1.128015
1.128017
1.128019
1.128021
1.128024
1.128026
1.128028
1.128030
1.128032
1.128034
1.128037
1.128039
1.128041
1.128043
1.128045
1.128047
1.128050
1.128052
1.128054
1.128056
1.128058
1.128060
1.128063
1.128065
1.128067
1.128069
1.128071
1.128074
1.128076
1.128078
1.128080
1.128082
1.128084
1.128087
1.128089
1.128091
1.128093
1.128095
1.128098
1.128100
1.128102
1.128104
1.128106
1.128108
1.128111
1.128113
1.128115
1.128117
1.128119
1.128121
1.128124
1.128126
1.128128
1.128130
1.128132
1.128134
1.128137
1.128139
1.128141
1.128143
1.128145
1.128148
1.128150
1.128152
1.128154
1.128156
1.128158
1.128161
1.128163
1.128165
1.128167
1.128169
1.128171
1.128174
1.128176
1.128178
1.128180
1.128182
1.128185
1.128187
1.128189
1.128191
1.128193
1.128196
1.128198
1.128200
1.128202
1.128204
1.128206
1.128209
1.128211
1.128213
1.128215
1.128217
1.128219
1.128222
1.128224
1.128226
1.128228
1.128230
1.128232
1.128235
1.128237
1.128239
1.128241
1.128243
1.128246
1.128248
1.128250
1.128252
1.128254
1.128256
1.128259
1.128261
1.128263
1.128265
1.128267
1.128269
1.128272
1.128274
1.128276
1.128278
1.128280
1.128283
1.128285
1.128287
1.128289
1.128291
1.128293
1.128295
1.128298
1.128300
1.128302
1.128304
1.128306
1.128309
1.128311
1.128313
1.128315
1.128317
1.128320
1.128322
1.128324
1.128326
1.128328
1.128330
1.128333
1.128335
1.128337
1.128339
1.128341
1.128343
1.128346
1.128348
1.128350
1.128352
1.128354
1.128356
1.128359
1.128361
1.128363
1.128365
1.128367
1.128369
1.128372
1.128374
1.128376
1.128378
1.128380
1.128383
1.128385
1.128387
1.128389
1.128391
1.128394
1.128396
1.128398
1.128400
1.128402
1.128404
1.128407
1.128409
1.128411
1.128413
1.128415
1.128417
1.128420
1.128422
1.128424
1.128426
1.128428
1.128430
1.128433
1.128435
1.128437
1.128439
1.128441
1.128444
1.128446
1.128448
1.128450
1.128452
1.128454
1.128457
1.128459
1.128461
1.128463
1.128465
1.128468
1.128470
1.128472
1.128474
1.128476
1.128478
1.128481
1.128483
1.128485
1.128487
1.128489
1.128491
1.128494
1.128496
1.128498
1.128500
1.128502
1.128505
1.128507
1.128509
1.128511
1.128513
1.128515
1.128518
1.128520
1.128522
1.128524
1.128526
1.128529
1.128531
1.128533
1.128535
1.128537
1.128539
1.128542
1.128544
1.128546
1.128548
1.128550
1.128552
1.128555
1.128557
1.128559
1.128561
1.128563
1.128566
1.128568
1.128570
1.128572
1.128574
1.128576
1.128579
1.128581
1.128583
1.128585
1.128587
1.128589
1.128592
1.128594
1.128596
1.128598
1.128600
1.128602
1.128605
1.128607
1.128609
1.128611
1.128613
1.128616
1.128618
1.128620
1.128622
1.128624
1.128626
1.128629
1.128631
1.128633
1.128635
1.128637
1.128639
1.128642
1.128644
1.128646
1.128648
1.128650
1.128653
1.128655
1.128657
1.128659
1.128661
1.128663
1.128666
1.128668
1.128670
1.128672
1.128674
1.128676
1.128679
1.128681
1.128683
1.128685
1.128687
1.128690
1.128692
1.128694
1.128696
1.128698
1.128700
1.128703
1.128705
1.128707
1.128709
1.128711
1.128713
1.128716
1.128718
1.128720
1.128722
1.128724
1.128727
1.128729
1.128731
1.128733
1.128735
1.128737
1.128740
1.128742
1.128744
1.128746
1.128748
1.128750
1.128753
1.128755
1.128757
1.128759
1.128761
1.128763
1.128766
1.128768
1.128770
1.128772
1.128774
1.128777
1.128779
1.128781
1.128783
1.128785
1.128788
1.128790
1.128792
1.128794
1.128796
1.128798
1.128801
1.128803
1.128805
1.128807
1.128809
1.128811
1.128814
1.128816
1.128818
1.128820
1.128822
1.128825
1.128827
1.128829
1.128831
1.128833
1.128835
1.128838
1.128840
1.128842
1.128844
1.128846
1.128849
1.128851
1.128853
1.128855
1.128857
1.128859
1.128862
1.128864
1.128866
1.128868
1.128870
1.128872
1.128875
1.128877
1.128879
1.128881
1.128883
1.128885
1.128888
1.128890
1.128892
1.128894
1.128896
1.128899
1.128901
1.128903
1.128905
1.128907
1.128909
1.128912
1.128914
1.128916
1.128918
1.128920
1.128922
1.128925
1.128927
1.128929
1.128931
1.128933
1.128936
1.128938
1.128940
1.128942
1.128944
1.128946
1.128949
1.128951
1.128953
1.128955
1.128957
1.128960
1.128962
1.128964
1.128966
1.128968
1.128971
1.128973
1.128975
1.128977
1.128979
1.128981
1.128984
1.128986
1.128988
1.128990
1.128992
1.128994
1.128997
1.128999
1.129001
1.129003
1.129005
1.129007
1.129010
1.129012
1.129014
1.129016
1.129018
1.129020
1.129023
1.129025
1.129027
1.129029
1.129031
1.129034
1.129036
1.129038
1.129040
1.129042
1.129044
1.129047
1.129049
1.129051
1.129053
1.129055
1.129057
1.129060
1.129062
1.129064
1.129066
1.129068
1.129071
1.129073
1.129075
1.129077
1.129079
1.129082
1.129084
1.129086
1.129088
1.129090
1.129092
1.129095
1.129097
1.129099
1.129101
1.129103
1.129105
1.129108
1.129110
1.129112
1.129114
1.129116
1.129119
1.129121
1.129123
1.129125
1.129127
1.129129
1.129132
1.129134
1.129136
1.129138
1.129140
1.129142
1.129145
1.129147
1.129149
1.129151
1.129153
1.129156
1.129158
1.129160
1.129162
1.129164
1.129166
1.129169
1.129171
1.129173
1.129175
1.129177
1.129180
1.129182
1.129184
1.129186
1.129188
1.129190
1.129193
1.129195
1.129197
1.129199
1.129201
1.129203
1.129206
1.129208
1.129210
1.129212
1.129214
1.129216
1.129219
1.129221
1.129223
1.129225
1.129227
1.129230
1.129232
1.129234
1.129236
1.129238
1.129240
1.129243
1.129245
1.129247
1.129249
1.129251
1.129254
1.129256
1.129258
1.129260
1.129262
1.129264
1.129267
1.129269
1.129271
1.129273
1.129275
1.129277
1.129280
1.129282
1.129284
1.129286
1.129288
1.129291
1.129293
1.129295
1.129297
1.129299
1.129301
1.129304
1.129306
1.129308
1.129310
1.129312
1.129314
1.129317
1.129319
1.129321
1.129323
1.129325
1.129328
1.129330
1.129332
1.129334
1.129336
1.129338
1.129341
1.129343
1.129345
1.129347
1.129349
1.129352
1.129354
1.129356
1.129358
1.129360
1.129362
1.129365
1.129367
1.129369
1.129371
1.129373
1.129375
1.129378
1.129380
1.129382
1.129384
1.129386
1.129389
1.129391
1.129393
1.129395
1.129397
1.129400
1.129402
1.129404
1.129406
1.129408
1.129410
1.129412
1.129415
1.129417
1.129419
1.129421
1.129423
1.129426
1.129428
1.129430
1.129432
1.129434
1.129436
1.129439
1.129441
1.129443
1.129445
1.129447
1.129450
1.129452
1.129454
1.129456
1.129458
1.129460
1.129463
1.129465
1.129467
1.129469
1.129471
1.129474
1.129476
1.129478
1.129480
1.129482
1.129484
1.129487
1.129489
1.129491
1.129493
1.129495
1.129497
1.129500
1.129502
1.129504
1.129506
1.129508
1.129510
1.129513
1.129515
1.129517
1.129519
1.129521
1.129524
1.129526
1.129528
1.129530
1.129532
1.129534
1.129537
1.129539
1.129541
1.129543
1.129545
1.129548
1.129550
1.129552
1.129554
1.129556
1.129559
1.129561
1.129563
1.129565
1.129567
1.129569
1.129571
1.129574
1.129576
1.129578
1.129580
1.129582
1.129585
1.129587
1.129589
1.129591
1.129593
1.129595
1.129598
1.129600
1.129602
1.129604
1.129606
1.129609
1.129611
1.129613
1.129615
1.129617
1.129620
1.129622
1.129624
1.129626
1.129628
1.129630
1.129632
1.129635
1.129637
1.129639
1.129641
1.129643
1.129646
1.129648
1.129650
1.129652
1.129654
1.129657
1.129659
1.129661
1.129663
1.129665
1.129667
1.129670
1.129672
1.129674
1.129676
1.129678
1.129680
1.129683
1.129685
1.129687
1.129689
1.129691
1.129693
1.129696
1.129698
1.129700
1.129702
1.129704
1.129707
1.129709
1.129711
1.129713
1.129715
1.129718
1.129720
1.129722
1.129724
1.129726
1.129728
1.129731
1.129733
1.129735
1.129737
1.129739
1.129741
1.129744
1.129746
1.129748
1.129750
1.129752
1.129755
1.129757
1.129759
1.129761
1.129763
1.129765
1.129768
1.129770
1.129772
1.129774
1.129776
1.129779
1.129781
1.129783
1.129785
1.129787
1.129789
1.129792
1.129794
1.129796
1.129798
1.129800
1.129802
1.129805
1.129807
1.129809
1.129811
1.129813
1.129816
1.129818
1.129820
1.129822
1.129824
1.129826
1.129829
1.129831
1.129833
1.129835
1.129837
1.129839
1.129842
1.129844
1.129846
1.129848
1.129850
1.129853
1.129855
1.129857
1.129859
1.129861
1.129863
1.129866
1.129868
1.129870
1.129872
1.129874
1.129877
1.129879
1.129881
1.129883
1.129885
1.129887
1.129890
1.129892
1.129894
1.129896
1.129898
1.129901
1.129903
1.129905
1.129907
1.129909
1.129911
1.129914
1.129916
1.129918
1.129920
1.129922
1.129924
1.129927
1.129929
1.129931
1.129933
1.129935
1.129937
1.129940
1.129942
1.129944
1.129946
1.129948
1.129951
1.129953
1.129955
1.129957
1.129959
1.129961
1.129964
1.129966
1.129968
1.129970
1.129972
1.129975
1.129977
1.129979
1.129981
1.129983
1.129985
1.129988
1.129990
1.129992
1.129994
1.129996
1.129999
1.130001
1.130003
1.130005
1.130007
1.130010
1.130012
1.130014
1.130016
1.130018
1.130020
1.130023
1.130025
1.130027
1.130029
1.130031
1.130033
1.130036
1.130038
1.130040
1.130042
1.130044
1.130046
1.130049
1.130051
1.130053
1.130055
1.130057
1.130060
1.130062
1.130064
1.130066
1.130068
1.130070
1.130073
1.130075
1.130077
1.130079
1.130081
1.130084
1.130086
1.130088
1.130090
1.130092
1.130094
1.130097
1.130099
1.130101
1.130103
1.130105
1.130108
1.130110
1.130112
1.130114
1.130116
1.130118
1.130121
1.130123
1.130125
1.130127
1.130129
1.130131
1.130134
1.130136
1.130138
1.130140
1.130142
1.130145
1.130147
1.130149
1.130151
1.130153
1.130155
1.130158
1.130160
1.130162
1.130164
1.130166
1.130169
1.130171
1.130173
1.130175
1.130177
1.130179
1.130182
1.130184
1.130186
1.130188
1.130190
1.130193
1.130195
1.130197
1.130199
1.130201
1.130203
1.130206
1.130208
1.130210
1.130212
1.130214
1.130216
1.130219
1.130221
1.130223
1.130225
1.130227
1.130230
1.130232
1.130234
1.130236
1.130238
1.130240
1.130243
1.130245
1.130247
1.130249
1.130251
1.130254
1.130256
1.130258
1.130260
1.130262
1.130264
1.130267
1.130269
1.130271
1.130273
1.130275
1.130277
1.130280
1.130282
1.130284
1.130286
1.130288
1.130291
1.130293
1.130295
1.130297
1.130299
1.130301
1.130304
1.130306
1.130308
1.130310
1.130312
1.130315
1.130317
1.130319
1.130321
1.130323
1.130325
1.130328
1.130330
1.130332
1.130334
1.130336
1.130338
1.130341
1.130343
1.130345
1.130347
1.130349
1.130352
1.130354
1.130356
1.130358
1.130360
1.130363
1.130365
1.130367
1.130369
1.130371
1.130373
1.130376
1.130378
1.130380
1.130382
1.130384
1.130386
1.130389
1.130391
1.130393
1.130395
1.130397
1.130400
1.130402
1.130404
1.130406
1.130408
1.130410
1.130413
1.130415
1.130417
1.130419
1.130421
1.130424
1.130426
1.130428
1.130430
1.130432
1.130435
1.130437
1.130439
1.130441
1.130443
1.130445
1.130447
1.130450
1.130452
1.130454
1.130456
1.130458
1.130461
1.130463
1.130465
1.130467
1.130469
1.130471
1.130474
1.130476
1.130478
1.130480
1.130482
1.130485
1.130487
1.130489
1.130491
1.130493
1.130495
1.130498
1.130500
1.130502
1.130504
1.130506
1.130509
1.130511
1.130513
1.130515
1.130517
1.130519
1.130522
1.130524
1.130526
1.130528
1.130530
1.130533
1.130535
1.130537
1.130539
1.130541
1.130543
1.130546
1.130548
1.130550
1.130552
1.130554
1.130557
1.130559
1.130561
1.130563
1.130565
1.130567
1.130570
1.130572
1.130574
1.130576
1.130578
1.130580
1.130583
1.130585
1.130587
1.130589
1.130591
1.130594
1.130596
1.130598
1.130600
1.130602
1.130605
1.130607
1.130609
1.130611
1.130613
1.130615
1.130617
1.130620
1.130622
1.130624
1.130626
1.130628
1.130631
1.130633
1.130635
1.130637
1.130639
1.130642
1.130644
1.130646
1.130648
1.130650
1.130652
1.130655
1.130657
1.130659
1.130661
1.130663
1.130665
1.130668
1.130670
1.130672
1.130674
1.130676
1.130679
1.130681
1.130683
1.130685
1.130687
1.130690
1.130692
1.130694
1.130696
1.130698
1.130700
1.130703
1.130705
1.130707
1.130709
1.130711
1.130713
1.130716
1.130718
1.130720
1.130722
1.130724
1.130727
1.130729
1.130731
1.130733
1.130735
1.130737
1.130740
1.130742
1.130744
1.130746
1.130748
1.130751
1.130753
1.130755
1.130757
1.130759
1.130761
1.130764
1.130766
1.130768
1.130770
1.130772
1.130775
1.130777
1.130779
1.130781
1.130783
1.130785
1.130788
1.130790
1.130792
1.130794
1.130796
1.130799
1.130801
1.130803
1.130805
1.130807
1.130809
1.130812
1.130814
1.130816
1.130818
1.130820
1.130822
1.130825
1.130827
1.130829
1.130831
1.130833
1.130836
1.130838
1.130840
1.130842
1.130844
1.130846
1.130849
1.130851
1.130853
1.130855
1.130857
1.130860
1.130862
1.130864
1.130866
1.130868
1.130870
1.130873
1.130875
1.130877
1.130879
1.130881
1.130884
1.130886
1.130888
1.130890
1.130892
1.130894
1.130897
1.130899
1.130901
1.130903
1.130905
1.130908
1.130910
1.130912
1.130914
1.130916
1.130918
1.130921
1.130923
1.130925
1.130927
1.130929
1.130932
1.130934
1.130936
1.130938
1.130940
1.130942
1.130945
1.130947
1.130949
1.130951
1.130953
1.130956
1.130958
1.130960
1.130962
1.130964
1.130966
1.130969
1.130971
1.130973
1.130975
1.130977
1.130979
1.130982
1.130984
1.130986
1.130988
1.130990
1.130993
1.130995
1.130997
1.130999
1.131001
1.131003
1.131006
1.131008
1.131010
1.131012
1.131014
1.131017
1.131019
1.131021
1.131023
1.131025
1.131027
1.131030
1.131032
1.131034
1.131036
1.131038
1.131041
1.131043
1.131045
1.131047
1.131049
1.131051
1.131054
1.131056
1.131058
1.131060
1.131062
1.131065
1.131067
1.131069
1.131071
1.131073
1.131075
1.131078
1.131080
1.131082
1.131084
1.131086
1.131088
1.131091
1.131093
1.131095
1.131097
1.131099
1.131102
1.131104
1.131106
1.131108
1.131110
1.131112
1.131115
1.131117
1.131119
1.131121
1.131123
1.131126
1.131128
1.131130
1.131132
1.131134
1.131136
1.131139
1.131141
1.131143
1.131145
1.131147
1.131150
1.131152
1.131154
1.131156
1.131158
1.131160
1.131163
1.131165
1.131167
1.131169
1.131171
1.131174
1.131176
1.131178
1.131180
1.131182
1.131184
1.131187
1.131189
1.131191
1.131193
1.131195
1.131198
1.131200
1.131202
1.131204
1.131206
1.131208
1.131211
1.131213
1.131215
1.131217
1.131219
1.131222
1.131224
1.131226
1.131228
1.131230
1.131232
1.131235
1.131237
1.131239
1.131241
1.131243
1.131246
1.131248
1.131250
1.131252
1.131254
1.131256
1.131259
1.131261
1.131263
1.131265
1.131267
1.131269
1.131272
1.131274
1.131276
1.131278
1.131280
1.131283
1.131285
1.131287
1.131289
1.131291
1.131294
1.131296
1.131298
1.131300
1.131302
1.131304
1.131307
1.131309
1.131311
1.131313
1.131315
1.131318
1.131320
1.131322
1.131324
1.131326
1.131328
1.131331
1.131333
1.131335
1.131337
1.131339
1.131341
1.131344
1.131346
1.131348
1.131350
1.131352
1.131355
1.131357
1.131359
1.131361
1.131363
1.131365
1.131368
1.131370
1.131372
1.131374
1.131376
1.131379
1.131381
1.131383
1.131385
1.131387
1.131389
1.131392
1.131394
1.131396
1.131398
1.131400
1.131403
1.131405
1.131407
1.131409
1.131411
1.131413
1.131416
1.131418
1.131420
1.131422
1.131424
1.131427
1.131429
1.131431
1.131433
1.131435
1.131437
1.131440
1.131442
1.131444
1.131446
1.131448
1.131451
1.131453
1.131455
1.131457
1.131459
1.131461
1.131464
1.131466
1.131468
1.131470
1.131472
1.131475
1.131477
1.131479
1.131481
1.131483
1.131485
1.131488
1.131490
1.131492
1.131494
1.131496
1.131499
1.131501
1.131503
1.131505
1.131507
1.131509
1.131512
1.131514
1.131516
1.131518
1.131520
1.131523
1.131525
1.131527
1.131529
1.131531
1.131533
1.131536
1.131538
1.131540
1.131542
1.131544
1.131546
1.131549
1.131551
1.131553
1.131555
1.131557
1.131560
1.131562
1.131564
1.131566
1.131568
1.131571
1.131573
1.131575
1.131577
1.131579
1.131581
1.131584
1.131586
1.131588
1.131590
1.131592
1.131595
1.131597
1.131599
1.131601
1.131603
1.131605
1.131608
1.131610
1.131612
1.131614
1.131616
1.131619
1.131621
1.131623
1.131625
1.131627
1.131629
1.131632
1.131634
1.131636
1.131638
1.131640
1.131643
1.131645
1.131647
1.131649
1.131651
1.131653
1.131656
1.131658
1.131660
1.131662
1.131664
1.131667
1.131669
1.131671
1.131673
1.131675
1.131677
1.131680
1.131682
1.131684
1.131686
1.131688
1.131691
1.131693
1.131695
1.131697
1.131699
1.131701
1.131704
1.131706
1.131708
1.131710
1.131712
1.131714
1.131717
1.131719
1.131721
1.131723
1.131725
1.131728
1.131730
1.131732
1.131734
1.131736
1.131738
1.131741
1.131743
1.131745
1.131747
1.131749
1.131752
1.131754
1.131756
1.131758
1.131760
1.131763
1.131765
1.131767
1.131769
1.131771
1.131773
1.131776
1.131778
1.131780
1.131782
1.131784
1.131787
1.131789
1.131791
1.131793
1.131795
1.131797
1.131800
1.131802
1.131804
1.131806
1.131808
1.131811
1.131813
1.131815
1.131817
1.131819
1.131821
1.131824
1.131826
1.131828
1.131830
1.131832
1.131834
1.131837
1.131839
1.131841
1.131843
1.131845
1.131848
1.131850
1.131852
1.131854
1.131856
1.131859
1.131861
1.131863
1.131865
1.131867
1.131869
1.131872
1.131874
1.131876
1.131878
1.131880
1.131882
1.131885
1.131887
1.131889
1.131891
1.131893
1.131896
1.131898
1.131900
1.131902
1.131904
1.131906
1.131908
1.131910
1.131913
1.131915
1.131917
1.131919
1.131921
1.131923
1.131925
1.131927
1.131929
1.131931
1.131933
1.131935
1.131937
1.131939
1.131941
1.131943
1.131945
1.131947
1.131950
1.131952
1.131954
1.131956
1.131958
1.131960
1.131962
1.131964
1.131966
1.131968
1.131970
1.131972
1.131974
1.131976
1.131978
1.131980
1.131982
1.131984
1.131987
1.131989
1.131991
1.131993
1.131995
1.131997
1.131999
1.132001
1.132003
1.132005
1.132007
1.132009
1.132011
1.132013
1.132015
1.132017
1.132019
1.132021
1.132023
1.132026
1.132028
1.132030
1.132032
1.132034
1.132036
1.132038
1.132040
1.132042
1.132044
1.132046
1.132048
1.132050
1.132052
1.132054
1.132056
1.132058
1.132060
1.132062
1.132065
1.132067
1.132069
1.132071
1.132073
1.132075
1.132077
1.132079
1.132081
1.132083
1.132085
1.132087
1.132089
1.132091
1.132093
1.132095
1.132097
1.132099
1.132101
1.132104
1.132106
1.132108
1.132110
1.132112
1.132114
1.132116
1.132118
1.132120
1.132122
1.132124
1.132126
1.132128
1.132130
1.132132
1.132134
1.132136
1.132139
1.132141
1.132143
1.132145
1.132147
1.132149
1.132151
1.132153
1.132155
1.132157
1.132159
1.132161
1.132163
1.132165
1.132167
1.132169
1.132171
1.132173
1.132175
1.132177
1.132180
1.132182
1.132184
1.132186
1.132188
1.132190
1.132192
1.132194
1.132196
1.132198
1.132200
1.132202
1.132204
1.132206
1.132208
1.132210
1.132212
1.132215
1.132217
1.132219
1.132221
1.132223
1.132225
1.132227
1.132229
1.132231
1.132233
1.132235
1.132237
1.132239
1.132241
1.132243
1.132245
1.132247
1.132249
1.132251
1.132253
1.132256
1.132258
1.132260
1.132262
1.132264
1.132266
1.132268
1.132270
1.132272
1.132274
1.132276
1.132278
1.132280
1.132282
1.132284
1.132286
1.132288
1.132290
1.132293
1.132295
1.132297
1.132299
1.132301
1.132303
1.132305
1.132307
1.132309
1.132311
1.132313
1.132315
1.132317
1.132319
1.132321
1.132323
1.132325
1.132327
1.132329
1.132332
1.132334
1.132336
1.132338
1.132340
1.132342
1.132344
1.132346
1.132348
1.132350
1.132352
1.132354
1.132356
1.132358
1.132360
1.132362
1.132364
1.132367
1.132368
1.132371
1.132373
1.132375
1.132377
1.132379
1.132381
1.132383
1.132385
1.132387
1.132389
1.132391
1.132393
1.132395
1.132397
1.132399
1.132401
1.132403
1.132405
1.132408
1.132410
1.132412
1.132414
1.132416
1.132418
1.132420
1.132422
1.132424
1.132426
1.132428
1.132430
1.132432
1.132434
1.132436
1.132438
1.132440
1.132442
1.132445
1.132447
1.132449
1.132451
1.132453
1.132455
1.132457
1.132459
1.132461
1.132463
1.132465
1.132467
1.132469
1.132471
1.132473
1.132475
1.132477
1.132479
1.132481
1.132484
1.132486
1.132488
1.132490
1.132492
1.132494
1.132496
1.132498
1.132500
1.132502
1.132504
1.132506
1.132508
1.132510
1.132512
1.132514
1.132516
1.132518
1.132521
1.132523
1.132525
1.132527
1.132529
1.132531
1.132533
1.132535
1.132537
1.132539
1.132541
1.132543
1.132545
1.132547
1.132549
1.132551
1.132553
1.132555
1.132557
1.132560
1.132562
1.132564
1.132566
1.132568
1.132570
1.132572
1.132574
1.132576
1.132578
1.132580
1.132582
1.132584
1.132586
1.132588
1.132590
1.132592
1.132595
1.132597
1.132599
1.132601
1.132603
1.132605
1.132607
1.132609
1.132611
1.132613
1.132615
1.132617
1.132619
1.132621
1.132623
1.132625
1.132627
1.132629
1.132631
1.132634
1.132636
1.132638
1.132640
1.132642
1.132644
1.132646
1.132648
1.132650
1.132652
1.132654
1.132656
1.132658
1.132660
1.132662
1.132664
1.132666
1.132668
1.132671
1.132673
1.132675
1.132677
1.132679
1.132681
1.132683
1.132685
1.132687
1.132689
1.132691
1.132693
1.132695
1.132697
1.132699
1.132701
1.132703
1.132705
1.132707
1.132710
1.132712
1.132714
1.132716
1.132718
1.132720
1.132722
1.132724
1.132726
1.132728
1.132730
1.132732
1.132734
1.132736
1.132738
1.132740
1.132742
1.132744
1.132747
1.132749
1.132751
1.132753
1.132755
1.132757
1.132759
1.132761
1.132763
1.132765
1.132767
1.132769
1.132771
1.132773
1.132775
1.132777
1.132779
1.132781
1.132784
1.132786
1.132788
1.132790
1.132792
1.132794
1.132796
1.132798
1.132800
1.132802
1.132804
1.132806
1.132808
1.132810
1.132812
1.132814
1.132816
1.132819
1.132820
1.132823
1.132825
1.132827
1.132829
1.132831
1.132833
1.132835
1.132837
1.132839
1.132841
1.132843
1.132845
1.132847
1.132849
1.132851
1.132853
1.132855
1.132857
1.132860
1.132862
1.132864
1.132866
1.132868
1.132870
1.132872
1.132874
1.132876
1.132878
1.132880
1.132882
1.132884
1.132886
1.132888
1.132890
1.132892
1.132894
1.132897
1.132899
1.132901
1.132903
1.132905
1.132907
1.132909
1.132911
1.132913
1.132915
1.132917
1.132919
1.132921
1.132923
1.132925
1.132927
1.132929
1.132931
1.132934
1.132936
1.132938
1.132940
1.132942
1.132944
1.132946
1.132948
1.132950
1.132952
1.132954
1.132956
1.132958
1.132960
1.132962
1.132964
1.132966
1.132968
1.132971
1.132973
1.132975
1.132977
1.132979
1.132981
1.132983
1.132985
1.132987
1.132989
1.132991
1.132993
1.132995
1.132997
1.132999
1.133001
1.133003
1.133005
1.133008
1.133010
1.133012
1.133014
1.133016
1.133018
1.133020
1.133022
1.133024
1.133026
1.133028
1.133030
1.133032
1.133034
1.133036
1.133038
1.133040
1.133042
1.133044
1.133046
1.133049
1.133051
1.133053
1.133055
1.133057
1.133059
1.133061
1.133063
1.133065
1.133067
1.133069
1.133071
1.133073
1.133075
1.133077
1.133079
1.133082
1.133084
1.133086
1.133088
1.133090
1.133092
1.133094
1.133096
1.133098
1.133100
1.133102
1.133104
1.133106
1.133108
1.133110
1.133112
1.133114
1.133116
1.133118
1.133121
1.133123
1.133125
1.133127
1.133129
1.133131
1.133133
1.133135
1.133137
1.133139
1.133141
1.133143
1.133145
1.133147
1.133149
1.133151
1.133153
1.133155
1.133158
1.133160
1.133162
1.133164
1.133166
1.133168
1.133170
1.133172
1.133174
1.133176
1.133178
1.133180
1.133182
1.133184
1.133186
1.133188
1.133190
1.133192
1.133195
1.133197
1.133199
1.133201
1.133203
1.133205
1.133207
1.133209
1.133211
1.133213
1.133215
1.133217
1.133219
1.133221
1.133223
1.133225
1.133227
1.133230
1.133232
1.133234
1.133236
1.133238
1.133240
1.133242
1.133244
1.133246
1.133248
1.133250
1.133252
1.133254
1.133256
1.133258
1.133260
1.133262
1.133264
1.133267
1.133269
1.133271
1.133273
1.133275
1.133277
1.133279
1.133281
1.133283
1.133285
1.133287
1.133289
1.133291
1.133293
1.133295
1.133297
1.133299
1.133301
1.133304
1.133306
1.133308
1.133310
1.133312
1.133314
1.133316
1.133318
1.133320
1.133322
1.133324
1.133326
1.133328
1.133330
1.133332
1.133334
1.133336
1.133338
1.133340
1.133343
1.133345
1.133347
1.133349
1.133351
1.133353
1.133355
1.133357
1.133359
1.133361
1.133363
1.133365
1.133367
1.133369
1.133371
1.133373
1.133375
1.133377
1.133379
1.133382
1.133384
1.133386
1.133388
1.133390
1.133392
1.133394
1.133396
1.133398
1.133400
1.133402
1.133404
1.133406
1.133408
1.133410
1.133413
1.133414
1.133417
1.133419
1.133421
1.133423
1.133425
1.133427
1.133429
1.133431
1.133433
1.133435
1.133437
1.133439
1.133441
1.133443
1.133445
1.133447
1.133449
1.133451
1.133454
1.133456
1.133458
1.133460
1.133462
1.133464
1.133466
1.133468
1.133470
1.133472
1.133474
1.133476
1.133478
1.133480
1.133482
1.133484
1.133486
1.133488
1.133491
1.133493
1.133495
1.133497
1.133499
1.133501
1.133503
1.133505
1.133507
1.133509
1.133511
1.133513
1.133515
1.133517
1.133519
1.133521
1.133523
1.133525
1.133528
1.133530
1.133532
1.133534
1.133536
1.133538
1.133540
1.133542
1.133544
1.133546
1.133548
1.133550
1.133552
1.133554
1.133556
1.133558
1.133560
1.133563
1.133565
1.133567
1.133569
1.133571
1.133573
1.133575
1.133577
1.133579
1.133581
1.133583
1.133585
1.133587
1.133589
1.133591
1.133593
1.133595
1.133597
1.133600
1.133602
1.133604
1.133606
1.133608
1.133610
1.133612
1.133614
1.133616
1.133618
1.133620
1.133622
1.133624
1.133626
1.133628
1.133630
1.133632
1.133635
1.133636
1.133639
1.133641
1.133643
1.133645
1.133647
1.133649
1.133651
1.133653
1.133655
1.133657
1.133659
1.133661
1.133663
1.133665
1.133667
1.133669
1.133671
1.133674
1.133676
1.133678
1.133680
1.133682
1.133684
1.133686
1.133688
1.133690
1.133692
1.133694
1.133696
1.133698
1.133700
1.133702
1.133704
1.133706
1.133709
1.133711
1.133713
1.133715
1.133717
1.133719
1.133721
1.133723
1.133725
1.133727
1.133729
1.133731
1.133733
1.133735
1.133737
1.133739
1.133741
1.133743
1.133745
1.133748
1.133750
1.133752
1.133754
1.133756
1.133758
1.133760
1.133762
1.133764
1.133766
1.133768
1.133770
1.133772
1.133774
1.133776
1.133778
1.133780
1.133783
1.133785
1.133787
1.133789
1.133791
1.133793
1.133795
1.133797
1.133799
1.133801
1.133803
1.133805
1.133807
1.133809
1.133811
1.133813
1.133815
1.133817
1.133820
1.133822
1.133824
1.133826
1.133828
1.133830
1.133832
1.133834
1.133836
1.133838
1.133840
1.133842
1.133844
1.133846
1.133848
1.133850
1.133852
1.133854
1.133856
1.133859
1.133861
1.133863
1.133865
1.133867
1.133869
1.133871
1.133873
1.133875
1.133877
1.133879
1.133881
1.133883
1.133885
1.133887
1.133889
1.133891
1.133894
1.133896
1.133898
1.133900
1.133902
1.133904
1.133906
1.133908
1.133910
1.133912
1.133914
1.133916
1.133918
1.133920
1.133922
1.133924
1.133926
1.133929
1.133931
1.133933
1.133935
1.133937
1.133939
1.133941
1.133943
1.133945
1.133947
1.133949
1.133951
1.133953
1.133955
1.133957
1.133959
1.133961
1.133963
1.133966
1.133968
1.133970
1.133972
1.133974
1.133976
1.133978
1.133980
1.133982
1.133984
1.133986
1.133988
1.133990
1.133992
1.133994
1.133996
1.133998
1.134000
1.134003
1.134005
1.134007
1.134009
1.134011
1.134013
1.134015
1.134017
1.134019
1.134021
1.134023
1.134025
1.134027
1.134029
1.134031
1.134033
1.134035
1.134037
1.134040
1.134042
1.134044
1.134046
1.134048
1.134050
1.134052
1.134054
1.134056
1.134058
1.134060
1.134062
1.134064
1.134066
1.134068
1.134070
1.134072
1.134074
1.134077
1.134079
1.134081
1.134083
1.134085
1.134087
1.134089
1.134091
1.134093
1.134095
1.134097
1.134099
1.134101
1.134103
1.134105
1.134107
1.134109
1.134112
1.134114
1.134116
1.134118
1.134120
1.134122
1.134124
1.134126
1.134128
1.134130
1.134132
1.134134
1.134136
1.134138
1.134140
1.134142
1.134144
1.134146
1.134149
1.134151
1.134153
1.134155
1.134157
1.134159
1.134161
1.134163
1.134165
1.134167
1.134169
1.134171
1.134173
1.134175
1.134177
1.134179
1.134181
1.134184
1.134186
1.134188
1.134190
1.134192
1.134194
1.134196
1.134198
1.134200
1.134202
1.134204
1.134206
1.134208
1.134210
1.134212
1.134214
1.134216
1.134218
1.134221
1.134223
1.134225
1.134227
1.134229
1.134231
1.134233
1.134235
1.134237
1.134239
1.134241
1.134243
1.134245
1.134247
1.134249
1.134251
1.134253
1.134255
1.134258
1.134260
1.134262
1.134264
1.134266
1.134268
1.134270
1.134272
1.134274
1.134276
1.134278
1.134280
1.134282
1.134284
1.134286
1.134288
1.134290
1.134293
1.134295
1.134297
1.134299
1.134301
1.134303
1.134305
1.134307
1.134309
1.134311
1.134313
1.134315
1.134317
1.134319
1.134321
1.134323
1.134325
1.134328
1.134330
1.134332
1.134334
1.134336
1.134338
1.134340
1.134342
1.134344
1.134346
1.134348
1.134350
1.134352
1.134354
1.134356
1.134358
1.134360
1.134362
1.134365
1.134367
1.134369
1.134371
1.134373
1.134375
1.134377
1.134379
1.134381
1.134383
1.134385
1.134387
1.134389
1.134391
1.134393
1.134395
1.134397
1.134399
1.134402
1.134404
1.134406
1.134408
1.134410
1.134412
1.134414
1.134416
1.134418
1.134420
1.134422
1.134424
1.134426
1.134428
1.134430
1.134432
1.134434
1.134437
1.134439
1.134441
1.134443
1.134445
1.134447
1.134449
1.134451
1.134453
1.134455
1.134457
1.134459
1.134461
1.134463
1.134465
1.134467
1.134469
1.134471
1.134474
1.134476
1.134478
1.134480
1.134482
1.134484
1.134486
1.134488
1.134490
1.134492
1.134494
1.134496
1.134498
1.134500
1.134502
1.134504
1.134506
1.134509
1.134511
1.134513
1.134515
1.134517
1.134519
1.134521
1.134523
1.134525
1.134527
1.134529
1.134531
1.134533
1.134535
1.134537
1.134539
1.134542
1.134543
1.134546
1.134548
1.134550
1.134552
1.134554
1.134556
1.134558
1.134560
1.134562
1.134564
1.134566
1.134568
1.134570
1.134572
1.134574
1.134576
1.134578
1.134580
1.134583
1.134585
1.134587
1.134589
1.134591
1.134593
1.134595
1.134597
1.134599
1.134601
1.134603
1.134605
1.134607
1.134609
1.134611
1.134614
1.134615
1.134618
1.134620
1.134622
1.134624
1.134626
1.134628
1.134630
1.134632
1.134634
1.134636
1.134638
1.134640
1.134642
1.134644
1.134646
1.134648
1.134650
1.134652
1.134655
1.134657
1.134659
1.134661
1.134663
1.134665
1.134667
1.134669
1.134671
1.134673
1.134675
1.134677
1.134679
1.134681
1.134683
1.134685
1.134688
1.134690
1.134692
1.134694
1.134696
1.134698
1.134700
1.134702
1.134704
1.134706
1.134708
1.134710
1.134712
1.134714
1.134716
1.134718
1.134720
1.134722
1.134725
1.134727
1.134729
1.134731
1.134733
1.134735
1.134737
1.134739
1.134741
1.134743
1.134745
1.134747
1.134749
1.134751
1.134753
1.134755
1.134757
1.134760
1.134762
1.134764
1.134766
1.134768
1.134770
1.134772
1.134774
1.134776
1.134778
1.134780
1.134782
1.134784
1.134786
1.134788
1.134790
1.134792
1.134794
1.134797
1.134799
1.134801
1.134803
1.134805
1.134807
1.134809
1.134811
1.134813
1.134815
1.134817
1.134819
1.134821
1.134823
1.134825
1.134827
1.134830
1.134832
1.134834
1.134836
1.134838
1.134840
1.134842
1.134844
1.134846
1.134848
1.134850
1.134852
1.134854
1.134856
1.134858
1.134860
1.134862
1.134864
1.134867
1.134869
1.134871
1.134873
1.134875
1.134877
1.134879
1.134881
1.134883
1.134885
1.134887
1.134889
1.134891
1.134893
1.134895
1.134897
1.134899
1.134902
1.134904
1.134905
1.134907
1.134909
1.134911
1.134912
1.134914
1.134916
1.134918
1.134920
1.134921
1.134923
1.134925
1.134927
1.134928
1.134930
1.134932
1.134934
1.134936
1.134937
1.134939
1.134941
1.134943
1.134945
1.134946
1.134948
1.134950
1.134952
1.134953
1.134955
1.134957
1.134959
1.134961
1.134962
1.134964
1.134966
1.134968
1.134970
1.134971
1.134973
1.134975
1.134977
1.134978
1.134980
1.134982
1.134984
1.134986
1.134987
1.134989
1.134991
1.134993
1.134995
1.134996
1.134998
1.135000
1.135002
1.135003
1.135005
1.135007
1.135009
1.135011
1.135012
1.135014
1.135016
1.135018
1.135019
1.135021
1.135023
1.135025
1.135027
1.135028
1.135030
1.135032
1.135034
1.135036
1.135037
1.135039
1.135041
1.135043
1.135044
1.135046
1.135048
1.135050
1.135052
1.135053
1.135055
1.135057
1.135059
1.135061
1.135062
1.135064
1.135066
1.135068
1.135070
1.135071
1.135073
1.135075
1.135077
1.135078
1.135080
1.135082
1.135084
1.135086
1.135087
1.135089
1.135091
1.135093
1.135094
1.135096
1.135098
1.135100
1.135102
1.135103
1.135105
1.135107
1.135109
1.135111
1.135112
1.135114
1.135116
1.135118
1.135119
1.135121
1.135123
1.135125
1.135127
1.135128
1.135130
1.135132
1.135134
1.135136
1.135137
1.135139
1.135141
1.135143
1.135144
1.135146
1.135148
1.135150
1.135152
1.135153
1.135155
1.135157
1.135159
1.135161
1.135162
1.135164
1.135166
1.135168
1.135169
1.135171
1.135173
1.135175
1.135177
1.135178
1.135180
1.135182
1.135184
1.135186
1.135187
1.135189
1.135191
1.135193
1.135194
1.135196
1.135198
1.135200
1.135202
1.135203
1.135205
1.135207
1.135209
1.135210
1.135212
1.135214
1.135216
1.135218
1.135219
1.135221
1.135223
1.135225
1.135227
1.135228
1.135230
1.135232
1.135234
1.135236
1.135237
1.135239
1.135241
1.135243
1.135244
1.135246
1.135248
1.135250
1.135252
1.135253
1.135255
1.135257
1.135259
1.135260
1.135262
1.135264
1.135266
1.135268
1.135269
1.135271
1.135273
1.135275
1.135277
1.135278
1.135280
1.135282
1.135284
1.135285
1.135287
1.135289
1.135291
1.135293
1.135294
1.135296
1.135298
1.135300
1.135302
1.135303
1.135305
1.135307
1.135309
1.135310
1.135312
1.135314
1.135316
1.135318
1.135319
1.135321
1.135323
1.135325
1.135327
1.135328
1.135330
1.135332
1.135334
1.135335
1.135337
1.135339
1.135341
1.135343
1.135344
1.135346
1.135348
1.135350
1.135352
1.135353
1.135355
1.135357
1.135359
1.135361
1.135362
1.135364
1.135366
1.135368
1.135369
1.135371
1.135373
1.135375
1.135376
1.135378
1.135379
1.135381
1.135383
1.135384
1.135386
1.135387
1.135389
1.135391
1.135392
1.135394
1.135395
1.135397
1.135399
1.135400
1.135402
1.135403
1.135405
1.135407
1.135408
1.135410
1.135411
1.135413
1.135415
1.135416
1.135418
1.135419
1.135421
1.135423
1.135424
1.135426
1.135427
1.135429
1.135430
1.135432
1.135434
1.135435
1.135437
1.135438
1.135440
1.135442
1.135443
1.135445
1.135446
1.135448
1.135450
1.135451
1.135453
1.135454
1.135456
1.135458
1.135459
1.135461
1.135462
1.135464
1.135466
1.135467
1.135469
1.135470
1.135472
1.135473
1.135475
1.135477
1.135478
1.135480
1.135481
1.135483
1.135485
1.135486
1.135488
1.135489
1.135491
1.135493
1.135494
1.135496
1.135497
1.135499
1.135501
1.135502
1.135504
1.135505
1.135507
1.135509
1.135510
1.135512
1.135513
1.135515
1.135517
1.135518
1.135520
1.135521
1.135523
1.135524
1.135526
1.135528
1.135529
1.135531
1.135532
1.135534
1.135536
1.135537
1.135539
1.135540
1.135542
1.135544
1.135545
1.135547
1.135548
1.135550
1.135552
1.135553
1.135555
1.135556
1.135558
1.135560
1.135561
1.135563
1.135564
1.135566
1.135567
1.135569
1.135571
1.135572
1.135574
1.135575
1.135577
1.135579
1.135580
1.135582
1.135583
1.135585
1.135587
1.135588
1.135590
1.135591
1.135593
1.135595
1.135596
1.135598
1.135599
1.135601
1.135603
1.135604
1.135606
1.135607
1.135609
1.135611
1.135612
1.135614
1.135615
1.135617
1.135618
1.135620
1.135622
1.135623
1.135625
1.135626
1.135628
1.135630
1.135631
1.135633
1.135634
1.135636
1.135638
1.135639
1.135641
1.135642
1.135644
1.135646
1.135647
1.135649
1.135650
1.135652
1.135654
1.135655
1.135657
1.135658
1.135660
1.135662
1.135663
1.135665
1.135666
1.135668
1.135670
1.135671
1.135673
1.135674
1.135676
1.135677
1.135679
1.135681
1.135682
1.135684
1.135685
1.135687
1.135689
1.135690
1.135692
1.135693
1.135695
1.135697
1.135698
1.135700
1.135701
1.135703
1.135705
1.135706
1.135708
1.135709
1.135711
1.135713
1.135714
1.135716
1.135717
1.135719
1.135721
1.135722
1.135724
1.135725
1.135727
1.135728
1.135730
1.135732
1.135733
1.135735
1.135736
1.135738
1.135740
1.135741
1.135743
1.135744
1.135746
1.135748
1.135749
1.135751
1.135752
1.135754
1.135756
1.135757
1.135759
1.135760
1.135762
1.135764
1.135765
1.135767
1.135768
1.135770
1.135772
1.135773
1.135775
1.135776
1.135778
1.135780
1.135781
1.135783
1.135784
1.135786
1.135787
1.135789
1.135791
1.135792
1.135794
1.135795
1.135797
1.135799
1.135800
1.135802
1.135803
1.135805
1.135807
1.135808
1.135810
1.135811
1.135813
1.135815
1.135816
1.135818
1.135819
1.135821
1.135822
1.135824
1.135826
1.135827
1.135829
1.135831
1.135832
1.135834
1.135835
1.135837
1.135838
1.135840
1.135842
1.135843
1.135845
1.135846
1.135848
1.135850
1.135851
1.135853
1.135854
1.135856
1.135858
1.135859
1.135861
1.135862
1.135864
1.135866
1.135867
1.135869
1.135870
1.135872
1.135874
1.135875
1.135877
1.135878
1.135880
1.135882
1.135883
1.135885
1.135886
1.135888
1.135890
1.135891
1.135893
1.135894
1.135896
1.135897
1.135899
1.135901
1.135902
1.135904
1.135905
1.135907
1.135909
1.135910
1.135912
1.135913
1.135915
1.135917
1.135918
1.135920
1.135921
1.135923
1.135925
1.135926
1.135928
1.135929
1.135931
1.135932
1.135934
1.135936
1.135937
1.135939
1.135940
1.135942
1.135944
1.135945
1.135947
1.135948
1.135950
1.135952
1.135953
1.135955
1.135956
1.135958
1.135960
1.135961
1.135963
1.135964
1.135966
1.135968
1.135969
1.135971
1.135972
1.135974
1.135976
1.135977
1.135979
1.135980
1.135982
1.135984
1.135985
1.135987
1.135988
1.135990
1.135992
1.135993
1.135995
1.135996
1.135998
1.136000
1.136001
1.136003
1.136004
1.136006
1.136007
1.136009
1.136011
1.136012
1.136014
1.136015
1.136017
1.136019
1.136020
1.136022
1.136023
1.136025
1.136027
1.136028
1.136030
1.136031
1.136033
1.136035
1.136036
1.136038
1.136039
1.136041
1.136042
1.136044
1.136046
1.136047
1.136049
1.136051
1.136052
1.136054
1.136055
1.136057
1.136058
1.136060
1.136062
1.136063
1.136065
1.136066
1.136068
1.136070
1.136071
1.136073
1.136074
1.136076
1.136078
1.136079
1.136081
1.136082
1.136084
1.136086
1.136087
1.136089
1.136090
1.136092
1.136094
1.136095
1.136097
1.136098
1.136100
1.136101
1.136103
1.136105
1.136106
1.136108
1.136109
1.136111
1.136113
1.136114
1.136116
1.136117
1.136119
1.136121
1.136122
1.136124
1.136125
1.136127
1.136129
1.136130
1.136132
1.136133
1.136135
1.136137
1.136138
1.136140
1.136141
1.136143
1.136145
1.136146
1.136148
1.136149
1.136151
1.136153
1.136154
1.136156
1.136157
1.136159
1.136161
1.136162
1.136164
1.136165
1.136167
1.136169
1.136170
1.136172
1.136173
1.136175
1.136176
1.136178
1.136180
1.136181
1.136183
1.136184
1.136186
1.136188
1.136189
1.136191
1.136192
1.136194
1.136196
1.136197
1.136199
1.136200
1.136202
1.136204
1.136205
1.136207
1.136208
1.136210
1.136212
1.136213
1.136215
1.136216
1.136218
1.136220
1.136221
1.136223
1.136224
1.136226
1.136227
1.136229
1.136231
1.136232
1.136234
1.136235
1.136237
1.136239
1.136240
1.136242
1.136243
1.136245
1.136247
1.136248
1.136250
1.136251
1.136253
1.136255
1.136256
1.136258
1.136259
1.136261
1.136263
1.136264
1.136266
1.136267
1.136269
1.136271
1.136272
1.136274
1.136275
1.136277
1.136279
1.136280
1.136282
1.136283
1.136285
1.136287
1.136288
1.136290
1.136291
1.136293
1.136294
1.136296
1.136298
1.136299
1.136301
1.136302
1.136304
1.136306
1.136307
1.136309
1.136310
1.136312
1.136314
1.136315
1.136317
1.136318
1.136320
1.136322
1.136323
1.136325
1.136326
1.136328
1.136330
1.136331
1.136333
1.136334
1.136336
1.136338
1.136339
1.136341
1.136342
1.136344
1.136346
1.136347
1.136349
1.136350
1.136352
1.136353
1.136355
1.136357
1.136358
1.136360
1.136361
1.136363
1.136365
1.136366
1.136368
1.136369
1.136371
1.136373
1.136374
1.136376
1.136377
1.136379
1.136381
1.136382
1.136384
1.136385
1.136387
1.136389
1.136390
1.136392
1.136393
1.136395
1.136396
1.136398
1.136400
1.136401
1.136403
1.136405
1.136406
1.136408
1.136409
1.136411
1.136412
1.136414
1.136416
1.136417
1.136419
1.136420
1.136422
1.136424
1.136425
1.136427
1.136428
1.136430
1.136432
1.136433
1.136435
1.136436
1.136438
1.136440
1.136441
1.136443
1.136444
1.136446
1.136448
1.136449
1.136451
1.136452
1.136454
1.136456
1.136457
1.136459
1.136460
1.136462
1.136464
1.136465
1.136467
1.136468
1.136470
1.136471
1.136473
1.136475
1.136476
1.136478
1.136479
1.136481
1.136483
1.136484
1.136486
1.136487
1.136489
1.136491
1.136492
1.136494
1.136495
1.136497
1.136499
1.136500
1.136502
1.136503
1.136505
1.136507
1.136508
1.136510
1.136511
1.136513
1.136515
1.136516
1.136518
1.136519
1.136521
1.136522
1.136524
1.136526
1.136527
1.136529
1.136531
1.136532
1.136534
1.136535
1.136537
1.136539
1.136540
1.136542
1.136543
1.136545
1.136546
1.136548
1.136550
1.136551
1.136553
1.136554
1.136556
1.136558
1.136559
1.136561
1.136562
1.136564
1.136566
1.136567
1.136569
1.136570
1.136572
1.136574
1.136575
1.136577
1.136578
1.136580
1.136582
1.136583
1.136585
1.136586
1.136588
1.136590
1.136591
1.136593
1.136594
1.136596
1.136597
1.136599
1.136601
1.136602
1.136604
1.136605
1.136607
1.136609
1.136610
1.136612
1.136613
1.136615
1.136617
1.136618
1.136620
1.136621
1.136623
1.136625
1.136626
1.136628
1.136629
1.136631
1.136633
1.136634
1.136636
1.136637
1.136639
1.136641
1.136642
1.136644
1.136645
1.136647
1.136649
1.136650
1.136652
1.136653
1.136655
1.136656
1.136658
1.136660
1.136661
1.136663
1.136664
1.136666
1.136668
1.136669
1.136671
1.136672
1.136674
1.136676
1.136677
1.136679
1.136680
1.136682
1.136684
1.136685
1.136687
1.136688
1.136690
1.136692
1.136693
1.136695
1.136696
1.136698
1.136700
1.136701
1.136703
1.136704
1.136706
1.136708
1.136709
1.136711
1.136712
1.136714
1.136716
1.136717
1.136719
1.136720
1.136722
1.136724
1.136725
1.136727
1.136728
1.136730
1.136732
1.136733
1.136735
1.136736
1.136738
1.136739
1.136741
1.136743
1.136744
1.136746
1.136747
1.136749
1.136751
1.136752
1.136753
1.136755
1.136756
1.136757
1.136759
1.136760
1.136762
1.136763
1.136764
1.136766
1.136767
1.136768
1.136770
1.136771
1.136772
1.136774
1.136775
1.136776
1.136778
1.136779
1.136780
1.136782
1.136783
1.136785
1.136786
1.136787
1.136789
1.136790
1.136791
1.136793
1.136794
1.136795
1.136797
1.136798
1.136799
1.136801
1.136802
1.136804
1.136805
1.136806
1.136808
1.136809
1.136810
1.136812
1.136813
1.136814
1.136816
1.136817
1.136819
1.136820
1.136821
1.136823
1.136824
1.136825
1.136827
1.136828
1.136829
1.136831
1.136832
1.136833
1.136835
1.136836
1.136837
1.136839
1.136840
1.136842
1.136843
1.136844
1.136846
1.136847
1.136848
1.136850
1.136851
1.136852
1.136854
1.136855
1.136856
1.136858
1.136859
1.136861
1.136862
1.136863
1.136865
1.136866
1.136867
1.136869
1.136870
1.136871
1.136873
1.136874
1.136875
1.136877
1.136878
1.136880
1.136881
1.136882
1.136884
1.136885
1.136886
1.136888
1.136889
1.136890
1.136892
1.136893
1.136894
1.136896
1.136897
1.136898
1.136900
1.136901
1.136903
1.136904
1.136905
1.136907
1.136908
1.136909
1.136911
1.136912
1.136913
1.136915
1.136916
1.136918
1.136919
1.136920
1.136922
1.136923
1.136924
1.136926
1.136927
1.136928
1.136930
1.136931
1.136932
1.136934
1.136935
1.136936
1.136938
1.136939
1.136941
1.136942
1.136943
1.136945
1.136946
1.136947
1.136949
1.136950
1.136951
1.136953
1.136954
1.136955
1.136957
1.136958
1.136960
1.136961
1.136962
1.136964
1.136965
1.136966
1.136968
1.136969
1.136970
1.136972
1.136973
1.136975
1.136976
1.136977
1.136979
1.136980
1.136981
1.136983
1.136984
1.136985
1.136987
1.136988
1.136989
1.136991
1.136992
1.136993
1.136995
1.136996
1.136998
1.136999
1.137000
1.137002
1.137003
1.137004
1.137006
1.137007
1.137008
1.137010
1.137011
1.137012
1.137014
1.137015
1.137017
1.137018
1.137019
1.137021
1.137022
1.137023
1.137025
1.137026
1.137027
1.137029
1.137030
1.137031
1.137033
1.137034
1.137036
1.137037
1.137038
1.137040
1.137041
1.137042
1.137044
1.137045
1.137046
1.137048
1.137049
1.137050
1.137052
1.137053
1.137054
1.137056
1.137057
1.137059
1.137060
1.137061
1.137063
1.137064
1.137065
1.137067
1.137068
1.137069
1.137071
1.137072
1.137073
1.137075
1.137076
1.137078
1.137079
1.137080
1.137082
1.137083
1.137084
1.137086
1.137087
1.137089
1.137090
1.137091
1.137092
1.137094
1.137095
1.137097
1.137098
1.137099
1.137101
1.137102
1.137103
1.137105
1.137106
1.137107
1.137109
1.137110
1.137112
1.137113
1.137114
1.137116
1.137117
1.137118
1.137120
1.137121
1.137122
1.137124
1.137125
1.137126
1.137128
1.137129
1.137131
1.137132
1.137133
1.137135
1.137136
1.137137
1.137139
1.137140
1.137141
1.137143
1.137144
1.137145
1.137147
1.137148
1.137150
1.137151
1.137152
1.137154
1.137155
1.137156
1.137158
1.137159
1.137160
1.137162
1.137163
1.137164
1.137166
1.137167
1.137169
1.137170
1.137171
1.137173
1.137174
1.137175
1.137177
1.137178
1.137179
1.137181
1.137182
1.137183
1.137185
1.137186
1.137187
1.137189
1.137190
1.137192
1.137193
1.137194
1.137196
1.137197
1.137198
1.137200
1.137201
1.137202
1.137204
1.137205
1.137207
1.137208
1.137209
1.137211
1.137212
1.137213
1.137215
1.137216
1.137217
1.137219
1.137220
1.137221
1.137223
1.137224
1.137226
1.137227
1.137228
1.137230
1.137231
1.137232
1.137234
1.137235
1.137236
1.137238
1.137239
1.137240
1.137242
1.137243
1.137244
1.137246
1.137247
1.137249
1.137250
1.137251
1.137253
1.137254
1.137255
1.137257
1.137258
1.137259
1.137261
1.137262
1.137264
1.137265
1.137266
1.137268
1.137269
1.137270
1.137272
1.137273
1.137274
1.137276
1.137277
1.137278
1.137280
1.137281
1.137283
1.137284
1.137285
1.137287
1.137288
1.137289
1.137291
1.137292
1.137293
1.137295
1.137296
1.137297
1.137299
1.137300
1.137301
1.137303
1.137304
1.137306
1.137307
1.137308
1.137310
1.137311
1.137312
1.137314
1.137315
1.137316
1.137318
1.137319
1.137321
1.137322
1.137323
1.137325
1.137326
1.137327
1.137329
1.137330
1.137331
1.137333
1.137334
1.137335
1.137337
1.137338
1.137340
1.137341
1.137342
1.137344
1.137345
1.137346
1.137348
1.137349
1.137350
1.137352
1.137353
1.137354
1.137356
1.137357
1.137358
1.137360
1.137361
1.137363
1.137364
1.137365
1.137367
1.137368
1.137369
1.137371
1.137372
1.137373
1.137375
1.137376
1.137377
1.137379
1.137380
1.137382
1.137383
1.137384
1.137386
1.137387
1.137388
1.137390
1.137391
1.137392
1.137394
1.137395
1.137397
1.137398
1.137399
1.137401
1.137402
1.137403
1.137405
1.137406
1.137407
1.137409
1.137410
1.137411
1.137413
1.137414
1.137416
1.137417
1.137418
1.137420
1.137421
1.137422
1.137424
1.137425
1.137426
1.137428
1.137429
1.137430
1.137432
1.137433
1.137434
1.137436
1.137437
1.137439
1.137440
1.137441
1.137443
1.137444
1.137445
1.137447
1.137448
1.137449
1.137451
1.137452
1.137453
1.137455
1.137456
1.137458
1.137459
1.137460
1.137462
1.137463
1.137464
1.137466
1.137467
1.137468
1.137470
1.137471
1.137473
1.137474
1.137475
1.137477
1.137478
1.137479
1.137481
1.137482
1.137483
1.137485
1.137486
1.137487
1.137489
1.137490
1.137491
1.137493
1.137494
1.137496
1.137497
1.137498
1.137500
1.137501
1.137502
1.137504
1.137505
1.137506
1.137508
1.137509
1.137510
1.137512
1.137513
1.137515
1.137516
1.137517
1.137519
1.137520
1.137521
1.137523
1.137524
1.137525
1.137527
1.137528
1.137530
1.137531
1.137532
1.137534
1.137535
1.137536
1.137538
1.137539
1.137540
1.137542
1.137543
1.137544
1.137546
1.137547
1.137549
1.137550
1.137551
1.137553
1.137554
1.137555
1.137557
1.137558
1.137559
1.137561
1.137562
1.137563
1.137565
1.137566
1.137568
1.137569
1.137570
1.137572
1.137573
1.137574
1.137576
1.137577
1.137578
1.137580
1.137581
1.137582
1.137584
1.137585
1.137587
1.137588
1.137589
1.137591
1.137592
1.137593
1.137595
1.137596
1.137597
1.137599
1.137600
1.137602
1.137603
1.137604
1.137606
1.137607
1.137608
1.137610
1.137611
1.137612
1.137614
1.137615
1.137616
1.137618
1.137619
1.137620
1.137622
1.137623
1.137625
1.137626
1.137627
1.137629
1.137630
1.137631
1.137633
1.137634
1.137635
1.137637
1.137638
1.137639
1.137641
1.137642
1.137644
1.137645
1.137646
1.137648
1.137649
1.137650
1.137652
1.137653
1.137654
1.137656
1.137657
1.137659
1.137660
1.137661
1.137663
1.137664
1.137665
1.137667
1.137668
1.137669
1.137671
1.137672
1.137673
1.137675
1.137676
1.137677
1.137679
1.137680
1.137682
1.137683
1.137684
1.137686
1.137687
1.137688
1.137690
1.137691
1.137692
1.137694
1.137695
1.137696
1.137698
1.137699
1.137701
1.137702
1.137703
1.137705
1.137706
1.137707
1.137709
1.137710
1.137711
1.137713
1.137714
1.137715
1.137717
1.137718
1.137720
1.137721
1.137722
1.137724
1.137725
1.137726
1.137728
1.137729
1.137730
1.137732
1.137733
1.137735
1.137736
1.137737
1.137739
1.137740
1.137741
1.137743
1.137744
1.137745
1.137747
1.137748
1.137749
1.137751
1.137752
1.137753
1.137755
1.137756
1.137758
1.137759
1.137760
1.137762
1.137763
1.137764
1.137766
1.137767
1.137768
1.137770
1.137771
1.137772
1.137774
1.137775
1.137777
1.137778
1.137779
1.137781
1.137782
1.137783
1.137785
1.137786
1.137787
1.137789
1.137790
1.137792
1.137793
1.137794
1.137796
1.137797
1.137798
1.137800
1.137801
1.137802
1.137804
1.137805
1.137806
1.137808
1.137809
1.137811
1.137812
1.137813
1.137815
1.137816
1.137817
1.137819
1.137820
1.137821
1.137823
1.137824
1.137825
1.137827
1.137828
1.137830
1.137831
1.137832
1.137834
1.137835
1.137836
1.137838
1.137839
1.137840
1.137842
1.137843
1.137844
1.137846
1.137847
1.137849
1.137850
1.137851
1.137853
1.137854
1.137855
1.137857
1.137858
1.137859
1.137861
1.137862
1.137863
1.137865
1.137866
1.137868
1.137869
1.137870
1.137872
1.137873
1.137874
1.137876
1.137877
1.137878
1.137880
1.137881
1.137883
1.137884
1.137885
1.137887
1.137888
1.137889
1.137891
1.137892
1.137893
1.137895
1.137896
1.137897
1.137899
1.137900
1.137902
1.137903
1.137904
1.137906
1.137907
1.137908
1.137910
1.137911
1.137912
1.137914
1.137915
1.137916
1.137918
1.137919
1.137921
1.137922
1.137923
1.137925
1.137926
1.137927
1.137929
1.137930
1.137931
1.137933
1.137934
1.137935
1.137937
1.137938
1.137940
1.137941
1.137942
1.137944
1.137945
1.137946
1.137948
1.137949
1.137950
1.137952
1.137953
1.137954
1.137956
1.137957
1.137959
1.137960
1.137961
1.137963
1.137964
1.137965
1.137967
1.137968
1.137969
1.137971
1.137972
1.137973
1.137975
1.137976
1.137978
1.137979
1.137980
1.137982
1.137983
1.137984
1.137986
1.137987
1.137988
1.137990
1.137991
1.137992
1.137994
1.137995
1.137997
1.137998
1.137999
1.138001
1.138002
1.138003
1.138005
1.138006
1.138007
1.138009
1.138010
1.138011
1.138013
1.138014
1.138016
1.138017
1.138018
1.138020
1.138021
1.138022
1.138024
1.138025
1.138026
1.138028
1.138029
1.138031
1.138032
1.138033
1.138035
1.138036
1.138037
1.138039
1.138040
1.138041
1.138043
1.138044
1.138046
1.138047
1.138048
1.138050
1.138051
1.138052
1.138054
1.138055
1.138056
1.138058
1.138059
1.138060
1.138062
1.138063
1.138065
1.138066
1.138067
1.138069
1.138070
1.138071
1.138073
1.138074
1.138075
1.138077
1.138078
1.138079
1.138081
1.138082
1.138084
1.138085
1.138086
1.138088
1.138089
1.138090
1.138092
1.138093
1.138094
1.138096
1.138097
1.138098
1.138100
1.138101
1.138103
1.138104
1.138105
1.138107
1.138108
1.138109
1.138111
1.138112
1.138113
1.138115
1.138116
1.138117
1.138119
1.138120
1.138122
1.138123
1.138124
1.138126
1.138127
1.138128
1.138130
1.138131
1.138132
1.138134
1.138135
1.138136
1.138138
1.138139
1.138141
1.138142
1.138143
1.138145
1.138146
1.138147
1.138149
1.138150
1.138151
1.138153
1.138154
1.138155
1.138157
1.138158
1.138160
1.138161
1.138162
1.138164
1.138165
1.138166
1.138168
1.138169
1.138170
1.138172
1.138173
1.138174
1.138176
1.138177
1.138179
1.138180
1.138181
1.138183
1.138184
1.138185
1.138187
1.138188
1.138189
1.138191
1.138192
1.138194
1.138195
1.138196
1.138198
1.138199
1.138200
1.138202
1.138203
1.138204
1.138206
1.138207
1.138208
1.138210
1.138211
1.138213
1.138214
1.138215
1.138217
1.138218
1.138219
1.138221
1.138222
1.138223
1.138225
1.138226
1.138228
1.138229
1.138230
1.138232
1.138233
1.138234
1.138236
1.138237
1.138238
1.138240
1.138241
1.138242
1.138244
1.138245
1.138247
1.138248
1.138249
1.138251
1.138252
1.138253
1.138255
1.138256
1.138257
1.138259
1.138260
1.138261
1.138263
1.138264
1.138266
1.138267
1.138268
1.138270
1.138271
1.138272
1.138274
1.138275
1.138276
1.138278
1.138279
1.138280
1.138282
1.138283
1.138285
1.138286
1.138287
1.138289
1.138290
1.138291
1.138293
1.138294
1.138295
1.138297
1.138298
1.138299
1.138301
1.138302
1.138304
1.138305
1.138306
1.138308
1.138309
1.138310
1.138312
1.138313
1.138314
1.138316
1.138317
1.138318
1.138320
1.138321
1.138323
1.138324
1.138325
1.138327
1.138328
1.138329
1.138331
1.138332
1.138333
1.138335
1.138336
1.138338
1.138339
1.138340
1.138342
1.138343
1.138344
1.138346
1.138347
1.138348
1.138350
1.138351
1.138352
1.138354
1.138355
1.138356
1.138358
1.138359
1.138361
1.138362
1.138363
1.138365
1.138366
1.138367
1.138369
1.138370
1.138371
1.138373
1.138374
1.138376
1.138377
1.138378
1.138380
1.138381
1.138382
1.138384
1.138385
1.138386
1.138388
1.138389
1.138390
1.138392
1.138393
1.138395
1.138396
1.138397
1.138399
1.138400
1.138401
1.138403
1.138404
1.138405
1.138407
1.138408
1.138409
1.138411
1.138412
1.138414
1.138415
1.138416
1.138418
1.138419
1.138420
1.138422
1.138423
1.138424
1.138426
1.138427
1.138428
1.138430
1.138431
1.138433
1.138434
1.138435
1.138437
1.138438
1.138439
1.138441
1.138442
1.138443
1.138445
1.138446
1.138448
1.138449
1.138450
1.138452
1.138453
1.138454
1.138456
1.138457
1.138458
1.138460
1.138461
1.138462
1.138464
1.138465
1.138467
1.138468
1.138469
1.138471
1.138472
1.138473
1.138475
1.138476
1.138477
1.138479
1.138480
1.138482
1.138483
1.138484
1.138486
1.138487
1.138488
1.138490
1.138491
1.138492
1.138494
1.138495
1.138496
1.138498
1.138499
1.138501
1.138502
1.138503
1.138505
1.138506
1.138507
1.138509
1.138510
1.138511
1.138513
1.138514
1.138515
1.138517
1.138518
1.138520
1.138521
1.138522
1.138524
1.138525
1.138526
1.138528
1.138529
1.138530
1.138532
1.138533
1.138535
1.138536
1.138537
1.138539
1.138540
1.138541
1.138543
1.138544
1.138545
1.138547
1.138548
1.138549
1.138551
1.138552
1.138554
1.138555
1.138556
1.138558
1.138559
1.138560
1.138562
1.138563
1.138564
1.138566
1.138567
1.138568
1.138570
1.138571
1.138573
1.138574
1.138575
1.138577
1.138578
1.138579
1.138581
1.138582
1.138583
1.138585
1.138586
1.138587
1.138589
1.138590
1.138592
1.138593
1.138594
1.138596
1.138597
1.138598
1.138600
1.138601
1.138603
1.138604
1.138605
1.138606
1.138608
1.138609
1.138611
1.138612
1.138613
1.138615
1.138616
1.138617
1.138619
1.138620
1.138621
1.138623
1.138624
1.138626
1.138627
1.138628
1.138630
1.138631
1.138632
1.138634
1.138635
1.138636
1.138638
1.138639
1.138641
1.138642
1.138643
1.138645
1.138646
1.138647
1.138649
1.138650
1.138651
1.138653
1.138654
1.138655
1.138657
1.138658
1.138660
1.138661
1.138662
1.138664
1.138665
1.138666
1.138668
1.138669
1.138670
1.138672
1.138673
1.138674
1.138676
1.138677
1.138679
1.138680
1.138681
1.138683
1.138684
1.138685
1.138687
1.138688
1.138689
1.138691
1.138692
1.138694
1.138695
1.138696
1.138698
1.138699
1.138700
1.138702
1.138703
1.138704
1.138706
1.138707
1.138708
1.138710
1.138711
1.138713
1.138714
1.138715
1.138717
1.138718
1.138719
1.138721
1.138722
1.138723
1.138725
1.138726
1.138727
1.138729
1.138730
1.138732
1.138733
1.138734
1.138736
1.138737
1.138738
1.138740
1.138741
1.138742
1.138744
1.138745
1.138747
1.138748
1.138749
1.138751
1.138752
1.138753
1.138755
1.138756
1.138757
1.138759
1.138760
1.138761
1.138763
1.138764
1.138766
1.138767
1.138768
1.138770
1.138771
1.138772
1.138774
1.138775
1.138776
1.138778
1.138779
1.138781
1.138782
1.138783
1.138785
1.138786
1.138787
1.138789
1.138790
1.138791
1.138793
1.138794
1.138795
1.138797
1.138798
1.138800
1.138801
1.138802
1.138804
1.138805
1.138806
1.138808
1.138809
1.138810
1.138812
1.138813
1.138814
1.138816
1.138817
1.138819
1.138820
1.138821
1.138823
1.138824
1.138825
1.138827
1.138828
1.138829
1.138831
1.138832
1.138833
1.138835
1.138836
1.138838
1.138839
1.138840
1.138842
1.138843
1.138844
1.138846
1.138847
1.138848
1.138850
1.138851
1.138853
1.138854
1.138855
1.138857
1.138858
1.138859
1.138861
1.138862
1.138863
1.138865
1.138866
1.138867
1.138869
1.138870
1.138872
1.138873
1.138874
1.138876
1.138877
1.138878
1.138880
1.138881
1.138882
1.138884
1.138885
1.138886
1.138888
1.138889
1.138891
1.138892
1.138893
1.138895
1.138896
1.138897
1.138899
1.138900
1.138901
1.138903
1.138904
1.138906
1.138907
1.138908
1.138910
1.138911
1.138912
1.138914
1.138915
1.138916
1.138918
1.138919
1.138920
1.138922
1.138923
1.138925
1.138926
1.138927
1.138929
1.138930
1.138931
1.138933
1.138934
1.138935
1.138937
1.138938
1.138939
1.138941
1.138942
1.138944
1.138945
1.138946
1.138948
1.138949
1.138950
1.138952
1.138953
1.138955
1.138956
1.138957
1.138959
1.138960
1.138961
1.138963
1.138964
1.138965
1.138967
1.138968
1.138969
1.138971
1.138972
1.138973
1.138975
1.138976
1.138978
1.138979
1.138980
1.138982
1.138983
1.138984
1.138986
1.138987
1.138988
1.138990
1.138991
1.138992
1.138994
1.138995
1.138997
1.138998
1.138999
1.139001
1.139002
1.139003
1.139005
1.139006
1.139007
1.139009
1.139010
1.139012
1.139013
1.139014
1.139016
1.139017
1.139018
1.139020
1.139021
1.139022
1.139024
1.139025
1.139027
1.139028
1.139029
1.139031
1.139032
1.139033
1.139035
1.139036
1.139037
1.139039
1.139040
1.139041
1.139043
1.139044
1.139046
1.139047
1.139048
1.139050
1.139051
1.139052
1.139054
1.139055
1.139056
1.139058
1.139059
1.139061
1.139062
1.139063
1.139065
1.139066
1.139067
1.139069
1.139070
1.139071
1.139073
1.139074
1.139075
1.139077
1.139078
1.139080
1.139081
1.139082
1.139084
1.139085
1.139086
1.139088
1.139089
1.139090
1.139092
1.139093
1.139095
1.139096
1.139097
1.139099
1.139100
1.139101
1.139103
1.139104
1.139105
1.139107
1.139108
1.139109
1.139111
1.139112
1.139114
1.139115
1.139116
1.139118
1.139119
1.139120
1.139122
1.139123
1.139124
1.139126
1.139127
1.139128
1.139130
1.139131
1.139133
1.139134
1.139135
1.139137
1.139138
1.139139
1.139141
1.139142
1.139143
1.139145
1.139146
1.139148
1.139149
1.139150
1.139152
1.139153
1.139154
1.139156
1.139157
1.139158
1.139160
1.139161
1.139162
1.139164
1.139165
1.139166
1.139168
1.139169
1.139171
1.139172
1.139173
1.139175
1.139176
1.139177
1.139179
1.139180
1.139181
1.139183
1.139184
1.139186
1.139187
1.139188
1.139190
1.139191
1.139192
1.139194
1.139195
1.139196
1.139198
1.139199
1.139201
1.139202
1.139203
1.139205
1.139206
1.139207
1.139209
1.139210
1.139211
1.139213
1.139214
1.139216
1.139217
1.139218
1.139220
1.139221
1.139222
1.139224
1.139225
1.139226
1.139228
1.139229
1.139230
1.139232
1.139233
1.139235
1.139236
1.139237
1.139239
1.139240
1.139241
1.139243
1.139244
1.139245
1.139247
1.139248
1.139249
1.139251
1.139252
1.139254
1.139255
1.139256
1.139258
1.139259
1.139260
1.139262
1.139263
1.139264
1.139266
1.139267
1.139269
1.139270
1.139271
1.139273
1.139274
1.139275
1.139277
1.139278
1.139279
1.139281
1.139282
1.139283
1.139285
1.139286
1.139288
1.139289
1.139290
1.139292
1.139293
1.139294
1.139296
1.139297
1.139298
1.139300
1.139301
1.139302
1.139304
1.139305
1.139307
1.139308
1.139309
1.139311
1.139312
1.139313
1.139315
1.139316
1.139317
1.139319
1.139320
1.139322
1.139323
1.139324
1.139326
1.139327
1.139328
1.139330
1.139331
1.139332
1.139334
1.139335
1.139336
1.139338
1.139339
1.139341
1.139342
1.139343
1.139345
1.139346
1.139347
1.139349
1.139350
1.139351
1.139353
1.139354
1.139356
1.139357
1.139358
1.139360
1.139361
1.139362
1.139364
1.139365
1.139366
1.139368
1.139369
1.139370
1.139372
1.139373
1.139375
1.139376
1.139377
1.139379
1.139380
1.139381
1.139383
1.139384
1.139385
1.139387
1.139388
1.139390
1.139391
1.139392
1.139394
1.139395
1.139396
1.139398
1.139399
1.139400
1.139402
1.139403
1.139404
1.139406
1.139407
1.139409
1.139410
1.139411
1.139413
1.139414
1.139415
1.139417
1.139418
1.139419
1.139421
1.139422
1.139424
1.139425
1.139426
1.139428
1.139429
1.139430
1.139432
1.139433
1.139434
1.139436
1.139437
1.139438
1.139440
1.139441
1.139443
1.139444
1.139445
1.139447
1.139448
1.139449
1.139451
1.139452
1.139453
1.139455
1.139456
1.139458
1.139459
1.139460
1.139462
1.139463
1.139464
1.139466
1.139467
1.139468
1.139470
1.139471
1.139472
1.139474
1.139475
1.139477
1.139478
1.139479
1.139481
1.139482
1.139483
1.139485
1.139486
1.139488
1.139489
1.139490
1.139492
1.139493
1.139494
1.139496
1.139497
1.139498
1.139500
1.139501
1.139502
1.139504
1.139505
1.139506
1.139508
1.139509
1.139511
1.139512
1.139513
1.139515
1.139516
1.139517
1.139519
1.139520
1.139522
1.139523
1.139524
1.139525
1.139527
1.139528
1.139530
1.139531
1.139532
1.139534
1.139535
1.139536
1.139538
1.139539
1.139540
1.139542
1.139543
1.139545
1.139546
1.139547
1.139549
1.139550
1.139551
1.139553
1.139554
1.139556
1.139557
1.139558
1.139560
1.139561
1.139562
1.139564
1.139565
1.139566
1.139568
1.139569
1.139570
1.139572
1.139573
1.139575
1.139576
1.139577
1.139579
1.139580
1.139581
1.139583
1.139584
1.139585
1.139587
1.139588
1.139590
1.139591
1.139592
1.139594
1.139595
1.139596
1.139598
1.139599
1.139600
1.139602
1.139603
1.139604
1.139606
1.139607
1.139608
1.139610
1.139611
1.139613
1.139614
1.139615
1.139617
1.139618
1.139619
1.139621
1.139622
1.139623
1.139625
1.139626
1.139628
1.139629
1.139630
1.139632
1.139633
1.139634
1.139636
1.139637
1.139638
1.139640
1.139641
1.139643
1.139644
1.139645
1.139647
1.139648
1.139649
1.139651
1.139652
1.139653
1.139655
1.139656
1.139657
1.139659
1.139660
1.139662
1.139663
1.139664
1.139666
1.139667
1.139668
1.139670
1.139671
1.139672
1.139674
1.139675
1.139677
1.139678
1.139679
1.139681
1.139682
1.139683
1.139685
1.139686
1.139687
1.139689
1.139690
1.139692
1.139693
1.139694
1.139696
1.139697
1.139698
1.139700
1.139701
1.139702
1.139704
1.139705
1.139707
1.139708
1.139709
1.139711
1.139712
1.139713
1.139715
1.139716
1.139717
1.139719
1.139720
1.139721
1.139723
1.139724
1.139726
1.139727
1.139728
1.139730
1.139731
1.139732
1.139734
1.139735
1.139736
1.139738
1.139739
1.139740
1.139742
1.139743
1.139745
1.139746
1.139747
1.139749
1.139750
1.139751
1.139753
1.139754
1.139755
1.139757
1.139758
1.139760
1.139761
1.139762
1.139764
1.139765
1.139766
1.139768
1.139769
1.139770
1.139772
1.139773
1.139775
1.139776
1.139777
1.139779
1.139780
1.139781
1.139783
1.139784
1.139785
1.139787
1.139788
1.139789
1.139791
1.139792
1.139794
1.139795
1.139796
1.139798
1.139799
1.139800
1.139802
1.139803
1.139804
1.139806
1.139807
1.139809
1.139810
1.139811
1.139813
1.139814
1.139815
1.139817
1.139818
1.139819
1.139821
1.139822
1.139823
1.139825
1.139826
1.139828
1.139829
1.139830
1.139832
1.139833
1.139834
1.139836
1.139837
1.139838
1.139840
1.139841
1.139843
1.139844
1.139845
1.139847
1.139848
1.139849
1.139851
1.139852
1.139853
1.139855
1.139856
1.139857
1.139859
1.139860
1.139862
1.139863
1.139864
1.139866
1.139867
1.139868
1.139870
1.139871
1.139872
1.139874
1.139875
1.139877
1.139878
1.139879
1.139881
1.139882
1.139883
1.139885
1.139886
1.139887
1.139889
1.139890
1.139892
1.139893
1.139894
1.139896
1.139897
1.139898
1.139900
1.139901
1.139902
1.139904
1.139905
1.139906
1.139908
1.139909
1.139911
1.139912
1.139913
1.139915
1.139916
1.139917
1.139919
1.139920
1.139921
1.139923
1.139924
1.139926
1.139927
1.139928
1.139930
1.139931
1.139932
1.139934
1.139935
1.139936
1.139938
1.139939
1.139941
1.139942
1.139943
1.139945
1.139946
1.139947
1.139949
1.139950
1.139951
1.139953
1.139954
1.139955
1.139957
1.139958
1.139959
1.139961
1.139962
1.139964
1.139965
1.139966
1.139968
1.139969
1.139970
1.139972
1.139973
1.139975
1.139976
1.139977
1.139979
1.139980
1.139981
1.139983
1.139984
1.139985
1.139987
1.139988
1.139989
1.139991
1.139992
1.139994
1.139995
1.139996
1.139998
1.139999
1.140000
1.140002
1.140003
1.140004
1.140006
1.140007
1.140008
1.140010
1.140011
1.140013
1.140014
1.140015
1.140017
1.140018
1.140019
1.140021
1.140022
1.140023
1.140025
1.140026
1.140028
1.140029
1.140030
1.140032
1.140033
1.140034
1.140036
1.140037
1.140038
1.140040
1.140041
1.140043
1.140044
1.140045
1.140047
1.140048
1.140049
1.140051
1.140052
1.140053
1.140055
1.140056
1.140058
1.140059
1.140060
1.140062
1.140063
1.140064
1.140066
1.140067
1.140068
1.140070
1.140071
1.140072
1.140074
1.140075
1.140077
1.140078
1.140079
1.140081
1.140082
1.140083
1.140085
1.140086
1.140087
1.140089
1.140090
1.140092
1.140093
1.140094
1.140096
1.140097
1.140098
1.140100
1.140101
1.140102
1.140104
1.140105
1.140107
1.140108
1.140109
1.140111
1.140112
1.140113
1.140115
1.140116
1.140117
1.140119
1.140120
1.140121
1.140123
1.140124
1.140126
1.140127
1.140128
1.140130
1.140131
1.140132
1.140134
1.140135
1.140136
1.140138
1.140139
1.140141
1.140142
1.140143
1.140145
1.140146
1.140147
1.140149
1.140150
1.140151
1.140153
1.140154
1.140156
1.140157
1.140158
1.140160
1.140161
1.140162
1.140164
1.140165
1.140166
1.140168
1.140169
1.140170
1.140172
1.140173
1.140175
1.140176
1.140177
1.140179
1.140180
1.140181
1.140183
1.140184
1.140185
1.140187
1.140188
1.140190
1.140191
1.140192
1.140194
1.140195
1.140196
1.140198
1.140199
1.140200
1.140202
1.140203
1.140204
1.140206
1.140207
1.140209
1.140210
1.140211
1.140213
1.140214
1.140215
1.140217
1.140218
1.140219
1.140221
1.140222
1.140224
1.140225
1.140226
1.140228
1.140229
1.140230
1.140232
1.140233
1.140234
1.140236
1.140237
1.140239
1.140240
1.140241
1.140243
1.140244
1.140245
1.140247
1.140248
1.140249
1.140251
1.140252
1.140253
1.140255
1.140256
1.140258
1.140259
1.140260
1.140262
1.140263
1.140264
1.140266
1.140267
1.140268
1.140270
1.140271
1.140273
1.140274
1.140275
1.140277
1.140278
1.140279
1.140281
1.140282
1.140283
1.140285
1.140286
1.140288
1.140289
1.140290
1.140292
1.140293
1.140294
1.140296
1.140297
1.140298
1.140300
1.140301
1.140303
1.140304
1.140305
1.140307
1.140308
1.140309
1.140311
1.140312
1.140313
1.140315
1.140316
1.140317
1.140319
1.140320
1.140322
1.140323
1.140324
1.140326
1.140327
1.140328
1.140330
1.140331
1.140332
1.140334
1.140335
1.140337
1.140338
1.140339
1.140341
1.140342
1.140343
1.140345
1.140346
1.140347
1.140349
1.140350
1.140351
1.140353
1.140354
1.140356
1.140357
1.140358
1.140360
1.140361
1.140362
1.140364
1.140365
1.140366
1.140368
1.140369
1.140371
1.140372
1.140373
1.140375
1.140376
1.140377
1.140379
1.140380
1.140381
1.140383
1.140384
1.140386
1.140387
1.140388
1.140390
1.140391
1.140392
1.140394
1.140395
1.140396
1.140398
1.140399
1.140401
1.140402
1.140403
1.140405
1.140406
1.140407
1.140409
1.140410
1.140411
1.140413
1.140414
1.140416
1.140417
1.140418
1.140420
1.140421
1.140422
1.140424
1.140425
1.140426
1.140428
1.140429
1.140430
1.140432
1.140433
1.140435
1.140436
1.140437
1.140439
1.140440
1.140441
1.140443
1.140444
1.140445
1.140447
1.140448
1.140450
1.140451
1.140452
1.140454
1.140455
1.140456
1.140458
1.140459
1.140460
1.140462
1.140463
1.140464
1.140466
1.140467
1.140469
1.140470
1.140471
1.140473
1.140474
1.140475
1.140477
1.140478
1.140479
1.140481
1.140482
1.140484
1.140485
1.140486
1.140488
1.140489
1.140490
1.140492
1.140493
1.140494
1.140496
1.140497
1.140498
1.140500
1.140501
1.140503
1.140504
1.140505
1.140507
1.140508
1.140509
1.140511
1.140512
1.140514
1.140515
1.140516
1.140518
1.140519
1.140520
1.140522
1.140523
1.140524
1.140526
1.140527
1.140528
1.140530
1.140531
1.140533
1.140534
1.140535
1.140537
1.140538
1.140539
1.140541
1.140542
1.140543
1.140545
1.140546
1.140548
1.140549
1.140550
1.140552
1.140553
1.140554
1.140556
1.140557
1.140558
1.140560
1.140561
1.140563
1.140564
1.140565
1.140567
1.140568
1.140569
1.140571
1.140572
1.140573
1.140575
1.140576
1.140577
1.140579
1.140580
1.140582
1.140583
1.140584
1.140586
1.140587
1.140588
1.140590
1.140591
1.140592
1.140594
1.140595
1.140597
1.140598
1.140599
1.140601
1.140602
1.140603
1.140605
1.140606
1.140607
1.140609
1.140610
1.140612
1.140613
1.140614
1.140616
1.140617
1.140618
1.140620
1.140621
1.140622
1.140624
1.140625
1.140626
1.140628
1.140629
1.140631
1.140632
1.140633
1.140635
1.140636
1.140637
1.140639
1.140640
1.140641
1.140643
1.140644
1.140646
1.140647
1.140648
1.140650
1.140651
1.140652
1.140654
1.140655
1.140657
1.140658
1.140659
1.140661
1.140662
1.140663
1.140665
1.140666
1.140667
1.140669
1.140670
1.140671
1.140673
1.140674
1.140675
1.140677
1.140678
1.140680
1.140681
1.140682
1.140684
1.140685
1.140686
1.140688
1.140689
1.140691
1.140692
1.140693
1.140695
1.140696
1.140697
1.140699
1.140700
1.140701
1.140703
1.140704
1.140706
1.140707
1.140708
1.140710
1.140711
1.140712
1.140714
1.140715
1.140716
1.140718
1.140719
1.140720
1.140722
1.140723
1.140724
1.140726
1.140727
1.140729
1.140730
1.140731
1.140733
1.140734
1.140735
1.140737
1.140738
1.140740
1.140741
1.140742
1.140744
1.140745
1.140746
1.140748
1.140749
1.140750
1.140752
1.140753
1.140755
1.140756
1.140757
1.140759
1.140760
1.140761
1.140763
1.140764
1.140765
1.140767
1.140768
1.140770
1.140771
1.140772
1.140774
1.140775
1.140776
1.140778
1.140779
1.140780
1.140782
1.140783
1.140784
1.140786
1.140787
1.140789
1.140790
1.140791
1.140793
1.140794
1.140795
1.140797
1.140798
1.140799
1.140801
1.140802
1.140804
1.140805
1.140806
1.140808
1.140809
1.140810
1.140812
1.140813
1.140814
1.140816
1.140817
1.140819
1.140820
1.140821
1.140823
1.140824
1.140825
1.140827
1.140828
1.140829
1.140831
1.140832
1.140833
1.140835
1.140836
1.140838
1.140839
1.140840
1.140842
1.140843
1.140844
1.140846
1.140847
1.140849
1.140850
1.140851
1.140853
1.140854
1.140855
1.140857
1.140858
1.140859
1.140861
1.140862
1.140863
1.140865
1.140866
1.140868
1.140869
1.140870
1.140872
1.140873
1.140874
1.140876
1.140877
1.140878
1.140880
1.140881
1.140883
1.140884
1.140885
1.140887
1.140888
1.140889
1.140891
1.140892
1.140893
1.140895
1.140896
1.140898
1.140899
1.140900
1.140902
1.140903
1.140904
1.140906
1.140907
1.140908
1.140910
1.140911
1.140913
1.140914
1.140915
1.140917
1.140918
1.140919
1.140921
1.140922
1.140923
1.140925
1.140926
1.140928
1.140929
1.140930
1.140932
1.140933
1.140934
1.140936
1.140937
1.140938
1.140940
1.140941
1.140943
1.140944
1.140945
1.140947
1.140948
1.140949
1.140951
1.140952
1.140953
1.140955
1.140956
1.140957
1.140959
1.140960
1.140962
1.140963
1.140964
1.140966
1.140967
1.140968
1.140970
1.140971
1.140972
1.140974
1.140975
1.140977
1.140978
1.140979
1.140981
1.140982
1.140983
1.140985
1.140986
1.140987
1.140989
1.140990
1.140991
1.140993
1.140994
1.140996
1.140997
1.140998
1.141000
1.141001
1.141002
1.141004
1.141005
1.141006
1.141008
1.141009
1.141011
1.141012
1.141013
1.141015
1.141016
1.141017
1.141019
1.141020
1.141022
1.141023
1.141024
1.141026
1.141027
1.141028
1.141030
1.141031
1.141032
1.141034
1.141035
1.141036
1.141038
1.141039
1.141041
1.141042
1.141043
1.141045
1.141046
1.141047
1.141049
1.141050
1.141051
1.141053
1.141054
1.141055
1.141057
1.141058
1.141060
1.141061
1.141062
1.141064
1.141065
1.141066
1.141068
1.141069
1.141071
1.141072
1.141073
1.141075
1.141076
1.141077
1.141079
1.141080
1.141081
1.141083
1.141084
1.141085
1.141087
1.141088
1.141090
1.141091
1.141092
1.141094
1.141095
1.141096
1.141098
1.141099
1.141100
1.141102
1.141103
1.141105
1.141106
1.141107
1.141109
1.141110
1.141111
1.141113
1.141114
1.141115
1.141117
1.141118
1.141120
1.141121
1.141122
1.141124
1.141125
1.141126
1.141128
1.141129
1.141130
1.141132
1.141133
1.141135
1.141136
1.141137
1.141139
1.141140
1.141141
1.141143
1.141144
1.141145
1.141147
1.141148
1.141150
1.141151
1.141152
1.141154
1.141155
1.141156
1.141158
1.141159
1.141160
1.141162
1.141163
1.141165
1.141166
1.141167
1.141169
1.141170
1.141171
1.141173
1.141174
1.141175
1.141177
1.141178
1.141179
1.141181
1.141182
1.141184
1.141185
1.141186
1.141188
1.141189
1.141190
1.141192
1.141193
1.141194
1.141196
1.141197
1.141198
1.141200
1.141201
1.141203
1.141204
1.141205
1.141207
1.141208
1.141209
1.141211
1.141212
1.141214
1.141215
1.141216
1.141218
1.141219
1.141220
1.141222
1.141223
1.141225
1.141226
1.141227
1.141229
1.141230
1.141231
1.141233
1.141234
1.141235
1.141237
1.141238
1.141239
1.141241
1.141242
1.141244
1.141245
1.141246
1.141248
1.141249
1.141250
1.141252
1.141253
1.141254
1.141256
1.141257
1.141258
1.141260
1.141261
1.141263
1.141264
1.141265
1.141267
1.141268
1.141269
1.141271
1.141272
1.141273
1.141275
1.141276
1.141278
1.141279
1.141280
1.141282
1.141283
1.141284
1.141286
1.141287
1.141289
1.141290
1.141291
1.141293
1.141294
1.141295
1.141297
1.141298
1.141299
1.141301
1.141302
1.141303
1.141305
1.141306
1.141308
1.141309
1.141310
1.141312
1.141313
1.141314
1.141316
1.141317
1.141318
1.141320
1.141321
1.141323
1.141324
1.141325
1.141327
1.141328
1.141329
1.141331
1.141332
1.141333
1.141335
1.141336
1.141338
1.141339
1.141340
1.141342
1.141343
1.141344
1.141346
1.141347
1.141348
1.141350
1.141351
1.141353
1.141354
1.141355
1.141357
1.141358
1.141359
1.141361
1.141362
1.141363
1.141365
1.141366
1.141368
1.141369
1.141370
1.141372
1.141373
1.141374
1.141376
1.141377
1.141378
1.141380
1.141381
1.141383
1.141384
1.141385
1.141387
1.141388
1.141389
1.141391
1.141392
1.141393
1.141395
1.141396
1.141398
1.141399
1.141400
1.141402
1.141403
1.141404
1.141406
1.141407
1.141408
1.141410
1.141411
1.141412
1.141414
1.141415
1.141417
1.141418
1.141419
1.141421
1.141422
1.141423
1.141425
1.141426
1.141428
1.141429
1.141430
1.141432
1.141433
1.141434
1.141436
1.141437
1.141438
1.141440
1.141441
1.141442
1.141444
1.141445
1.141447
1.141448
1.141449
1.141451
1.141452
1.141453
1.141455
1.141456
1.141457
1.141459
1.141460
1.141462
1.141463
1.141464
1.141466
1.141467
1.141468
1.141470
1.141471
1.141472
1.141474
1.141475
1.141477
1.141478
1.141479
1.141481
1.141482
1.141483
1.141485
1.141486
1.141487
1.141489
1.141490
1.141492
1.141493
1.141494
1.141496
1.141497
1.141498
1.141500
1.141501
1.141502
1.141504
1.141505
1.141507
1.141508
1.141509
1.141511
1.141512
1.141513
1.141515
1.141516
1.141517
1.141519
1.141520
1.141522
1.141523
1.141524
1.141526
1.141527
1.141528
1.141530
1.141531
1.141532
1.141534
1.141535
1.141536
1.141538
1.141539
1.141541
1.141542
1.141543
1.141545
1.141546
1.141547
1.141549
1.141550
1.141552
1.141553
1.141554
1.141556
1.141557
1.141558
1.141560
1.141561
1.141562
1.141564
1.141565
1.141566
1.141568
1.141569
1.141571
1.141572
1.141573
1.141575
1.141576
1.141577
1.141579
1.141580
1.141581
1.141583
1.141584
1.141586
1.141587
1.141588
1.141590
1.141591
1.141592
1.141594
1.141595
1.141596
1.141598
1.141599
1.141601
1.141602
1.141603
1.141605
1.141606
1.141607
1.141609
1.141610
1.141611
1.141613
1.141614
1.141616
1.141617
1.141618
1.141620
1.141621
1.141622
1.141624
1.141625
1.141626
1.141628
1.141629
1.141631
1.141632
1.141633
1.141635
1.141636
1.141637
1.141639
1.141640
1.141641
1.141643
1.141644
1.141646
1.141647
1.141648
1.141650
1.141651
1.141652
1.141654
1.141655
1.141656
1.141658
1.141659
1.141661
1.141662
1.141663
1.141665
1.141666
1.141667
1.141669
1.141670
1.141671
1.141673
1.141674
1.141676
1.141677
1.141678
1.141680
1.141681
1.141682
1.141684
1.141685
1.141686
1.141688
1.141689
1.141690
1.141692
1.141693
1.141695
1.141696
1.141697
1.141699
1.141700
1.141701
1.141703
1.141704
1.141705
1.141707
1.141708
1.141710
1.141711
1.141712
1.141714
1.141715
1.141716
1.141718
1.141719
1.141721
1.141722
1.141723
1.141725
1.141726
1.141727
1.141729
1.141730
1.141731
1.141733
1.141734
1.141736
1.141737
1.141738
1.141740
1.141741
1.141742
1.141744
1.141745
1.141746
1.141748
1.141749
1.141750
1.141752
1.141753
1.141755
1.141756
1.141757
1.141759
1.141760
1.141761
1.141763
1.141764
1.141766
1.141767
1.141768
1.141770
1.141771
1.141772
1.141774
1.141775
1.141776
1.141778
1.141779
1.141780
1.141782
1.141783
1.141785
1.141786
1.141787
1.141789
1.141790
1.141791
1.141793
1.141794
1.141795
1.141797
1.141798
1.141800
1.141801
1.141802
1.141804
1.141805
1.141806
1.141808
1.141809
1.141811
1.141812
1.141813
1.141815
1.141816
1.141817
1.141819
1.141820
1.141821
1.141823
1.141824
1.141825
1.141827
1.141828
1.141830
1.141831
1.141832
1.141834
1.141835
1.141836
1.141838
1.141839
1.141840
1.141842
1.141843
1.141845
1.141846
1.141847
1.141849
1.141850
1.141851
1.141853
1.141854
1.141855
1.141857
1.141858
1.141860
1.141861
1.141862
1.141864
1.141865
1.141866
1.141868
1.141869
1.141870
1.141872
1.141873
1.141875
1.141876
1.141877
1.141879
1.141880
1.141881
1.141883
1.141884
1.141885
1.141887
1.141888
1.141889
1.141891
1.141892
1.141894
1.141895
1.141896
1.141898
1.141899
1.141900
1.141902
1.141903
1.141905
1.141906
1.141907
1.141909
1.141910
1.141911
1.141913
1.141914
1.141915
1.141917
1.141918
1.141920
1.141921
1.141922
1.141924
1.141925
1.141926
1.141928
1.141929
1.141930
1.141932
1.141933
1.141935
1.141936
1.141937
1.141939
1.141940
1.141941
1.141943
1.141944
1.141945
1.141947
1.141948
1.141950
1.141951
1.141952
1.141954
1.141955
1.141956
1.141958
1.141959
1.141960
1.141962
1.141963
1.141965
1.141966
1.141967
1.141969
1.141970
1.141971
1.141973
1.141974
1.141975
1.141977
1.141978
1.141980
1.141981
1.141982
1.141984
1.141985
1.141986
1.141988
1.141989
1.141990
1.141992
1.141993
1.141995
1.141996
1.141997
1.141999
1.142000
1.142001
1.142003
1.142004
1.142005
1.142007
1.142008
1.142010
1.142011
1.142012
1.142014
1.142015
1.142016
1.142018
1.142019
1.142020
1.142022
1.142023
1.142025
1.142026
1.142027
1.142029
1.142030
1.142031
1.142033
1.142034
1.142035
1.142037
1.142038
1.142040
1.142041
1.142042
1.142044
1.142045
1.142046
1.142048
1.142049
1.142050
1.142052
1.142053
1.142054
1.142056
1.142057
1.142059
1.142060
1.142061
1.142063
1.142064
1.142065
1.142067
1.142068
1.142069
1.142071
1.142072
1.142074
1.142075
1.142076
1.142078
1.142079
1.142080
1.142082
1.142083
1.142085
1.142086
1.142087
1.142089
1.142090
1.142091
1.142093
1.142094
1.142095
1.142097
1.142098
1.142100
1.142101
1.142102
1.142104
1.142105
1.142106
1.142108
1.142109
1.142110
1.142112
1.142113
1.142114
1.142116
1.142117
1.142119
1.142120
1.142121
1.142123
1.142124
1.142125
1.142127
1.142128
1.142130
1.142131
1.142132
1.142134
1.142135
1.142136
1.142138
1.142139
1.142140
1.142142
1.142143
1.142145
1.142146
1.142147
1.142149
1.142150
1.142151
1.142153
1.142154
1.142155
1.142157
1.142158
1.142159
1.142161
1.142162
1.142164
1.142165
1.142166
1.142168
1.142169
1.142170
1.142172
1.142173
1.142175
1.142176
1.142177
1.142179
1.142180
1.142181
1.142183
1.142184
1.142185
1.142187
1.142188
1.142190
1.142191
1.142192
1.142194
1.142195
1.142196
1.142198
1.142199
1.142200
1.142202
1.142203
1.142205
1.142206
1.142207
1.142209
1.142210
1.142211
1.142213
1.142214
1.142215
1.142217
1.142218
1.142219
1.142221
1.142222
1.142224
1.142225
1.142226
1.142228
1.142229
1.142230
1.142232
1.142233
1.142234
1.142236
1.142237
1.142239
1.142240
1.142241
1.142243
1.142244
1.142245
1.142247
1.142248
1.142250
1.142251
1.142252
1.142254
1.142255
1.142256
1.142258
1.142259
1.142260
1.142262
1.142263
1.142264
1.142266
1.142267
1.142269
1.142270
1.142271
1.142273
1.142274
1.142275
1.142277
1.142278
1.142280
1.142281
1.142282
1.142284
1.142285
1.142286
1.142288
1.142289
1.142290
1.142292
1.142293
1.142295
1.142296
1.142297
1.142299
1.142300
1.142301
1.142303
1.142304
1.142306
1.142307
1.142308
1.142310
1.142311
1.142312
1.142314
1.142315
1.142316
1.142318
1.142319
1.142320
1.142322
1.142323
1.142325
1.142326
1.142327
1.142329
1.142330
1.142331
1.142333
1.142334
1.142335
1.142337
1.142338
1.142340
1.142341
1.142342
1.142344
1.142345
1.142346
1.142348
1.142349
1.142350
1.142352
1.142353
1.142355
1.142356
1.142357
1.142359
1.142360
1.142361
1.142363
1.142364
1.142365
1.142367
1.142368
1.142370
1.142371
1.142372
1.142374
1.142375
1.142376
1.142378
1.142379
1.142380
1.142382
1.142383
1.142385
1.142386
1.142387
1.142389
1.142390
1.142391
1.142393
1.142394
1.142396
1.142397
1.142398
1.142400
1.142401
1.142402
1.142404
1.142405
1.142406
1.142408
1.142409
1.142410
1.142412
1.142413
1.142415
1.142416
1.142417
1.142419
1.142420
1.142421
1.142423
1.142424
1.142425
1.142427
1.142428
1.142430
1.142431
1.142432
1.142434
1.142435
1.142436
1.142438
1.142439
1.142440
1.142442
1.142443
1.142445
1.142446
1.142447
1.142449
1.142450
1.142451
1.142453
1.142454
1.142456
1.142457
1.142458
1.142460
1.142461
1.142462
1.142464
1.142465
1.142466
1.142468
1.142469
1.142470
1.142472
1.142473
1.142475
1.142476
1.142477
1.142479
1.142480
1.142481
1.142483
1.142484
1.142486
1.142487
1.142488
1.142490
1.142491
1.142492
1.142494
1.142495
1.142496
1.142498
1.142499
1.142500
1.142502
1.142503
1.142505
1.142506
1.142507
1.142509
1.142510
1.142511
1.142513
1.142514
1.142516
1.142517
1.142518
1.142520
1.142521
1.142522
1.142524
1.142525
1.142526
1.142528
1.142529
1.142531
1.142532
1.142533
1.142535
1.142536
1.142537
1.142539
1.142540
1.142541
1.142543
1.142544
1.142546
1.142547
1.142548
1.142550
1.142551
1.142552
1.142554
1.142555
1.142556
1.142558
1.142559
1.142561
1.142562
1.142563
1.142565
1.142566
1.142567
1.142569
1.142570
1.142571
1.142573
1.142574
1.142575
1.142577
1.142578
1.142580
1.142581
1.142582
1.142584
1.142585
1.142586
1.142588
1.142589
1.142591
1.142592
1.142593
1.142595
1.142596
1.142597
1.142599
1.142600
1.142601
1.142603
1.142604
1.142606
1.142607
1.142608
1.142610
1.142611
1.142612
1.142614
1.142615
1.142617
1.142618
1.142619
1.142621
1.142622
1.142623
1.142625
1.142626
1.142627
1.142629
1.142630
1.142632
1.142633
1.142634
1.142636
1.142637
1.142638
1.142640
1.142641
1.142642
1.142644
1.142645
1.142646
1.142648
1.142649
1.142651
1.142652
1.142653
1.142655
1.142656
1.142657
1.142659
1.142660
1.142662
1.142663
1.142664
1.142666
1.142667
1.142668
1.142670
1.142671
1.142672
1.142674
1.142675
1.142676
1.142678
1.142679
1.142681
1.142682
1.142683
1.142685
1.142686
1.142687
1.142689
1.142690
1.142692
1.142693
1.142694
1.142696
1.142697
1.142698
1.142700
1.142701
1.142702
1.142704
1.142705
1.142707
1.142708
1.142709
1.142711
1.142712
1.142713
1.142715
1.142716
1.142717
1.142719
1.142720
1.142722
1.142723
1.142724
1.142726
1.142727
1.142728
1.142730
1.142731
1.142732
1.142734
1.142735
1.142737
1.142738
1.142739
1.142741
1.142742
1.142743
1.142745
1.142746
1.142747
1.142749
1.142750
1.142752
1.142753
1.142754
1.142756
1.142757
1.142758
1.142760
1.142761
1.142762
1.142764
1.142765
1.142767
1.142768
1.142769
1.142771
1.142772
1.142773
1.142775
1.142776
1.142778
1.142779
1.142780
1.142782
1.142783
1.142784
1.142786
1.142787
1.142788
1.142790
1.142791
1.142792
1.142794
1.142795
1.142797
1.142798
1.142799
1.142801
1.142802
1.142803
1.142805
1.142806
1.142807
1.142809
1.142810
1.142812
1.142813
1.142814
1.142816
1.142817
1.142818
1.142820
1.142821
1.142823
1.142824
1.142825
1.142827
1.142828
1.142829
1.142831
1.142832
1.142833
1.142835
1.142836
1.142838
1.142839
1.142840
1.142842
1.142843
1.142844
1.142846
1.142847
1.142848
1.142850
1.142851
1.142852
1.142854
1.142855
1.142857
1.142858
1.142859
1.142861
1.142862
1.142863
1.142865
1.142866
1.142868
1.142869
1.142870
1.142872
1.142873
1.142874
1.142876
1.142877
1.142878
1.142880
1.142881
1.142883
1.142884
1.142885
1.142887
1.142888
1.142889
1.142891
1.142892
1.142893
1.142895
1.142896
1.142898
1.142899
1.142900
1.142902
1.142903
1.142904
1.142906
1.142907
1.142908
1.142910
1.142911
1.142913
1.142914
1.142915
1.142917
1.142918
1.142919
1.142921
1.142922
1.142924
1.142925
1.142926
1.142928
1.142929
1.142930
1.142932
1.142933
1.142934
1.142936
1.142937
1.142939
1.142940
1.142941
1.142943
1.142944
1.142945
1.142947
1.142948
1.142949
1.142951
1.142952
1.142953
1.142955
1.142956
1.142958
1.142959
1.142960
1.142962
1.142963
1.142964
1.142966
1.142967
1.142968
1.142970
1.142971
1.142973
1.142974
1.142975
1.142977
1.142978
1.142979
1.142981
1.142982
1.142984
1.142985
1.142986
1.142988
1.142989
1.142990
1.142992
1.142993
1.142994
1.142996
1.142997
1.142999
1.143000
1.143001
1.143003
1.143004
1.143005
1.143007
1.143008
1.143010
1.143011
1.143012
1.143014
1.143015
1.143016
1.143018
1.143019
1.143020
1.143022
1.143023
1.143025
1.143026
1.143027
1.143029
1.143030
1.143031
1.143033
1.143034
1.143035
1.143037
1.143038
1.143039
1.143041
1.143042
1.143044
1.143045
1.143046
1.143048
1.143049
1.143050
1.143052
1.143053
1.143054
1.143056
1.143057
1.143059
1.143060
1.143061
1.143063
1.143064
1.143065
1.143067
1.143068
1.143070
1.143071
1.143072
1.143074
1.143075
1.143076
1.143078
1.143079
1.143080
1.143082
1.143083
1.143085
1.143086
1.143087
1.143089
1.143090
1.143091
1.143093
1.143094
1.143095
1.143097
1.143098
1.143100
1.143101
1.143102
1.143104
1.143105
1.143106
1.143108
1.143109
1.143110
1.143112
1.143113
1.143115
1.143116
1.143117
1.143119
1.143120
1.143121
1.143123
1.143124
1.143125
1.143127
1.143128
1.143130
1.143131
1.143132
1.143134
1.143135
1.143136
1.143138
1.143139
1.143140
1.143142
1.143143
1.143145
1.143146
1.143147
1.143149
1.143150
1.143151
1.143153
1.143154
1.143156
1.143157
1.143158
1.143160
1.143161
1.143162
1.143164
1.143165
1.143167
1.143168
1.143169
1.143171
1.143172
1.143173
1.143175
1.143176
1.143177
1.143179
1.143180
1.143181
1.143183
1.143184
1.143186
1.143187
1.143188
1.143190
1.143191
1.143192
1.143194
1.143195
1.143196
1.143198
1.143199
1.143201
1.143202
1.143203
1.143205
1.143206
1.143207
1.143209
1.143210
1.143212
1.143213
1.143214
1.143216
1.143217
1.143218
1.143220
1.143221
1.143222
1.143224
1.143225
1.143226
1.143228
1.143229
1.143231
1.143232
1.143233
1.143235
1.143236
1.143237
1.143239
1.143240
1.143242
1.143243
1.143244
1.143246
1.143247
1.143248
1.143250
1.143251
1.143252
1.143254
1.143255
1.143257
1.143258
1.143259
1.143261
1.143262
1.143263
1.143265
1.143266
1.143267
1.143269
1.143270
1.143272
1.143273
1.143274
1.143276
1.143277
1.143278
1.143280
1.143281
1.143282
1.143284
1.143285
1.143287
1.143288
1.143289
1.143291
1.143292
1.143293
1.143295
1.143296
1.143298
1.143299
1.143300
1.143302
1.143303
1.143304
1.143306
1.143307
1.143308
1.143310
1.143311
1.143313
1.143314
1.143315
1.143317
1.143318
1.143319
1.143321
1.143322
1.143323
1.143325
1.143326
1.143328
1.143329
1.143330
1.143332
1.143333
1.143334
1.143336
1.143337
1.143338
1.143340
1.143341
1.143343
1.143344
1.143345
1.143347
1.143348
1.143349
1.143351
1.143352
1.143353
1.143355
1.143356
1.143358
1.143359
1.143360
1.143362
1.143363
1.143364
1.143366
1.143367
1.143369
1.143370
1.143371
1.143373
1.143374
1.143375
1.143377
1.143378
1.143379
1.143381
1.143382
1.143384
1.143385
1.143386
1.143388
1.143389
1.143390
1.143392
1.143393
1.143394
1.143396
1.143397
1.143399
1.143400
1.143401
1.143403
1.143404
1.143405
1.143407
1.143408
1.143409
1.143411
1.143412
1.143414
1.143415
1.143416
1.143418
1.143419
1.143420
1.143422
1.143423
1.143424
1.143426
1.143427
1.143429
1.143430
1.143431
1.143433
1.143434
1.143435
1.143437
1.143438
1.143439
1.143441
1.143442
1.143444
1.143445
1.143446
1.143448
1.143449
1.143450
1.143452
1.143453
1.143455
1.143456
1.143457
1.143459
1.143460
1.143461
1.143463
1.143464
1.143465
1.143467
1.143468
1.143470
1.143471
1.143472
1.143474
1.143475
1.143476
1.143478
1.143479
1.143480
1.143482
1.143483
1.143485
1.143486
1.143487
1.143489
1.143490
1.143491
1.143493
1.143494
1.143496
1.143497
1.143498
1.143500
1.143501
1.143502
1.143504
1.143505
1.143506
1.143508
1.143509
1.143511
1.143512
1.143513
1.143515
1.143516
1.143517
1.143519
1.143520
1.143521
1.143523
1.143524
1.143526
1.143527
1.143528
1.143530
1.143531
1.143532
1.143534
1.143535
1.143536
1.143538
1.143539
1.143541
1.143542
1.143543
1.143545
1.143546
1.143547
1.143549
1.143550
1.143551
1.143553
1.143554
1.143556
1.143557
1.143558
1.143560
1.143561
1.143562
1.143564
1.143565
1.143567
1.143568
1.143569
1.143571
1.143572
1.143573
1.143575
1.143576
1.143577
1.143579
1.143580
1.143582
1.143583
1.143584
1.143586
1.143587
1.143588
1.143590
1.143591
1.143592
1.143594
1.143595
1.143597
1.143598
1.143599
1.143601
1.143602
1.143603
1.143605
1.143606
1.143608
1.143609
1.143610
1.143611
1.143613
1.143614
1.143616
1.143617
1.143618
1.143620
1.143621
1.143623
1.143624
1.143625
1.143627
1.143628
1.143629
1.143631
1.143632
1.143633
1.143635
1.143636
1.143638
1.143639
1.143640
1.143642
1.143643
1.143644
1.143646
1.143647
1.143648
1.143650
1.143651
1.143653
1.143654
1.143655
1.143657
1.143658
1.143659
1.143661
1.143662
1.143663
1.143665
1.143666
1.143668
1.143669
1.143670
1.143672
1.143673
1.143674
1.143676
1.143677
1.143678
1.143680
1.143681
1.143683
1.143684
1.143685
1.143687
1.143688
1.143689
1.143691
1.143692
1.143694
1.143695
1.143696
1.143698
1.143699
1.143700
1.143702
1.143703
1.143704
1.143706
1.143707
1.143709
1.143710
1.143711
1.143713
1.143714
1.143715
1.143717
1.143718
1.143719
1.143721
1.143722
1.143724
1.143725
1.143726
1.143728
1.143729
1.143730
1.143732
1.143733
1.143734
1.143736
1.143737
1.143739
1.143740
1.143741
1.143743
1.143744
1.143745
1.143747
1.143748
1.143750
1.143751
1.143752
1.143754
1.143755
1.143756
1.143758
1.143759
1.143760
1.143762
1.143763
1.143765
1.143766
1.143767
1.143769
1.143770
1.143771
1.143773
1.143774
1.143775
1.143777
1.143778
1.143780
1.143781
1.143782
1.143784
1.143785
1.143786
1.143788
1.143789
1.143790
1.143792
1.143793
1.143795
1.143796
1.143797
1.143799
1.143800
1.143801
1.143803
1.143804
1.143805
1.143807
1.143808
1.143810
1.143811
1.143812
1.143814
1.143815
1.143816
1.143818
1.143819
1.143821
1.143822
1.143823
1.143825
1.143826
1.143827
1.143829
1.143830
1.143832
1.143833
1.143834
1.143836
1.143837
1.143838
1.143840
1.143841
1.143842
1.143844
1.143845
1.143847
1.143848
1.143849
1.143851
1.143852
1.143853
1.143855
1.143856
1.143857
1.143859
1.143860
1.143861
1.143863
1.143864
1.143866
1.143867
1.143868
1.143870
1.143871
1.143872
1.143874
1.143875
1.143877
1.143878
1.143879
1.143881
1.143882
1.143883
1.143885
1.143886
1.143887
1.143889
1.143890
1.143892
1.143893
1.143894
1.143896
1.143897
1.143898
1.143900
1.143901
1.143902
1.143904
1.143905
1.143907
1.143908
1.143909
1.143911
1.143912
1.143913
1.143915
1.143916
1.143918
1.143919
1.143920
1.143922
1.143923
1.143924
1.143926
1.143927
1.143928
1.143930
1.143931
1.143933
1.143934
1.143935
1.143937
1.143938
1.143939
1.143941
1.143942
1.143943
1.143945
1.143946
1.143948
1.143949
1.143950
1.143952
1.143953
1.143954
1.143956
1.143957
1.143959
1.143960
1.143961
1.143963
1.143964
1.143965
1.143967
1.143968
1.143969
1.143971
1.143972
1.143973
1.143975
1.143976
1.143978
1.143979
1.143980
1.143982
1.143983
1.143984
1.143986
1.143987
1.143989
1.143990
1.143991
1.143993
1.143994
1.143995
1.143997
1.143998
1.143999
1.144001
1.144002
1.144004
1.144005
1.144006
1.144008
1.144009
1.144010
1.144012
1.144013
1.144015
1.144016
1.144017
1.144019
1.144020
1.144021
1.144023
1.144024
1.144025
1.144027
1.144028
1.144030
1.144031
1.144032
1.144034
1.144035
1.144036
1.144038
1.144039
1.144040
1.144042
1.144043
1.144045
1.144046
1.144047
1.144049
1.144050
1.144051
1.144053
1.144054
1.144056
1.144057
1.144058
1.144060
1.144061
1.144062
1.144064
1.144065
1.144067
1.144068
1.144069
1.144071
1.144072
1.144073
1.144075
1.144076
1.144077
1.144079
1.144080
1.144081
1.144083
1.144084
1.144086
1.144087
1.144088
1.144090
1.144091
1.144092
1.144094
1.144095
1.144097
1.144098
1.144099
1.144101
1.144102
1.144103
1.144105
1.144106
1.144107
1.144109
1.144110
1.144111
1.144113
1.144114
1.144116
1.144117
1.144118
1.144120
1.144121
1.144122
1.144124
1.144125
1.144127
1.144128
1.144129
1.144131
1.144132
1.144133
1.144135
1.144136
1.144137
1.144139
1.144140
1.144142
1.144143
1.144144
1.144146
1.144147
1.144148
1.144150
1.144151
1.144152
1.144154
1.144155
1.144157
1.144158
1.144159
1.144161
1.144162
1.144163
1.144165
1.144166
1.144168
1.144169
1.144170
1.144172
1.144173
1.144174
1.144176
1.144177
1.144179
1.144180
1.144181
1.144183
1.144184
1.144185
1.144187
1.144188
1.144189
1.144191
1.144192
1.144194
1.144195
1.144196
1.144198
1.144199
1.144200
1.144202
1.144203
1.144204
1.144206
1.144207
1.144209
1.144210
1.144211
1.144213
1.144214
1.144215
1.144217
1.144218
1.144219
1.144221
1.144222
1.144224
1.144225
1.144226
1.144228
1.144229
1.144230
1.144232
1.144233
1.144234
1.144236
1.144237
1.144239
1.144240
1.144241
1.144243
1.144244
1.144245
1.144247
1.144248
1.144250
1.144251
1.144252
1.144254
1.144255
1.144256
1.144258
1.144259
1.144260
1.144262
1.144263
1.144265
1.144266
1.144267
1.144269
1.144270
1.144271
1.144273
1.144274
1.144276
1.144277
1.144278
1.144280
1.144281
1.144282
1.144284
1.144285
1.144286
1.144288
1.144289
1.144291
1.144292
1.144293
1.144295
1.144296
1.144297
1.144299
1.144300
1.144301
1.144303
1.144304
1.144306
1.144307
1.144308
1.144310
1.144311
1.144312
1.144314
1.144315
1.144317
1.144318
1.144319
1.144321
1.144322
1.144323
1.144325
1.144326
1.144327
1.144329
1.144330
1.144332
1.144333
1.144334
1.144336
1.144337
1.144338
1.144340
1.144341
1.144342
1.144344
1.144345
1.144347
1.144348
1.144349
1.144351
1.144352
1.144353
1.144355
1.144356
1.144358
1.144359
1.144360
1.144362
1.144363
1.144364
1.144366
1.144367
1.144368
1.144370
1.144371
1.144373
1.144374
1.144375
1.144377
1.144378
1.144379
1.144381
1.144382
1.144383
1.144385
1.144386
1.144388
1.144389
1.144390
1.144392
1.144393
1.144394
1.144396
1.144397
1.144398
1.144400
1.144401
1.144403
1.144404
1.144405
1.144407
1.144408
1.144409
1.144411
1.144412
1.144413
1.144415
1.144416
1.144418
1.144419
1.144420
1.144422
1.144423
1.144424
1.144426
1.144427
1.144429
1.144430
1.144431
1.144433
1.144434
1.144435
1.144437
1.144438
1.144439
1.144441
1.144442
1.144444
1.144445
1.144446
1.144448
1.144449
1.144450
1.144452
1.144453
1.144455
1.144456
1.144457
1.144459
1.144460
1.144461
1.144463
1.144464
1.144466
1.144467
1.144468
1.144470
1.144471
1.144472
1.144474
1.144475
1.144476
1.144478
1.144479
1.144480
1.144482
1.144483
1.144485
1.144486
1.144487
1.144489
1.144490
1.144491
1.144493
1.144494
1.144496
1.144497
1.144498
1.144500
1.144501
1.144502
1.144504
1.144505
1.144506
1.144508
1.144509
1.144511
1.144512
1.144513
1.144515
1.144516
1.144517
1.144519
1.144520
1.144522
1.144523
1.144524
1.144526
1.144527
1.144528
1.144530
1.144531
1.144532
1.144534
1.144535
1.144537
1.144538
1.144539
1.144541
1.144542
1.144543
1.144545
1.144546
1.144548
1.144549
1.144550
1.144552
1.144553
1.144554
1.144556
1.144557
1.144558
1.144560
1.144561
1.144563
1.144564
1.144565
1.144567
1.144568
1.144569
1.144571
1.144572
1.144573
1.144575
1.144576
1.144578
1.144579
1.144580
1.144582
1.144583
1.144584
1.144586
1.144587
1.144589
1.144590
1.144591
1.144593
1.144594
1.144595
1.144597
1.144598
1.144599
1.144601
1.144602
1.144604
1.144605
1.144606
1.144608
1.144609
1.144610
1.144612
1.144613
1.144614
1.144616
1.144617
1.144619
1.144620
1.144621
1.144623
1.144624
1.144625
1.144627
1.144628
1.144630
1.144631
1.144632
1.144634
1.144635
1.144636
1.144638
1.144639
1.144640
1.144642
1.144643
1.144645
1.144646
1.144647
1.144649
1.144650
1.144651
1.144653
1.144654
1.144655
1.144657
1.144658
1.144660
1.144661
1.144662
1.144664
1.144665
1.144666
1.144668
1.144669
1.144671
1.144672
1.144673
1.144675
1.144676
1.144677
1.144679
1.144680
1.144681
1.144683
1.144684
1.144685
1.144687
1.144688
1.144690
1.144691
1.144692
1.144694
1.144695
1.144696
1.144698
1.144699
1.144701
1.144702
1.144703
1.144705
1.144706
1.144707
1.144709
1.144710
1.144712
1.144713
1.144714
1.144716
1.144717
1.144718
1.144720
1.144721
1.144723
1.144724
1.144725
1.144727
1.144728
1.144729
1.144731
1.144732
1.144733
1.144735
1.144736
1.144738
1.144739
1.144740
1.144742
1.144743
1.144744
1.144746
1.144747
1.144748
1.144750
1.144751
1.144753
1.144754
1.144755
1.144757
1.144758
1.144759
1.144761
1.144762
1.144763
1.144765
1.144766
1.144768
1.144769
1.144770
1.144772
1.144773
1.144774
1.144776
1.144777
1.144779
1.144780
1.144781
1.144783
1.144784
1.144785
1.144787
1.144788
1.144789
1.144791
1.144792
1.144794
1.144795
1.144796
1.144798
1.144799
1.144800
1.144802
1.144803
1.144805
1.144806
1.144807
1.144809
1.144810
1.144811
1.144813
1.144814
1.144815
1.144817
1.144818
1.144820
1.144821
1.144822
1.144824
1.144825
1.144826
1.144828
1.144829
1.144830
1.144832
1.144833
1.144835
1.144836
1.144837
1.144839
1.144840
1.144841
1.144843
1.144844
1.144846
1.144847
1.144848
1.144850
1.144851
1.144852
1.144854
1.144855
1.144856
1.144858
1.144859
1.144861
1.144862
1.144863
1.144865
1.144866
1.144867
1.144869
1.144870
1.144871
1.144873
1.144874
1.144876
1.144877
1.144878
1.144880
1.144881
1.144882
1.144884
1.144885
1.144887
1.144888
1.144889
1.144891
1.144892
1.144893
1.144895
1.144896
1.144897
1.144899
1.144900
1.144902
1.144903
1.144904
1.144906
1.144907
1.144908
1.144910
1.144911
1.144913
1.144914
1.144915
1.144917
1.144918
1.144919
1.144921
1.144922
1.144923
1.144925
1.144926
1.144928
1.144929
1.144930
1.144932
1.144933
1.144934
1.144936
1.144937
1.144938
1.144940
1.144941
1.144943
1.144944
1.144945
1.144947
1.144948
1.144949
1.144951
1.144952
1.144953
1.144955
1.144956
1.144958
1.144959
1.144960
1.144962
1.144963
1.144965
1.144966
1.144967
1.144969
1.144970
1.144971
1.144973
1.144974
1.144975
1.144977
1.144978
1.144980
1.144981
1.144982
1.144984
1.144985
1.144986
1.144988
1.144989
1.144991
1.144992
1.144993
1.144995
1.144996
1.144997
1.144999
1.145000
1.145001
1.145003
1.145004
1.145006
1.145007
1.145008
1.145010
1.145011
1.145012
1.145014
1.145015
1.145016
1.145018
1.145019
1.145021
1.145022
1.145023
1.145025
1.145026
1.145027
1.145029
1.145030
1.145031
1.145033
1.145034
1.145036
1.145037
1.145038
1.145040
1.145041
1.145042
1.145044
1.145045
1.145047
1.145048
1.145049
1.145051
1.145052
1.145053
1.145055
1.145056
1.145057
1.145059
1.145060
1.145062
1.145063
1.145064
1.145066
1.145067
1.145068
1.145070
1.145071
1.145072
1.145074
1.145075
1.145077
1.145078
1.145079
1.145081
1.145082
1.145083
1.145085
1.145086
1.145088
1.145089
1.145090
1.145092
1.145093
1.145094
1.145096
1.145097
1.145098
1.145100
1.145101
1.145103
1.145104
1.145105
1.145107
1.145108
1.145109
1.145111
1.145112
1.145114
1.145115
1.145116
1.145118
1.145119
1.145120
1.145122
1.145123
1.145124
1.145126
1.145127
1.145129
1.145130
1.145131
1.145133
1.145134
1.145135
1.145137
1.145138
1.145140
1.145141
1.145142
1.145144
1.145145
1.145146
1.145148
1.145149
1.145150
1.145152
1.145153
1.145155
1.145156
1.145157
1.145159
1.145160
1.145161
1.145163
1.145164
1.145166
1.145167
1.145168
1.145170
1.145171
1.145172
1.145174
1.145175
1.145177
1.145178
1.145179
1.145181
1.145182
1.145183
1.145185
1.145186
1.145188
1.145189
1.145190
1.145191
1.145193
1.145194
1.145196
1.145197
1.145198
1.145200
1.145201
1.145202
1.145204
1.145205
1.145207
1.145208
1.145209
1.145211
1.145212
1.145213
1.145215
1.145216
1.145218
1.145219
1.145220
1.145222
1.145223
1.145224
1.145226
1.145227
1.145228
1.145230
1.145231
1.145233
1.145234
1.145235
1.145237
1.145238
1.145239
1.145241
1.145242
1.145244
1.145245
1.145246
1.145248
1.145249
1.145250
1.145252
1.145253
1.145254
1.145256
1.145257
1.145259
1.145260
1.145261
1.145263
1.145264
1.145265
1.145267
1.145268
1.145270
1.145271
1.145272
1.145274
1.145275
1.145276
1.145278
1.145279
1.145280
1.145282
1.145283
1.145285
1.145286
1.145287
1.145289
1.145290
1.145291
1.145293
1.145294
1.145295
1.145297
1.145298
1.145300
1.145301
1.145302
1.145304
1.145305
1.145306
1.145308
1.145309
1.145311
1.145312
1.145313
1.145315
1.145316
1.145317
1.145319
1.145320
1.145321
1.145323
1.145324
1.145326
1.145327
1.145328
1.145330
1.145331
1.145332
1.145334
1.145335
1.145337
1.145338
1.145339
1.145341
1.145342
1.145343
1.145345
1.145346
1.145347
1.145349
1.145350
1.145352
1.145353
1.145354
1.145356
1.145357
1.145358
1.145360
1.145361
1.145362
1.145364
1.145365
1.145367
1.145368
1.145369
1.145371
1.145372
1.145373
1.145375
1.145376
1.145378
1.145379
1.145380
1.145382
1.145383
1.145384
1.145386
1.145387
1.145388
1.145390
1.145391
1.145393
1.145394
1.145395
1.145397
1.145398
1.145399
1.145401
1.145402
1.145404
1.145405
1.145406
1.145408
1.145409
1.145410
1.145412
1.145413
1.145414
1.145416
1.145417
1.145419
1.145420
1.145421
1.145423
1.145424
1.145425
1.145427
1.145428
1.145430
1.145431
1.145432
1.145434
1.145435
1.145436
1.145438
1.145439
1.145440
1.145442
1.145443
1.145445
1.145446
1.145447
1.145449
1.145450
1.145451
1.145453
1.145454
1.145456
1.145457
1.145458
1.145460
1.145461
1.145462
1.145464
1.145465
1.145467
1.145468
1.145469
1.145471
1.145472
1.145473
1.145475
1.145476
1.145477
1.145479
1.145480
1.145482
1.145483
1.145484
1.145486
1.145487
1.145488
1.145490
1.145491
1.145493
1.145494
1.145495
1.145497
1.145498
1.145499
1.145501
1.145502
1.145503
1.145505
1.145506
1.145508
1.145509
1.145510
1.145512
1.145513
1.145514
1.145516
1.145517
1.145519
1.145520
1.145521
1.145523
1.145524
1.145525
1.145527
1.145528
1.145529
1.145531
1.145532
1.145534
1.145535
1.145536
1.145538
1.145539
1.145540
1.145542
1.145543
1.145545
1.145546
1.145547
1.145549
1.145550
1.145551
1.145553
1.145554
1.145555
1.145557
1.145558
1.145560
1.145561
1.145562
1.145564
1.145565
1.145566
1.145568
1.145569
1.145570
1.145572
1.145573
1.145575
1.145576
1.145577
1.145579
1.145580
1.145581
1.145583
1.145584
1.145586
1.145587
1.145588
1.145590
1.145591
1.145592
1.145594
1.145595
1.145596
1.145598
1.145599
1.145601
1.145602
1.145603
1.145605
1.145606
1.145607
1.145609
1.145610
1.145611
1.145613
1.145614
1.145616
1.145617
1.145618
1.145620
1.145621
1.145622
1.145624
1.145625
1.145627
1.145628
1.145629
1.145631
1.145632
1.145633
1.145635
1.145636
1.145638
1.145639
1.145640
1.145642
1.145643
1.145644
1.145646
1.145647
1.145648
1.145650
1.145651
1.145653
1.145654
1.145655
1.145657
1.145658
1.145659
1.145661
1.145662
1.145664
1.145665
1.145666
1.145668
1.145669
1.145670
1.145672
1.145673
1.145674
1.145676
1.145677
1.145679
1.145680
1.145681
1.145683
1.145684
1.145685
1.145687
1.145688
1.145690
1.145691
1.145692
1.145694
1.145695
1.145696
1.145698
1.145699
1.145700
1.145702
1.145703
1.145705
1.145706
1.145707
1.145709
1.145710
1.145711
1.145713
1.145714
1.145716
1.145717
1.145718
1.145720
1.145721
1.145722
1.145724
1.145725
1.145727
1.145728
1.145729
1.145731
1.145732
1.145733
1.145735
1.145736
1.145737
1.145739
1.145740
1.145742
1.145743
1.145744
1.145746
1.145747
1.145748
1.145750
1.145751
1.145752
1.145754
1.145755
1.145757
1.145758
1.145759
1.145761
1.145762
1.145763
1.145765
1.145766
1.145767
1.145769
1.145770
1.145772
1.145773
1.145774
1.145776
1.145777
1.145779
1.145780
1.145781
1.145783
1.145784
1.145785
1.145787
1.145788
1.145789
1.145791
1.145792
1.145793
1.145795
1.145796
1.145798
1.145799
1.145800
1.145802
1.145803
1.145805
1.145806
1.145807
1.145809
1.145810
1.145811
1.145813
1.145814
1.145815
1.145817
1.145818
1.145820
1.145821
1.145822
1.145824
1.145825
1.145826
1.145828
1.145829
1.145831
1.145832
1.145833
1.145835
1.145836
1.145837
1.145839
1.145840
1.145841
1.145843
1.145844
1.145846
1.145847
1.145848
1.145850
1.145851
1.145852
1.145854
1.145855
1.145856
1.145858
1.145859
1.145861
1.145862
1.145863
1.145865
1.145866
1.145867
1.145869
1.145870
1.145872
1.145873
1.145874
1.145876
1.145877
1.145878
1.145880
1.145881
1.145882
1.145884
1.145885
1.145887
1.145888
1.145889
1.145891
1.145892
1.145893
1.145895
1.145896
1.145898
1.145899
1.145900
1.145902
1.145903
1.145904
1.145906
1.145907
1.145909
1.145910
1.145911
1.145913
1.145914
1.145915
1.145917
1.145918
1.145919
1.145921
1.145922
1.145924
1.145925
1.145926
1.145928
1.145929
1.145930
1.145932
1.145933
1.145934
1.145936
1.145937
1.145939
1.145940
1.145941
1.145943
1.145944
1.145945
1.145947
1.145948
1.145950
1.145951
1.145952
1.145954
1.145955
1.145956
1.145958
1.145959
1.145961
1.145962
1.145963
1.145965
1.145966
1.145967
1.145969
1.145970
1.145972
1.145973
1.145974
1.145976
1.145977
1.145978
1.145980
1.145981
1.145982
1.145984
1.145985
1.145987
1.145988
1.145989
1.145991
1.145992
1.145993
1.145995
1.145996
1.145997
1.145999
1.146000
1.146002
1.146003
1.146004
1.146006
1.146007
1.146008
1.146010
1.146011
1.146013
1.146014
1.146015
1.146017
1.146018
1.146019
1.146021
1.146022
1.146023
1.146025
1.146026
1.146028
1.146029
1.146030
1.146032
1.146033
1.146034
1.146036
1.146037
1.146039
1.146040
1.146041
1.146043
1.146044
1.146045
1.146047
1.146048
1.146050
1.146051
1.146052
1.146054
1.146055
1.146056
1.146058
1.146059
1.146060
1.146062
1.146063
1.146065
1.146066
1.146067
1.146069
1.146070
1.146071
1.146073
1.146074
1.146075
1.146077
1.146078
1.146080
1.146081
1.146082
1.146084
1.146085
1.146087
1.146088
1.146089
1.146091
1.146092
1.146093
1.146095
1.146096
1.146097
1.146099
1.146100
1.146102
1.146103
1.146104
1.146106
1.146107
1.146108
1.146110
1.146111
1.146113
1.146114
1.146115
1.146117
1.146118
1.146119
1.146121
1.146122
1.146123
1.146125
1.146126
1.146128
1.146129
1.146130
1.146132
1.146133
1.146134
1.146136
1.146137
1.146139
1.146140
1.146141
1.146143
1.146144
1.146145
1.146147
1.146148
1.146150
1.146151
1.146152
1.146154
1.146155
1.146156
1.146158
1.146159
1.146160
1.146162
1.146163
1.146165
1.146166
1.146167
1.146169
1.146170
1.146171
1.146173
1.146174
1.146175
1.146177
1.146178
1.146180
1.146181
1.146182
1.146184
1.146185
1.146186
1.146188
1.146189
1.146190
1.146192
1.146193
1.146195
1.146196
1.146197
1.146199
1.146200
1.146201
1.146203
1.146204
1.146206
1.146207
1.146208
1.146210
1.146211
1.146212
1.146214
1.146215
1.146217
1.146218
1.146219
1.146221
1.146222
1.146223
1.146225
1.146226
1.146227
1.146229
1.146230
1.146232
1.146233
1.146234
1.146236
1.146237
1.146238
1.146240
1.146241
1.146243
1.146244
1.146245
1.146247
1.146248
1.146249
1.146251
1.146252
1.146253
1.146255
1.146256
1.146258
1.146259
1.146260
1.146262
1.146263
1.146264
1.146266
1.146267
1.146269
1.146270
1.146271
1.146273
1.146274
1.146275
1.146277
1.146278
1.146280
1.146281
1.146282
1.146284
1.146285
1.146286
1.146288
1.146289
1.146290
1.146292
1.146293
1.146295
1.146296
1.146297
1.146299
1.146300
1.146301
1.146303
1.146304
1.146306
1.146307
1.146308
1.146310
1.146311
1.146312
1.146314
1.146315
1.146316
1.146318
1.146319
1.146321
1.146322
1.146323
1.146325
1.146326
1.146327
1.146329
1.146330
1.146332
1.146333
1.146334
1.146336
1.146337
1.146338
1.146340
1.146341
1.146343
1.146344
1.146345
1.146347
1.146348
1.146349
1.146351
1.146352
1.146353
1.146355
1.146356
1.146358
1.146359
1.146360
1.146362
1.146363
1.146364
1.146366
1.146367
1.146369
1.146370
1.146371
1.146373
1.146374
1.146375
1.146377
1.146378
1.146379
1.146381
1.146382
1.146384
1.146385
1.146386
1.146388
1.146389
1.146390
1.146392
1.146393
1.146395
1.146396
1.146397
1.146399
1.146400
1.146401
1.146403
1.146404
1.146405
1.146407
1.146408
1.146410
1.146411
1.146412
1.146414
1.146415
1.146416
1.146418
1.146419
1.146421
1.146422
1.146423
1.146425
1.146426
1.146427
1.146429
1.146430
1.146432
1.146433
1.146434
1.146436
1.146437
1.146438
1.146440
1.146441
1.146442
1.146444
1.146445
1.146447
1.146448
1.146449
1.146451
1.146452
1.146453
1.146455
1.146456
1.146458
1.146459
1.146460
1.146462
1.146463
1.146464
1.146466
1.146467
1.146468
1.146470
1.146471
1.146473
1.146474
1.146475
1.146477
1.146478
1.146479
1.146481
1.146482
1.146484
1.146485
1.146486
1.146488
1.146489
1.146490
1.146492
1.146493
1.146494
1.146496
1.146497
1.146499
1.146500
1.146501
1.146503
1.146504
1.146505
1.146507
1.146508
1.146510
1.146511
1.146512
1.146514
1.146515
1.146516
1.146518
1.146519
1.146521
1.146522
1.146523
1.146525
1.146526
1.146527
1.146529
1.146530
1.146531
1.146533
1.146534
1.146536
1.146537
1.146538
1.146540
1.146541
1.146542
1.146544
1.146545
1.146547
1.146548
1.146549
1.146551
1.146552
1.146553
1.146555
1.146556
1.146557
1.146559
1.146560
1.146562
1.146563
1.146564
1.146566
1.146567
1.146568
1.146570
1.146571
1.146573
1.146574
1.146575
1.146577
1.146578
1.146579
1.146581
1.146582
1.146584
1.146585
1.146586
1.146588
1.146589
1.146590
1.146592
1.146593
1.146595
1.146596
1.146597
1.146599
1.146600
1.146601
1.146603
1.146604
1.146605
1.146607
1.146608
1.146610
1.146611
1.146612
1.146614
1.146615
1.146616
1.146618
1.146619
1.146621
1.146622
1.146623
1.146625
1.146626
1.146627
1.146629
1.146630
1.146631
1.146633
1.146634
1.146636
1.146637
1.146638
1.146640
1.146641
1.146642
1.146644
1.146645
1.146647
1.146648
1.146649
1.146651
1.146652
1.146653
1.146655
1.146656
1.146657
1.146659
1.146660
1.146662
1.146663
1.146664
1.146666
1.146667
1.146669
1.146670
1.146671
1.146673
1.146674
1.146675
1.146677
1.146678
1.146679
1.146681
1.146682
1.146684
1.146685
1.146686
1.146688
1.146689
1.146690
1.146692
1.146693
1.146695
1.146696
1.146697
1.146699
1.146700
1.146701
1.146703
1.146704
1.146705
1.146707
1.146708
1.146710
1.146711
1.146712
1.146714
1.146715
1.146716
1.146718
1.146719
1.146721
1.146722
1.146723
1.146725
1.146726
1.146727
1.146729
1.146730
1.146731
1.146733
1.146734
1.146736
1.146737
1.146738
1.146740
1.146741
1.146742
1.146744
1.146745
1.146747
1.146748
1.146749
1.146751
1.146752
1.146753
1.146755
1.146756
1.146758
1.146759
1.146760
1.146762
1.146763
1.146764
1.146766
1.146767
1.146768
1.146770
1.146771
1.146773
1.146774
1.146775
1.146777
1.146778
1.146779
1.146781
1.146782
1.146783
1.146785
1.146786
1.146788
1.146789
1.146790
1.146792
1.146793
1.146794
1.146796
1.146797
1.146799
1.146800
1.146801
1.146803
1.146804
1.146805
1.146807
1.146808
1.146810
1.146811
1.146812
1.146814
1.146815
1.146816
1.146818
1.146819
1.146821
1.146822
1.146823
1.146825
1.146826
1.146827
1.146829
1.146830
1.146832
1.146833
1.146834
1.146836
1.146837
1.146838
1.146840
1.146841
1.146842
1.146844
1.146845
1.146847
1.146848
1.146849
1.146851
1.146852
1.146853
1.146855
1.146856
1.146858
1.146859
1.146860
1.146862
1.146863
1.146864
1.146866
1.146867
1.146869
1.146870
1.146871
1.146873
1.146874
1.146875
1.146877
1.146878
1.146879
1.146881
1.146882
1.146884
1.146885
1.146886
1.146888
1.146889
1.146890
1.146892
1.146893
1.146894
1.146896
1.146897
1.146899
1.146900
1.146901
1.146903
1.146904
1.146905
1.146907
1.146908
1.146910
1.146911
1.146912
1.146914
1.146915
1.146916
1.146918
1.146919
1.146921
1.146922
1.146923
1.146925
1.146926
1.146927
1.146929
1.146930
1.146931
1.146933
1.146934
1.146936
1.146937
1.146938
1.146940
1.146941
1.146942
1.146944
1.146945
1.146947
1.146948
1.146949
1.146951
1.146952
1.146953
1.146955
1.146956
1.146958
1.146959
1.146960
1.146962
1.146963
1.146964
1.146966
1.146967
1.146968
1.146970
1.146971
1.146973
1.146974
1.146975
1.146977
1.146978
1.146979
1.146981
1.146982
1.146984
1.146985
1.146986
1.146988
1.146989
1.146990
1.146992
1.146993
1.146995
1.146996
1.146997
1.146999
1.147000
1.147001
1.147003
1.147004
1.147005
1.147007
1.147008
1.147010
1.147011
1.147012
1.147014
1.147015
1.147016
1.147018
1.147019
1.147021
1.147022
1.147023
1.147025
1.147026
1.147027
1.147029
1.147030
1.147032
1.147033
1.147034
1.147036
1.147037
1.147038
1.147040
1.147041
1.147042
1.147044
1.147045
1.147047
1.147048
1.147049
1.147051
1.147052
1.147053
1.147055
1.147056
1.147058
1.147059
1.147060
1.147062
1.147063
1.147064
1.147066
1.147067
1.147069
1.147070
1.147071
1.147073
1.147074
1.147075
1.147077
1.147078
1.147079
1.147081
1.147082
1.147084
1.147085
1.147086
1.147088
1.147089
1.147090
1.147092
1.147093
1.147095
1.147096
1.147097
1.147099
1.147100
1.147101
1.147103
1.147104
1.147106
1.147107
1.147108
1.147110
1.147111
1.147112
1.147114
1.147115
1.147116
1.147118
1.147119
1.147121
1.147122
1.147123
1.147125
1.147126
1.147127
1.147129
1.147130
1.147132
1.147133
1.147134
1.147136
1.147137
1.147138
1.147140
1.147141
1.147143
1.147144
1.147145
1.147147
1.147148
1.147149
1.147151
1.147152
1.147153
1.147155
1.147156
1.147158
1.147159
1.147160
1.147162
1.147163
1.147164
1.147166
1.147167
1.147169
1.147170
1.147171
1.147173
1.147174
1.147175
1.147177
1.147178
1.147179
1.147181
1.147182
1.147184
1.147185
1.147186
1.147188
1.147189
1.147190
1.147192
1.147193
1.147195
1.147196
1.147197
1.147199
1.147200
1.147201
1.147203
1.147204
1.147206
1.147207
1.147208
1.147210
1.147211
1.147212
1.147214
1.147215
1.147216
1.147218
1.147219
1.147221
1.147222
1.147223
1.147225
1.147226
1.147228
1.147229
1.147230
1.147232
1.147233
1.147234
1.147236
1.147237
1.147238
1.147240
1.147241
1.147243
1.147244
1.147245
1.147247
1.147248
1.147249
1.147251
1.147252
1.147254
1.147255
1.147256
1.147258
1.147259
1.147260
1.147262
1.147263
1.147265
1.147266
1.147267
1.147269
1.147270
1.147271
1.147273
1.147274
1.147275
1.147277
1.147278
1.147280
1.147281
1.147282
1.147284
1.147285
1.147286
1.147288
1.147289
1.147291
1.147292
1.147293
1.147295
1.147296
1.147297
1.147299
1.147300
1.147302
1.147303
1.147304
1.147306
1.147307
1.147308
1.147310
1.147311
1.147312
1.147314
1.147315
1.147317
1.147318
1.147319
1.147321
1.147322
1.147323
1.147325
1.147326
1.147327
1.147329
1.147330
1.147332
1.147333
1.147334
1.147336
1.147337
1.147339
1.147340
1.147341
1.147343
1.147344
1.147345
1.147347
1.147348
1.147349
1.147351
1.147352
1.147354
1.147355
1.147356
1.147358
1.147359
1.147360
1.147362
1.147363
1.147365
1.147366
1.147367
1.147369
1.147370
1.147371
1.147373
1.147374
1.147376
1.147377
1.147378
1.147380
1.147381
1.147382
1.147384
1.147385
1.147387
1.147388
1.147389
1.147391
1.147392
1.147393
1.147395
1.147396
1.147397
1.147399
1.147400
1.147402
1.147403
1.147404
1.147406
1.147407
1.147408
1.147410
1.147411
1.147412
1.147414
1.147415
1.147417
1.147418
1.147419
1.147421
1.147422
1.147423
1.147425
1.147426
1.147428
1.147429
1.147430
1.147432
1.147433
1.147434
1.147436
1.147437
1.147439
1.147440
1.147441
1.147443
1.147444
1.147445
1.147447
1.147448
1.147450
1.147451
1.147452
1.147454
1.147455
1.147456
1.147458
1.147459
1.147461
1.147462
1.147463
1.147465
1.147466
1.147467
1.147469
1.147470
1.147471
1.147473
1.147474
1.147476
1.147477
1.147478
1.147480
1.147481
1.147482
1.147484
1.147485
1.147487
1.147488
1.147489
1.147491
1.147492
1.147493
1.147495
1.147496
1.147497
1.147499
1.147500
1.147502
1.147503
1.147504
1.147506
1.147507
1.147508
1.147510
1.147511
1.147513
1.147514
1.147515
1.147517
1.147518
1.147519
1.147521
1.147522
1.147524
1.147525
1.147526
1.147528
1.147529
1.147530
1.147532
1.147533
1.147535
1.147536
1.147537
1.147539
1.147540
1.147541
1.147543
1.147544
1.147545
1.147547
1.147548
1.147550
1.147551
1.147552
1.147554
1.147555
1.147556
1.147558
1.147559
1.147561
1.147562
1.147563
1.147565
1.147566
1.147567
1.147569
1.147570
1.147572
1.147573
1.147574
1.147576
1.147577
1.147578
1.147580
1.147581
1.147583
1.147584
1.147585
1.147587
1.147588
